user_id,item_id,timestamp,state_label,comma_separated_list_of_features
0,6,1,0,0
1,7,2,0,0
2,8,3,0,0
3,3,4,0,0
4,4,5,0,0
5,4,6,0,0
6,8,7,0,0
7,5,8,0,0
0,6,9,0,0
1,7,10,0,0
2,8,11,0,0
3,3,12,0,0
4,4,13,0,0
5,4,14,0,0
6,8,15,0,0
7,2,16,0,0
0,6,17,0,0
1,6,18,0,0
2,8,19,0,0
3,1,20,0,0
4,2,21,0,0
5,4,22,0,0
6,2,23,0,0
7,1,24,0,0
0,6,25,0,0
1,6,26,0,0
2,8,27,0,0
3,1,28,0,0
4,1,29,0,0
5,1,30,0,0
6,2,31,0,0
7,1,32,0,0
0,5,33,0,0
1,6,34,0,0
2,8,35,0,0
3,1,36,0,0
4,1,37,0,0
5,3,38,0,0
6,1,39,0,0
7,1,40,0,0
0,5,41,0,0
1,6,42,0,0
2,8,43,0,0
3,1,44,0,0
4,2,45,0,0
5,5,46,0,0
6,1,47,0,0
7,1,48,0,0
0,8,49,0,0
1,6,50,0,0
2,8,51,0,0
3,8,52,0,0
4,2,53,0,0
5,1,54,0,0
6,8,55,0,0
7,1,56,0,0
0,5,57,0,0
1,6,58,0,0
2,8,59,0,0
3,1,60,0,0
4,2,61,0,0
5,7,62,0,0
6,8,63,0,0
7,1,64,0,0
0,2,65,0,0
1,6,66,0,0
2,8,67,0,0
3,3,68,0,0
4,2,69,0,0
5,7,70,0,0
6,1,71,0,0
7,1,72,0,0
0,2,73,0,0
1,7,74,0,0
2,8,75,0,0
3,3,76,0,0
4,4,77,0,0
5,1,78,0,0
6,1,79,0,0
7,1,80,0,0
0,2,81,0,0
1,7,82,0,0
2,1,83,0,0
3,2,84,0,0
4,2,85,0,0
5,5,86,0,0
6,1,87,0,0
7,1,88,0,0
0,2,89,0,0
1,7,90,0,0
2,1,91,0,0
3,2,92,0,0
4,4,93,0,0
5,5,94,0,0
6,1,95,0,0
7,2,96,0,0
0,2,97,0,0
1,7,98,0,0
2,1,99,0,0
3,2,100,0,0
4,2,101,0,0
5,1,102,0,0
6,1,103,0,0
7,1,104,0,0
0,2,105,0,0
1,1,106,0,0
2,2,107,0,0
3,2,108,0,0
4,4,109,0,0
5,1,110,0,0
6,1,111,0,0
7,2,112,0,0
0,2,113,0,0
1,1,114,0,0
2,2,115,0,0
3,2,116,0,0
4,1,117,0,0
5,1,118,0,0
6,1,119,0,0
7,1,120,0,0
0,2,121,0,0
1,1,122,0,0
2,2,123,0,0
3,2,124,0,0
4,4,125,0,0
5,1,126,0,0
6,1,127,0,0
7,1,128,0,0
0,2,129,0,0
1,1,130,0,0
2,2,131,0,0
3,2,132,0,0
4,1,133,0,0
5,1,134,0,0
6,1,135,0,0
7,1,136,0,0
0,2,137,0,0
1,1,138,0,0
2,2,139,0,0
3,2,140,0,0
4,1,141,0,0
5,1,142,0,0
6,1,143,0,0
7,1,144,0,0
0,2,145,0,0
1,1,146,0,0
2,1,147,0,0
3,2,148,0,0
4,4,149,0,0
5,1,150,0,0
6,1,151,0,0
7,1,152,0,0
0,2,153,0,0
1,1,154,0,0
2,2,155,0,0
3,2,156,0,0
4,4,157,0,0
5,1,158,0,0
6,1,159,0,0
7,2,160,0,0
0,2,161,0,0
1,1,162,0,0
2,1,163,0,0
3,3,164,0,0
4,4,165,0,0
5,1,166,0,0
6,1,167,0,0
7,1,168,0,0
0,2,169,0,0
1,1,170,0,0
2,1,171,0,0
3,3,172,0,0
4,4,173,0,0
5,8,174,0,0
6,1,175,0,0
7,1,176,0,0
0,2,177,0,0
1,1,178,0,0
2,2,179,0,0
3,3,180,0,0
4,4,181,0,0
5,1,182,0,0
6,1,183,0,0
7,1,184,0,0
0,2,185,0,0
1,1,186,0,0
2,2,187,0,0
3,3,188,0,0
4,4,189,0,0
5,1,190,0,0
6,1,191,0,0
7,1,192,0,0
0,8,193,0,0
1,1,194,0,0
2,2,195,0,0
3,3,196,0,0
4,4,197,0,0
5,1,198,0,0
6,1,199,0,0
7,1,200,0,0
0,2,201,0,0
1,1,202,0,0
2,2,203,0,0
3,2,204,0,0
4,2,205,0,0
5,7,206,0,0
6,1,207,0,0
7,1,208,0,0
0,2,209,0,0
1,1,210,0,0
2,2,211,0,0
3,2,212,0,0
4,2,213,0,0
5,2,214,0,0
6,1,215,0,0
7,1,216,0,0
0,2,217,0,0
1,1,218,0,0
2,2,219,0,0
3,2,220,0,0
4,4,221,0,0
5,2,222,0,0
6,1,223,0,0
7,2,224,0,0
0,2,225,0,0
1,1,226,0,0
2,2,227,0,0
3,2,228,0,0
4,1,229,0,0
5,2,230,0,0
6,1,231,0,0
7,2,232,0,0
0,4,233,0,0
1,1,234,0,0
2,2,235,0,0
3,1,236,0,0
4,1,237,0,0
5,8,238,0,0
6,1,239,0,0
7,1,240,0,0
0,6,241,0,0
1,1,242,0,0
2,2,243,0,0
3,1,244,0,0
4,1,245,0,0
5,2,246,0,0
6,1,247,0,0
7,1,248,0,0
0,6,249,0,0
1,1,250,0,0
2,1,251,0,0
3,1,252,0,0
4,0,253,0,0
5,7,254,0,0
6,1,255,0,0
7,1,256,0,0
0,6,257,0,0
1,7,258,0,0
2,8,259,0,0
3,1,260,0,0
4,0,261,0,0
5,1,262,0,0
6,8,263,0,0
7,1,264,0,0
0,2,265,0,0
1,7,266,0,0
2,8,267,0,0
3,1,268,0,0
4,0,269,0,0
5,1,270,0,0
6,8,271,0,0
7,3,272,0,0
0,5,273,0,0
1,7,274,0,0
2,8,275,0,0
3,1,276,0,0
4,4,277,0,0
5,1,278,0,0
6,8,279,0,0
7,3,280,0,0
0,5,281,0,0
1,6,282,0,0
2,8,283,0,0
3,1,284,0,0
4,4,285,0,0
5,1,286,0,0
6,0,287,0,0
7,4,288,0,0
0,5,289,0,0
1,7,290,0,0
2,8,291,0,0
3,1,292,0,0
4,4,293,0,0
5,1,294,0,0
6,1,295,0,0
7,5,296,0,0
0,5,297,0,0
1,7,298,0,0
2,8,299,0,0
3,1,300,0,0
4,4,301,0,0
5,1,302,0,0
6,1,303,0,0
7,3,304,0,0
0,6,305,0,0
1,7,306,0,0
2,8,307,0,0
3,1,308,0,0
4,4,309,0,0
5,1,310,0,0
6,8,311,0,0
7,1,312,0,0
0,6,313,0,0
1,7,314,0,0
2,8,315,0,0
3,1,316,0,0
4,4,317,0,0
5,1,318,0,0
6,0,319,0,0
7,1,320,0,0
0,5,321,0,0
1,7,322,0,0
2,8,323,0,0
3,1,324,0,0
4,4,325,0,0
5,1,326,0,0
6,0,327,0,0
7,4,328,0,0
0,5,329,0,0
1,7,330,0,0
2,8,331,0,0
3,1,332,0,0
4,4,333,0,0
5,1,334,0,0
6,8,335,0,0
7,4,336,0,0
0,5,337,0,0
1,4,338,0,0
2,8,339,0,0
3,1,340,0,0
4,4,341,0,0
5,1,342,0,0
6,0,343,0,0
7,4,344,0,0
0,4,345,0,0
1,4,346,0,0
2,8,347,0,0
3,1,348,0,0
4,4,349,0,0
5,1,350,0,0
6,0,351,0,0
7,4,352,0,0
0,6,353,0,0
1,7,354,0,0
2,8,355,0,0
3,1,356,0,0
4,4,357,0,0
5,1,358,0,0
6,0,359,0,0
7,4,360,0,0
0,6,361,0,0
1,7,362,0,0
2,8,363,0,0
3,1,364,0,0
4,4,365,0,0
5,1,366,0,0
6,0,367,0,0
7,4,368,0,0
0,5,369,0,0
1,7,370,0,0
2,8,371,0,0
3,1,372,0,0
4,4,373,0,0
5,3,374,0,0
6,8,375,0,0
7,4,376,0,0
0,5,377,0,0
1,6,378,0,0
2,1,379,0,0
3,7,380,0,0
4,4,381,0,0
5,5,382,0,0
6,1,383,0,0
7,4,384,0,0
0,5,385,0,0
1,7,386,0,0
2,8,387,0,0
3,7,388,0,0
4,4,389,0,0
5,1,390,0,0
6,1,391,0,0
7,5,392,0,0
0,6,393,0,0
1,5,394,0,0
2,8,395,0,0
3,7,396,0,0
4,4,397,0,0
5,1,398,0,0
6,8,399,0,0
7,0,400,0,0
0,5,401,0,0
1,6,402,0,0
2,8,403,0,0
3,1,404,0,0
4,4,405,0,0
5,1,406,0,0
6,8,407,0,0
7,0,408,0,0
0,6,409,0,0
1,6,410,0,0
2,8,411,0,0
3,1,412,0,0
4,4,413,0,0
5,1,414,0,0
6,1,415,0,0
7,0,416,0,0
0,5,417,0,0
1,6,418,0,0
2,8,419,0,0
3,1,420,0,0
4,4,421,0,0
5,1,422,0,0
6,1,423,0,0
7,0,424,0,0
0,6,425,0,0
1,6,426,0,0
2,8,427,0,0
3,1,428,0,0
4,4,429,0,0
5,2,430,0,0
6,8,431,0,0
7,2,432,0,0
0,6,433,0,0
1,6,434,0,0
2,8,435,0,0
3,1,436,0,0
4,4,437,0,0
5,7,438,0,0
6,1,439,0,0
7,2,440,0,0
0,5,441,0,0
1,6,442,0,0
2,8,443,0,0
3,1,444,0,0
4,4,445,0,0
5,7,446,0,0
6,1,447,0,0
7,2,448,0,0
0,6,449,0,0
1,6,450,0,0
2,8,451,0,0
3,1,452,0,0
4,4,453,0,0
5,5,454,0,0
6,1,455,0,0
7,0,456,0,0
0,7,457,0,0
1,7,458,0,0
2,0,459,0,0
3,1,460,0,0
4,4,461,0,0
5,2,462,0,0
6,0,463,0,0
7,0,464,0,0
0,6,465,0,0
1,6,466,0,0
2,8,467,0,0
3,1,468,0,0
4,4,469,0,0
5,2,470,0,0
6,0,471,0,0
7,0,472,0,0
0,6,473,0,0
1,6,474,0,0
2,1,475,0,0
3,2,476,0,0
4,4,477,0,0
5,1,478,0,0
6,0,479,0,0
7,0,480,0,0
0,6,481,0,0
1,6,482,0,0
2,1,483,0,0
3,2,484,0,0
4,4,485,0,0
5,1,486,0,0
6,0,487,0,0
7,5,488,0,0
0,6,489,0,0
1,6,490,0,0
2,8,491,0,0
3,2,492,0,0
4,4,493,0,0
5,1,494,0,0
6,8,495,0,0
7,5,496,0,0
0,5,497,0,0
1,7,498,0,0
2,1,499,0,0
3,1,500,0,0
4,4,501,0,0
5,1,502,0,0
6,8,503,0,0
7,5,504,0,0
0,5,505,0,0
1,7,506,0,0
2,2,507,0,0
3,1,508,0,0
4,4,509,0,0
5,2,510,0,0
6,8,511,0,0
7,5,512,0,0
0,5,513,0,0
1,6,514,0,0
2,1,515,0,0
3,1,516,0,0
4,4,517,0,0
5,1,518,0,0
6,1,519,0,0
7,7,520,0,0
0,6,521,0,0
1,6,522,0,0
2,1,523,0,0
3,1,524,0,0
4,4,525,0,0
5,3,526,0,0
6,1,527,0,0
7,4,528,0,0
0,6,529,0,0
1,1,530,0,0
2,1,531,0,0
3,1,532,0,0
4,4,533,0,0
5,1,534,0,0
6,1,535,0,0
7,4,536,0,0
0,2,537,0,0
1,1,538,0,0
2,1,539,0,0
3,1,540,0,0
4,4,541,0,0
5,1,542,0,0
6,8,543,0,0
7,3,544,0,0
0,2,545,0,0
1,1,546,0,0
2,1,547,0,0
3,1,548,0,0
4,4,549,0,0
5,8,550,0,0
6,8,551,0,0
7,4,552,0,0
0,2,553,0,0
1,1,554,0,0
2,1,555,0,0
3,1,556,0,0
4,4,557,0,0
5,1,558,0,0
6,8,559,0,0
7,4,560,0,0
0,4,561,0,0
1,1,562,0,0
2,1,563,0,0
3,1,564,0,0
4,4,565,0,0
5,1,566,0,0
6,8,567,0,0
7,4,568,0,0
0,2,569,0,0
1,6,570,0,0
2,2,571,0,0
3,1,572,0,0
4,4,573,0,0
5,1,574,0,0
6,4,575,0,0
7,3,576,0,0
0,4,577,0,0
1,7,578,0,0
2,1,579,0,0
3,1,580,0,0
4,4,581,0,0
5,1,582,0,0
6,4,583,0,0
7,3,584,0,0
0,2,585,0,0
1,6,586,0,0
2,8,587,0,0
3,1,588,0,0
4,4,589,0,0
5,1,590,0,0
6,4,591,0,0
7,1,592,0,0
0,6,593,0,0
1,7,594,0,0
2,8,595,0,0
3,1,596,0,0
4,4,597,0,0
5,1,598,0,0
6,0,599,0,0
7,5,600,0,0
0,5,601,0,0
1,7,602,0,0
2,8,603,0,0
3,1,604,0,0
4,4,605,0,0
5,1,606,0,0
6,0,607,0,0
7,5,608,0,0
0,5,609,0,0
1,7,610,0,0
2,8,611,0,0
3,1,612,0,0
4,4,613,0,0
5,1,614,0,0
6,0,615,0,0
7,1,616,0,0
0,5,617,0,0
1,7,618,0,0
2,8,619,0,0
3,1,620,0,0
4,4,621,0,0
5,1,622,0,0
6,8,623,0,0
7,3,624,0,0
0,5,625,0,0
1,7,626,0,0
2,8,627,0,0
3,1,628,0,0
4,4,629,0,0
5,1,630,0,0
6,8,631,0,0
7,5,632,0,0
0,5,633,0,0
1,7,634,0,0
2,8,635,0,0
3,1,636,0,0
4,4,637,0,0
5,1,638,0,0
6,3,639,0,0
7,5,640,0,0
0,6,641,0,0
1,7,642,0,0
2,8,643,0,0
3,1,644,0,0
4,4,645,0,0
5,1,646,0,0
6,8,647,0,0
7,3,648,0,0
0,5,649,0,0
1,7,650,0,0
2,8,651,0,0
3,1,652,0,0
4,4,653,0,0
5,1,654,0,0
6,8,655,0,0
7,3,656,0,0
0,5,657,0,0
1,6,658,0,0
2,8,659,0,0
3,1,660,0,0
4,4,661,0,0
5,1,662,0,0
6,8,663,0,0
7,3,664,0,0
0,5,665,0,0
1,7,666,0,0
2,8,667,0,0
3,1,668,0,0
4,4,669,0,0
5,1,670,0,0
6,8,671,0,0
7,3,672,0,0
0,5,673,0,0
1,4,674,0,0
2,8,675,0,0
3,1,676,0,0
4,4,677,0,0
5,1,678,0,0
6,8,679,0,0
7,3,680,0,0
0,5,681,0,0
1,4,682,0,0
2,8,683,0,0
3,2,684,0,0
4,4,685,0,0
5,1,686,0,0
6,8,687,0,0
7,3,688,0,0
0,5,689,0,0
1,6,690,0,0
2,8,691,0,0
3,3,692,0,0
4,4,693,0,0
5,1,694,0,0
6,8,695,0,0
7,3,696,0,0
0,5,697,0,0
1,7,698,0,0
2,8,699,0,0
3,3,700,0,0
4,4,701,0,0
5,1,702,0,0
6,2,703,0,0
7,5,704,0,0
0,5,705,0,0
1,7,706,0,0
2,8,707,0,0
3,3,708,0,0
4,4,709,0,0
5,2,710,0,0
6,2,711,0,0
7,0,712,0,0
0,6,713,0,0
1,7,714,0,0
2,8,715,0,0
3,3,716,0,0
4,4,717,0,0
5,2,718,0,0
6,0,719,0,0
7,0,720,0,0
0,5,721,0,0
1,7,722,0,0
2,8,723,0,0
3,3,724,0,0
4,4,725,0,0
5,2,726,0,0
6,2,727,0,0
7,0,728,0,0
0,5,729,0,0
1,7,730,0,0
2,8,731,0,0
3,3,732,0,0
4,4,733,0,0
5,2,734,0,0
6,8,735,0,0
7,0,736,0,0
0,5,737,0,0
1,7,738,0,0
2,8,739,0,0
3,3,740,0,0
4,4,741,0,0
5,2,742,0,0
6,8,743,0,0
7,0,744,0,0
0,5,745,0,0
1,6,746,0,0
2,8,747,0,0
3,3,748,0,0
4,4,749,0,0
5,2,750,0,0
6,8,751,0,0
7,0,752,0,0
0,5,753,0,0
1,7,754,0,0
2,8,755,0,0
3,3,756,0,0
4,4,757,0,0
5,1,758,0,0
6,8,759,0,0
7,2,760,0,0
0,5,761,0,0
1,7,762,0,0
2,8,763,0,0
3,3,764,0,0
4,4,765,0,0
5,1,766,0,0
6,8,767,0,0
7,0,768,0,0
0,5,769,0,0
1,7,770,0,0
2,8,771,0,0
3,3,772,0,0
4,4,773,0,0
5,1,774,0,0
6,8,775,0,0
7,1,776,0,0
0,5,777,0,0
1,7,778,0,0
2,8,779,0,0
3,3,780,0,0
4,4,781,0,0
5,1,782,0,0
6,2,783,0,0
7,3,784,0,0
0,5,785,0,0
1,4,786,0,0
2,8,787,0,0
3,3,788,0,0
4,4,789,0,0
5,1,790,0,0
6,2,791,0,0
7,3,792,0,0
0,5,793,0,0
1,7,794,0,0
2,8,795,0,0
3,3,796,0,0
4,4,797,0,0
5,1,798,0,0
6,2,799,0,0
7,3,800,0,0
0,5,801,0,0
1,7,802,0,0
2,8,803,0,0
3,3,804,0,0
4,4,805,0,0
5,1,806,0,0
6,2,807,0,0
7,3,808,0,0
0,5,809,0,0
1,7,810,0,0
2,8,811,0,0
3,2,812,0,0
4,4,813,0,0
5,1,814,0,0
6,2,815,0,0
7,4,816,0,0
0,5,817,0,0
1,7,818,0,0
2,8,819,0,0
3,1,820,0,0
4,4,821,0,0
5,1,822,0,0
6,8,823,0,0
7,4,824,0,0
0,8,825,0,0
1,4,826,0,0
2,8,827,0,0
3,1,828,0,0
4,4,829,0,0
5,1,830,0,0
6,2,831,0,0
7,5,832,0,0
0,8,833,0,0
1,7,834,0,0
2,8,835,0,0
3,1,836,0,0
4,4,837,0,0
5,1,838,0,0
6,2,839,0,0
7,3,840,0,0
0,7,841,0,0
1,7,842,0,0
2,8,843,0,0
3,1,844,0,0
4,4,845,0,0
5,5,846,0,0
6,2,847,0,0
7,4,848,0,0
0,8,849,0,0
1,7,850,0,0
2,8,851,0,0
3,1,852,0,0
4,4,853,0,0
5,5,854,0,0
6,1,855,0,0
7,1,856,0,0
0,8,857,0,0
1,8,858,0,0
2,8,859,0,0
3,1,860,0,0
4,4,861,0,0
5,5,862,0,0
6,8,863,0,0
7,3,864,0,0
0,8,865,0,0
1,8,866,0,0
2,8,867,0,0
3,1,868,0,0
4,4,869,0,0
5,5,870,0,0
6,8,871,0,0
7,1,872,0,0
0,8,873,0,0
1,8,874,0,0
2,8,875,0,0
3,1,876,0,0
4,4,877,0,0
5,5,878,0,0
6,8,879,0,0
7,1,880,0,0
0,7,881,0,0
1,8,882,0,0
2,8,883,0,0
3,1,884,0,0
4,4,885,0,0
5,5,886,0,0
6,8,887,0,0
7,1,888,0,0
0,7,889,0,0
1,8,890,0,0
2,8,891,0,0
3,1,892,0,0
4,4,893,0,0
5,5,894,0,0
6,8,895,0,0
7,1,896,0,0
0,8,897,0,0
1,8,898,0,0
2,8,899,0,0
3,3,900,0,0
4,4,901,0,0
5,5,902,0,0
6,8,903,0,0
7,1,904,0,0
0,5,905,0,0
1,1,906,0,0
2,1,907,0,0
3,3,908,0,0
4,4,909,0,0
5,1,910,0,0
6,1,911,0,0
7,1,912,0,0
0,7,913,0,0
1,1,914,0,0
2,1,915,0,0
3,1,916,0,0
4,1,917,0,0
5,1,918,0,0
6,1,919,0,0
7,1,920,0,0
0,7,921,0,0
1,8,922,0,0
2,1,923,0,0
3,3,924,0,0
4,4,925,0,0
5,1,926,0,0
6,1,927,0,0
7,1,928,0,0
0,7,929,0,0
1,8,930,0,0
2,1,931,0,0
3,3,932,0,0
4,4,933,0,0
5,1,934,0,0
6,1,935,0,0
7,7,936,0,0
0,7,937,0,0
1,1,938,0,0
2,8,939,0,0
3,3,940,0,0
4,4,941,0,0
5,1,942,0,0
6,1,943,0,0
7,7,944,0,0
0,7,945,0,0
1,8,946,0,0
2,8,947,0,0
3,3,948,0,0
4,4,949,0,0
5,1,950,0,0
6,1,951,0,0
7,0,952,0,0
0,6,953,0,0
1,1,954,0,0
2,8,955,0,0
3,1,956,0,0
4,2,957,0,0
5,1,958,0,0
6,1,959,0,0
7,0,960,0,0
0,6,961,0,0
1,7,962,0,0
2,8,963,0,0
3,1,964,0,0
4,4,965,0,0
5,1,966,0,0
6,8,967,0,0
7,0,968,0,0
0,6,969,0,0
1,7,970,0,0
2,8,971,0,0
3,1,972,0,0
4,2,973,0,0
5,1,974,0,0
6,8,975,0,0
7,0,976,0,0
0,7,977,0,0
1,7,978,0,0
2,8,979,0,0
3,1,980,0,0
4,2,981,0,0
5,1,982,0,0
6,8,983,0,0
7,1,984,0,0
0,7,985,0,0
1,7,986,0,0
2,8,987,0,0
3,2,988,0,0
4,4,989,0,0
5,1,990,0,0
6,1,991,0,0
7,1,992,0,0
0,5,993,0,0
1,7,994,0,0
2,8,995,0,0
3,1,996,0,0
4,4,997,0,0
5,1,998,0,0
6,1,999,0,0
7,1,1000,0,0
0,5,1001,0,0
1,7,1002,0,0
2,8,1003,0,0
3,1,1004,0,0
4,1,1005,0,0
5,1,1006,0,0
6,1,1007,0,0
7,1,1008,0,0
0,8,1009,0,0
1,1,1010,0,0
2,8,1011,0,0
3,1,1012,0,0
4,1,1013,0,0
5,1,1014,0,0
6,8,1015,0,0
7,1,1016,0,0
0,8,1017,0,0
1,7,1018,0,0
2,8,1019,0,0
3,1,1020,0,0
4,8,1021,0,0
5,1,1022,0,0
6,8,1023,0,0
7,0,1024,0,0
0,8,1025,0,0
1,8,1026,0,0
2,8,1027,0,0
3,1,1028,0,0
4,8,1029,0,0
5,1,1030,0,0
6,8,1031,0,0
7,0,1032,0,0
0,8,1033,0,0
1,8,1034,0,0
2,8,1035,0,0
3,1,1036,0,0
4,8,1037,0,0
5,5,1038,0,0
6,8,1039,0,0
7,0,1040,0,0
0,8,1041,0,0
1,1,1042,0,0
2,8,1043,0,0
3,1,1044,0,0
4,8,1045,0,0
5,5,1046,0,0
6,8,1047,0,0
7,0,1048,0,0
0,8,1049,0,0
1,1,1050,0,0
2,8,1051,0,0
3,1,1052,0,0
4,8,1053,0,0
5,5,1054,0,0
6,8,1055,0,0
7,7,1056,0,0
0,8,1057,0,0
1,1,1058,0,0
2,8,1059,0,0
3,1,1060,0,0
4,8,1061,0,0
5,5,1062,0,0
6,8,1063,0,0
7,6,1064,0,0
0,8,1065,0,0
1,1,1066,0,0
2,8,1067,0,0
3,1,1068,0,0
4,8,1069,0,0
5,5,1070,0,0
6,8,1071,0,0
7,5,1072,0,0
0,8,1073,0,0
1,8,1074,0,0
2,8,1075,0,0
3,1,1076,0,0
4,7,1077,0,0
5,5,1078,0,0
6,8,1079,0,0
7,5,1080,0,0
0,8,1081,0,0
1,1,1082,0,0
2,8,1083,0,0
3,2,1084,0,0
4,7,1085,0,0
5,5,1086,0,0
6,8,1087,0,0
7,5,1088,0,0
0,8,1089,0,0
1,1,1090,0,0
2,8,1091,0,0
3,2,1092,0,0
4,7,1093,0,0
5,5,1094,0,0
6,8,1095,0,0
7,5,1096,0,0
0,8,1097,0,0
1,8,1098,0,0
2,8,1099,0,0
3,2,1100,0,0
4,7,1101,0,0
5,5,1102,0,0
6,8,1103,0,0
7,5,1104,0,0
0,8,1105,0,0
1,8,1106,0,0
2,8,1107,0,0
3,2,1108,0,0
4,7,1109,0,0
5,5,1110,0,0
6,8,1111,0,0
7,4,1112,0,0
0,8,1113,0,0
1,8,1114,0,0
2,8,1115,0,0
3,1,1116,0,0
4,7,1117,0,0
5,5,1118,0,0
6,8,1119,0,0
7,4,1120,0,0
0,8,1121,0,0
1,8,1122,0,0
2,8,1123,0,0
3,1,1124,0,0
4,7,1125,0,0
5,7,1126,0,0
6,8,1127,0,0
7,4,1128,0,0
0,8,1129,0,0
1,8,1130,0,0
2,8,1131,0,0
3,1,1132,0,0
4,7,1133,0,0
5,7,1134,0,0
6,8,1135,0,0
7,4,1136,0,0
0,8,1137,0,0
1,8,1138,0,0
2,8,1139,0,0
3,2,1140,0,0
4,7,1141,0,0
5,7,1142,0,0
6,8,1143,0,0
7,5,1144,0,0
0,8,1145,0,0
1,8,1146,0,0
2,8,1147,0,0
3,1,1148,0,0
4,7,1149,0,0
5,7,1150,0,0
6,8,1151,0,0
7,5,1152,0,0
0,8,1153,0,0
1,8,1154,0,0
2,8,1155,0,0
3,1,1156,0,0
4,7,1157,0,0
5,7,1158,0,0
6,8,1159,0,0
7,5,1160,0,0
0,8,1161,0,0
1,8,1162,0,0
2,7,1163,0,0
3,1,1164,0,0
4,1,1165,0,0
5,7,1166,0,0
6,8,1167,0,0
7,5,1168,0,0
0,7,1169,0,0
1,8,1170,0,0
2,7,1171,0,0
3,1,1172,0,0
4,4,1173,0,0
5,8,1174,0,0
6,8,1175,0,0
7,5,1176,0,0
0,7,1177,0,0
1,8,1178,0,0
2,7,1179,0,0
3,1,1180,0,0
4,1,1181,0,0
5,8,1182,0,0
6,1,1183,0,0
7,5,1184,0,0
0,5,1185,0,0
1,8,1186,0,0
2,7,1187,0,0
3,3,1188,0,0
4,1,1189,0,0
5,8,1190,0,0
6,1,1191,0,0
7,5,1192,0,0
0,6,1193,0,0
1,8,1194,0,0
2,1,1195,0,0
3,3,1196,0,0
4,1,1197,0,0
5,1,1198,0,0
6,1,1199,0,0
7,5,1200,0,0
0,8,1201,0,0
1,8,1202,0,0
2,8,1203,0,0
3,8,1204,0,0
4,1,1205,0,0
5,1,1206,0,0
6,8,1207,0,0
7,1,1208,0,0
0,8,1209,0,0
1,8,1210,0,0
2,8,1211,0,0
3,6,1212,0,0
4,1,1213,0,0
5,1,1214,0,0
6,8,1215,0,0
7,1,1216,0,0
0,7,1217,0,0
1,1,1218,0,0
2,8,1219,0,0
3,5,1220,0,0
4,1,1221,0,0
5,7,1222,0,0
6,8,1223,0,0
7,1,1224,0,0
0,7,1225,0,0
1,8,1226,0,0
2,8,1227,0,0
3,5,1228,0,0
4,4,1229,0,0
5,7,1230,0,0
6,8,1231,0,0
7,3,1232,0,0
0,6,1233,0,0
1,7,1234,0,0
2,8,1235,0,0
3,5,1236,0,0
4,6,1237,0,0
5,7,1238,0,0
6,5,1239,0,0
7,3,1240,0,0
0,8,1241,0,0
1,1,1242,0,0
2,1,1243,0,0
3,5,1244,0,0
4,1,1245,0,0
5,7,1246,0,0
6,1,1247,0,0
7,1,1248,0,0
0,7,1249,0,0
1,7,1250,0,0
2,1,1251,0,0
3,5,1252,0,0
4,4,1253,0,0
5,2,1254,0,0
6,8,1255,0,0
7,1,1256,0,0
0,7,1257,0,0
1,7,1258,0,0
2,1,1259,0,0
3,7,1260,0,0
4,4,1261,0,0
5,8,1262,0,0
6,8,1263,0,0
7,7,1264,0,0
0,7,1265,0,0
1,7,1266,0,0
2,2,1267,0,0
3,7,1268,0,0
4,4,1269,0,0
5,7,1270,0,0
6,8,1271,0,0
7,4,1272,0,0
0,7,1273,0,0
1,7,1274,0,0
2,2,1275,0,0
3,5,1276,0,0
4,4,1277,0,0
5,8,1278,0,0
6,1,1279,0,0
7,4,1280,0,0
0,8,1281,0,0
1,7,1282,0,0
2,8,1283,0,0
3,8,1284,0,0
4,4,1285,0,0
5,8,1286,0,0
6,8,1287,0,0
7,4,1288,0,0
0,7,1289,0,0
1,7,1290,0,0
2,8,1291,0,0
3,5,1292,0,0
4,4,1293,0,0
5,1,1294,0,0
6,8,1295,0,0
7,4,1296,0,0
0,8,1297,0,0
1,7,1298,0,0
2,8,1299,0,0
3,5,1300,0,0
4,4,1301,0,0
5,8,1302,0,0
6,8,1303,0,0
7,7,1304,0,0
0,7,1305,0,0
1,7,1306,0,0
2,8,1307,0,0
3,6,1308,0,0
4,4,1309,0,0
5,8,1310,0,0
6,1,1311,0,0
7,7,1312,0,0
0,7,1313,0,0
1,7,1314,0,0
2,8,1315,0,0
3,6,1316,0,0
4,4,1317,0,0
5,8,1318,0,0
6,1,1319,0,0
7,7,1320,0,0
0,7,1321,0,0
1,8,1322,0,0
2,8,1323,0,0
3,6,1324,0,0
4,4,1325,0,0
5,8,1326,0,0
6,1,1327,0,0
7,0,1328,0,0
0,7,1329,0,0
1,7,1330,0,0
2,7,1331,0,0
3,7,1332,0,0
4,1,1333,0,0
5,8,1334,0,0
6,1,1335,0,0
7,0,1336,0,0
0,7,1337,0,0
1,8,1338,0,0
2,6,1339,0,0
3,6,1340,0,0
4,1,1341,0,0
5,8,1342,0,0
6,1,1343,0,0
7,7,1344,0,0
0,8,1345,0,0
1,8,1346,0,0
2,6,1347,0,0
3,6,1348,0,0
4,7,1349,0,0
5,8,1350,0,0
6,1,1351,0,0
7,6,1352,0,0
0,7,1353,0,0
1,6,1354,0,0
2,7,1355,0,0
3,6,1356,0,0
4,7,1357,0,0
5,7,1358,0,0
6,2,1359,0,0
7,6,1360,0,0
0,7,1361,0,0
1,6,1362,0,0
2,7,1363,0,0
3,6,1364,0,0
4,7,1365,0,0
5,7,1366,0,0
6,6,1367,0,0
7,6,1368,0,0
0,8,1369,0,0
1,6,1370,0,0
2,7,1371,0,0
3,6,1372,0,0
4,7,1373,0,0
5,7,1374,0,0
6,6,1375,0,0
7,6,1376,0,0
0,7,1377,0,0
1,7,1378,0,0
2,7,1379,0,0
3,6,1380,0,0
4,7,1381,0,0
5,7,1382,0,0
6,6,1383,0,0
7,5,1384,0,0
0,5,1385,0,0
1,7,1386,0,0
2,7,1387,0,0
3,6,1388,0,0
4,7,1389,0,0
5,7,1390,0,0
6,5,1391,0,0
7,5,1392,0,0
0,8,1393,0,0
1,7,1394,0,0
2,8,1395,0,0
3,6,1396,0,0
4,4,1397,0,0
5,7,1398,0,0
6,8,1399,0,0
7,5,1400,0,0
0,8,1401,0,0
1,7,1402,0,0
2,8,1403,0,0
3,5,1404,0,0
4,4,1405,0,0
5,7,1406,0,0
6,8,1407,0,0
7,4,1408,0,0
0,7,1409,0,0
1,6,1410,0,0
2,8,1411,0,0
3,7,1412,0,0
4,6,1413,0,0
5,7,1414,0,0
6,8,1415,0,0
7,4,1416,0,0
0,7,1417,0,0
1,7,1418,0,0
2,7,1419,0,0
3,7,1420,0,0
4,1,1421,0,0
5,7,1422,0,0
6,8,1423,0,0
7,4,1424,0,0
0,7,1425,0,0
1,6,1426,0,0
2,8,1427,0,0
3,7,1428,0,0
4,4,1429,0,0
5,7,1430,0,0
6,8,1431,0,0
7,4,1432,0,0
0,6,1433,0,0
1,7,1434,0,0
2,4,1435,0,0
3,7,1436,0,0
4,4,1437,0,0
5,7,1438,0,0
6,8,1439,0,0
7,5,1440,0,0
0,6,1441,0,0
1,7,1442,0,0
2,4,1443,0,0
3,7,1444,0,0
4,4,1445,0,0
5,7,1446,0,0
6,1,1447,0,0
7,7,1448,0,0
0,7,1449,0,0
1,7,1450,0,0
2,8,1451,0,0
3,7,1452,0,0
4,4,1453,0,0
5,7,1454,0,0
6,1,1455,0,0
7,1,1456,0,0
0,7,1457,0,0
1,7,1458,0,0
2,8,1459,0,0
3,7,1460,0,0
4,4,1461,0,0
5,7,1462,0,0
6,1,1463,0,0
7,1,1464,0,0
0,7,1465,0,0
1,7,1466,0,0
2,8,1467,0,0
3,7,1468,0,0
4,4,1469,0,0
5,7,1470,0,0
6,1,1471,0,0
7,1,1472,0,0
0,7,1473,0,0
1,7,1474,0,0
2,8,1475,0,0
3,7,1476,0,0
4,2,1477,0,0
5,7,1478,0,0
6,1,1479,0,0
7,1,1480,0,0
0,7,1481,0,0
1,7,1482,0,0
2,7,1483,0,0
3,5,1484,0,0
4,2,1485,0,0
5,7,1486,0,0
6,1,1487,0,0
7,4,1488,0,0
0,6,1489,0,0
1,7,1490,0,0
2,7,1491,0,0
3,6,1492,0,0
4,4,1493,0,0
5,7,1494,0,0
6,8,1495,0,0
7,7,1496,0,0
0,6,1497,0,0
1,7,1498,0,0
2,7,1499,0,0
3,6,1500,0,0
4,4,1501,0,0
5,7,1502,0,0
6,1,1503,0,0
7,4,1504,0,0
0,6,1505,0,0
1,6,1506,0,0
2,7,1507,0,0
3,1,1508,0,0
4,4,1509,0,0
5,1,1510,0,0
6,8,1511,0,0
7,4,1512,0,0
0,6,1513,0,0
1,7,1514,0,0
2,7,1515,0,0
3,1,1516,0,0
4,4,1517,0,0
5,1,1518,0,0
6,1,1519,0,0
7,4,1520,0,0
0,6,1521,0,0
1,7,1522,0,0
2,7,1523,0,0
3,1,1524,0,0
4,4,1525,0,0
5,1,1526,0,0
6,8,1527,0,0
7,4,1528,0,0
0,6,1529,0,0
1,7,1530,0,0
2,8,1531,0,0
3,3,1532,0,0
4,6,1533,0,0
5,1,1534,0,0
6,1,1535,0,0
7,3,1536,0,0
0,6,1537,0,0
1,7,1538,0,0
2,8,1539,0,0
3,3,1540,0,0
4,2,1541,0,0
5,1,1542,0,0
6,1,1543,0,0
7,3,1544,0,0
0,6,1545,0,0
1,7,1546,0,0
2,8,1547,0,0
3,3,1548,0,0
4,4,1549,0,0
5,1,1550,0,0
6,1,1551,0,0
7,3,1552,0,0
0,7,1553,0,0
1,7,1554,0,0
2,8,1555,0,0
3,2,1556,0,0
4,4,1557,0,0
5,1,1558,0,0
6,1,1559,0,0
7,7,1560,0,0
0,7,1561,0,0
1,7,1562,0,0
2,8,1563,0,0
3,2,1564,0,0
4,4,1565,0,0
5,1,1566,0,0
6,1,1567,0,0
7,7,1568,0,0
0,6,1569,0,0
1,6,1570,0,0
2,8,1571,0,0
3,1,1572,0,0
4,6,1573,0,0
5,1,1574,0,0
6,1,1575,0,0
7,0,1576,0,0
0,6,1577,0,0
1,7,1578,0,0
2,5,1579,0,0
3,6,1580,0,0
4,1,1581,0,0
5,1,1582,0,0
6,8,1583,0,0
7,0,1584,0,0
0,7,1585,0,0
1,4,1586,0,0
2,5,1587,0,0
3,6,1588,0,0
4,4,1589,0,0
5,1,1590,0,0
6,1,1591,0,0
7,0,1592,0,0
0,7,1593,0,0
1,7,1594,0,0
2,8,1595,0,0
3,7,1596,0,0
4,4,1597,0,0
5,1,1598,0,0
6,8,1599,0,0
7,0,1600,0,0
0,7,1601,0,0
1,4,1602,0,0
2,8,1603,0,0
3,5,1604,0,0
4,6,1605,0,0
5,1,1606,0,0
6,8,1607,0,0
7,0,1608,0,0
0,6,1609,0,0
1,1,1610,0,0
2,7,1611,0,0
3,5,1612,0,0
4,6,1613,0,0
5,1,1614,0,0
6,1,1615,0,0
7,0,1616,0,0
0,7,1617,0,0
1,1,1618,0,0
2,5,1619,0,0
3,5,1620,0,0
4,6,1621,0,0
5,1,1622,0,0
6,8,1623,0,0
7,0,1624,0,0
0,7,1625,0,0
1,4,1626,0,0
2,8,1627,0,0
3,3,1628,0,0
4,6,1629,0,0
5,1,1630,0,0
6,1,1631,0,0
7,0,1632,0,0
0,7,1633,0,0
1,6,1634,0,0
2,8,1635,0,0
3,3,1636,0,0
4,6,1637,0,0
5,1,1638,0,0
6,1,1639,0,0
7,0,1640,0,0
0,6,1641,0,0
1,5,1642,0,0
2,8,1643,0,0
3,3,1644,0,0
4,6,1645,0,0
5,1,1646,0,0
6,1,1647,0,0
7,0,1648,0,0
0,6,1649,0,0
1,6,1650,0,0
2,8,1651,0,0
3,3,1652,0,0
4,6,1653,0,0
5,1,1654,0,0
6,8,1655,0,0
7,0,1656,0,0
0,6,1657,0,0
1,6,1658,0,0
2,5,1659,0,0
3,3,1660,0,0
4,2,1661,0,0
5,1,1662,0,0
6,1,1663,0,0
7,0,1664,0,0
0,6,1665,0,0
1,6,1666,0,0
2,8,1667,0,0
3,3,1668,0,0
4,6,1669,0,0
5,1,1670,0,0
6,8,1671,0,0
7,0,1672,0,0
0,6,1673,0,0
1,6,1674,0,0
2,8,1675,0,0
3,3,1676,0,0
4,2,1677,0,0
5,1,1678,0,0
6,8,1679,0,0
7,0,1680,0,0
0,7,1681,0,0
1,6,1682,0,0
2,8,1683,0,0
3,3,1684,0,0
4,2,1685,0,0
5,8,1686,0,0
6,1,1687,0,0
7,0,1688,0,0
0,7,1689,0,0
1,6,1690,0,0
2,8,1691,0,0
3,3,1692,0,0
4,1,1693,0,0
5,1,1694,0,0
6,1,1695,0,0
7,0,1696,0,0
0,6,1697,0,0
1,6,1698,0,0
2,0,1699,0,0
3,3,1700,0,0
4,1,1701,0,0
5,1,1702,0,0
6,1,1703,0,0
7,0,1704,0,0
0,6,1705,0,0
1,6,1706,0,0
2,7,1707,0,0
3,3,1708,0,0
4,2,1709,0,0
5,1,1710,0,0
6,1,1711,0,0
7,0,1712,0,0
0,6,1713,0,0
1,6,1714,0,0
2,7,1715,0,0
3,7,1716,0,0
4,6,1717,0,0
5,1,1718,0,0
6,1,1719,0,0
7,0,1720,0,0
0,5,1721,0,0
1,6,1722,0,0
2,7,1723,0,0
3,8,1724,0,0
4,6,1725,0,0
5,1,1726,0,0
6,1,1727,0,0
7,0,1728,0,0
0,5,1729,0,0
1,6,1730,0,0
2,4,1731,0,0
3,8,1732,0,0
4,6,1733,0,0
5,1,1734,0,0
6,1,1735,0,0
7,0,1736,0,0
0,5,1737,0,0
1,6,1738,0,0
2,7,1739,0,0
3,8,1740,0,0
4,4,1741,0,0
5,1,1742,0,0
6,1,1743,0,0
7,0,1744,0,0
0,5,1745,0,0
1,6,1746,0,0
2,7,1747,0,0
3,6,1748,0,0
4,1,1749,0,0
5,1,1750,0,0
6,8,1751,0,0
7,0,1752,0,0
0,5,1753,0,0
1,7,1754,0,0
2,7,1755,0,0
3,5,1756,0,0
4,8,1757,0,0
5,1,1758,0,0
6,8,1759,0,0
7,0,1760,0,0
0,5,1761,0,0
1,5,1762,0,0
2,4,1763,0,0
3,0,1764,0,0
4,8,1765,0,0
5,1,1766,0,0
6,1,1767,0,0
7,0,1768,0,0
0,5,1769,0,0
1,7,1770,0,0
2,4,1771,0,0
3,0,1772,0,0
4,8,1773,0,0
5,1,1774,0,0
6,1,1775,0,0
7,0,1776,0,0
0,5,1777,0,0
1,1,1778,0,0
2,4,1779,0,0
3,0,1780,0,0
4,8,1781,0,0
5,1,1782,0,0
6,8,1783,0,0
7,0,1784,0,0
0,5,1785,0,0
1,6,1786,0,0
2,4,1787,0,0
3,0,1788,0,0
4,8,1789,0,0
5,1,1790,0,0
6,8,1791,0,0
7,0,1792,0,0
0,5,1793,0,0
1,6,1794,0,0
2,4,1795,0,0
3,0,1796,0,0
4,8,1797,0,0
5,1,1798,0,0
6,8,1799,0,0
7,0,1800,0,0
0,5,1801,0,0
1,6,1802,0,0
2,4,1803,0,0
3,0,1804,0,0
4,7,1805,0,0
5,1,1806,0,0
6,1,1807,0,0
7,0,1808,0,0
0,5,1809,0,0
1,6,1810,0,0
2,4,1811,0,0
3,0,1812,0,0
4,1,1813,0,0
5,1,1814,0,0
6,1,1815,0,0
7,0,1816,0,0
0,5,1817,0,0
1,6,1818,0,0
2,4,1819,0,0
3,0,1820,0,0
4,1,1821,0,0
5,1,1822,0,0
6,8,1823,0,0
7,0,1824,0,0
0,5,1825,0,0
1,6,1826,0,0
2,4,1827,0,0
3,1,1828,0,0
4,1,1829,0,0
5,1,1830,0,0
6,8,1831,0,0
7,0,1832,0,0
0,5,1833,0,0
1,7,1834,0,0
2,4,1835,0,0
3,1,1836,0,0
4,1,1837,0,0
5,1,1838,0,0
6,8,1839,0,0
7,0,1840,0,0
0,5,1841,0,0
1,6,1842,0,0
2,4,1843,0,0
3,1,1844,0,0
4,4,1845,0,0
5,1,1846,0,0
6,8,1847,0,0
7,0,1848,0,0
0,5,1849,0,0
1,6,1850,0,0
2,4,1851,0,0
3,0,1852,0,0
4,0,1853,0,0
5,1,1854,0,0
6,8,1855,0,0
7,0,1856,0,0
0,5,1857,0,0
1,6,1858,0,0
2,4,1859,0,0
3,0,1860,0,0
4,1,1861,0,0
5,1,1862,0,0
6,8,1863,0,0
7,0,1864,0,0
0,5,1865,0,0
1,6,1866,0,0
2,4,1867,0,0
3,0,1868,0,0
4,1,1869,0,0
5,1,1870,0,0
6,8,1871,0,0
7,0,1872,0,0
0,5,1873,0,0
1,6,1874,0,0
2,4,1875,0,0
3,0,1876,0,0
4,4,1877,0,0
5,1,1878,0,0
6,8,1879,0,0
7,0,1880,0,0
0,5,1881,0,0
1,6,1882,0,0
2,4,1883,0,0
3,0,1884,0,0
4,4,1885,0,0
5,1,1886,0,0
6,8,1887,0,0
7,0,1888,0,0
0,5,1889,0,0
1,7,1890,0,0
2,4,1891,0,0
3,0,1892,0,0
4,1,1893,0,0
5,1,1894,0,0
6,8,1895,0,0
7,0,1896,0,0
0,5,1897,0,0
1,6,1898,0,0
2,4,1899,0,0
3,1,1900,0,0
4,1,1901,0,0
5,1,1902,0,0
6,8,1903,0,0
7,0,1904,0,0
0,5,1905,0,0
1,1,1906,0,0
2,4,1907,0,0
3,0,1908,0,0
4,1,1909,0,0
5,1,1910,0,0
6,1,1911,0,0
7,0,1912,0,0
0,5,1913,0,0
1,1,1914,0,0
2,4,1915,0,0
3,8,1916,0,0
4,4,1917,0,0
5,1,1918,0,0
6,1,1919,0,0
7,0,1920,0,0
0,5,1921,0,0
1,7,1922,0,0
2,4,1923,0,0
3,7,1924,0,0
4,4,1925,0,0
5,1,1926,0,0
6,1,1927,0,0
7,0,1928,0,0
0,5,1929,0,0
1,7,1930,0,0
2,4,1931,0,0
3,5,1932,0,0
4,4,1933,0,0
5,1,1934,0,0
6,1,1935,0,0
7,7,1936,0,0
0,5,1937,0,0
1,6,1938,0,0
2,7,1939,0,0
3,1,1940,0,0
4,4,1941,0,0
5,1,1942,0,0
6,1,1943,0,0
7,7,1944,0,0
0,5,1945,0,0
1,6,1946,0,0
2,7,1947,0,0
3,8,1948,0,0
4,4,1949,0,0
5,1,1950,0,0
6,1,1951,0,0
7,7,1952,0,0
0,5,1953,0,0
1,6,1954,0,0
2,7,1955,0,0
3,6,1956,0,0
4,1,1957,0,0
5,1,1958,0,0
6,1,1959,0,0
7,7,1960,0,0
0,5,1961,0,0
1,4,1962,0,0
2,8,1963,0,0
3,8,1964,0,0
4,4,1965,0,0
5,1,1966,0,0
6,1,1967,0,0
7,0,1968,0,0
0,5,1969,0,0
1,1,1970,0,0
2,8,1971,0,0
3,1,1972,0,0
4,4,1973,0,0
5,1,1974,0,0
6,1,1975,0,0
7,0,1976,0,0
0,6,1977,0,0
1,4,1978,0,0
2,8,1979,0,0
3,1,1980,0,0
4,4,1981,0,0
5,1,1982,0,0
6,1,1983,0,0
7,0,1984,0,0
0,6,1985,0,0
1,7,1986,0,0
2,8,1987,0,0
3,1,1988,0,0
4,4,1989,0,0
5,1,1990,0,0
6,1,1991,0,0
7,0,1992,0,0
0,6,1993,0,0
1,7,1994,0,0
2,8,1995,0,0
3,1,1996,0,0
4,4,1997,0,0
5,1,1998,0,0
6,1,1999,0,0
7,0,2000,0,0
0,5,2001,0,0
1,7,2002,0,0
2,8,2003,0,0
3,1,2004,0,0
4,2,2005,0,0
5,1,2006,0,0
6,1,2007,0,0
7,0,2008,0,0
0,5,2009,0,0
1,7,2010,0,0
2,8,2011,0,0
3,1,2012,0,0
4,2,2013,0,0
5,1,2014,0,0
6,1,2015,0,0
7,0,2016,0,0
0,5,2017,0,0
1,6,2018,0,0
2,8,2019,0,0
3,2,2020,0,0
4,2,2021,0,0
5,1,2022,0,0
6,1,2023,0,0
7,0,2024,0,0
0,6,2025,0,0
1,6,2026,0,0
2,8,2027,0,0
3,2,2028,0,0
4,2,2029,0,0
5,1,2030,0,0
6,1,2031,0,0
7,0,2032,0,0
0,6,2033,0,0
1,6,2034,0,0
2,8,2035,0,0
3,2,2036,0,0
4,4,2037,0,0
5,1,2038,0,0
6,1,2039,0,0
7,0,2040,0,0
0,6,2041,0,0
1,6,2042,0,0
2,8,2043,0,0
3,2,2044,0,0
4,4,2045,0,0
5,1,2046,0,0
6,1,2047,0,0
7,0,2048,0,0
0,5,2049,0,0
1,7,2050,0,0
2,8,2051,0,0
3,2,2052,0,0
4,4,2053,0,0
5,1,2054,0,0
6,1,2055,0,0
7,2,2056,0,0
0,5,2057,0,0
1,7,2058,0,0
2,8,2059,0,0
3,2,2060,0,0
4,2,2061,0,0
5,1,2062,0,0
6,1,2063,0,0
7,2,2064,0,0
0,5,2065,0,0
1,7,2066,0,0
2,8,2067,0,0
3,2,2068,0,0
4,2,2069,0,0
5,1,2070,0,0
6,1,2071,0,0
7,7,2072,0,0
0,5,2073,0,0
1,4,2074,0,0
2,8,2075,0,0
3,2,2076,0,0
4,2,2077,0,0
5,1,2078,0,0
6,1,2079,0,0
7,7,2080,0,0
0,5,2081,0,0
1,7,2082,0,0
2,1,2083,0,0
3,2,2084,0,0
4,2,2085,0,0
5,1,2086,0,0
6,1,2087,0,0
7,7,2088,0,0
0,5,2089,0,0
1,7,2090,0,0
2,1,2091,0,0
3,1,2092,0,0
4,4,2093,0,0
5,1,2094,0,0
6,1,2095,0,0
7,7,2096,0,0
0,5,2097,0,0
1,7,2098,0,0
2,1,2099,0,0
3,1,2100,0,0
4,4,2101,0,0
5,1,2102,0,0
6,1,2103,0,0
7,7,2104,0,0
0,5,2105,0,0
1,7,2106,0,0
2,5,2107,0,0
3,2,2108,0,0
4,4,2109,0,0
5,1,2110,0,0
6,1,2111,0,0
7,7,2112,0,0
0,6,2113,0,0
1,7,2114,0,0
2,8,2115,0,0
3,2,2116,0,0
4,4,2117,0,0
5,1,2118,0,0
6,1,2119,0,0
7,7,2120,0,0
0,5,2121,0,0
1,7,2122,0,0
2,5,2123,0,0
3,2,2124,0,0
4,4,2125,0,0
5,1,2126,0,0
6,1,2127,0,0
7,7,2128,0,0
0,5,2129,0,0
1,7,2130,0,0
2,5,2131,0,0
3,2,2132,0,0
4,4,2133,0,0
5,1,2134,0,0
6,1,2135,0,0
7,7,2136,0,0
0,5,2137,0,0
1,7,2138,0,0
2,8,2139,0,0
3,2,2140,0,0
4,4,2141,0,0
5,1,2142,0,0
6,1,2143,0,0
7,7,2144,0,0
0,6,2145,0,0
1,6,2146,0,0
2,8,2147,0,0
3,2,2148,0,0
4,4,2149,0,0
5,1,2150,0,0
6,1,2151,0,0
7,7,2152,0,0
0,6,2153,0,0
1,6,2154,0,0
2,8,2155,0,0
3,2,2156,0,0
4,2,2157,0,0
5,1,2158,0,0
6,1,2159,0,0
7,7,2160,0,0
0,5,2161,0,0
1,6,2162,0,0
2,8,2163,0,0
3,1,2164,0,0
4,4,2165,0,0
5,1,2166,0,0
6,1,2167,0,0
7,7,2168,0,0
0,5,2169,0,0
1,6,2170,0,0
2,8,2171,0,0
3,1,2172,0,0
4,4,2173,0,0
5,1,2174,0,0
6,1,2175,0,0
7,7,2176,0,0
0,6,2177,0,0
1,4,2178,0,0
2,8,2179,0,0
3,1,2180,0,0
4,4,2181,0,0
5,1,2182,0,0
6,1,2183,0,0
7,4,2184,0,0
0,6,2185,0,0
1,4,2186,0,0
2,8,2187,0,0
3,1,2188,0,0
4,4,2189,0,0
5,1,2190,0,0
6,1,2191,0,0
7,4,2192,0,0
0,6,2193,0,0
1,6,2194,0,0
2,8,2195,0,0
3,1,2196,0,0
4,4,2197,0,0
5,1,2198,0,0
6,1,2199,0,0
7,4,2200,0,0
0,5,2201,0,0
1,6,2202,0,0
2,1,2203,0,0
3,1,2204,0,0
4,4,2205,0,0
5,1,2206,0,0
6,1,2207,0,0
7,4,2208,0,0
0,7,2209,0,0
1,7,2210,0,0
2,1,2211,0,0
3,7,2212,0,0
4,4,2213,0,0
5,1,2214,0,0
6,1,2215,0,0
7,0,2216,0,0
0,7,2217,0,0
1,4,2218,0,0
2,1,2219,0,0
3,7,2220,0,0
4,4,2221,0,0
5,1,2222,0,0
6,1,2223,0,0
7,0,2224,0,0
0,7,2225,0,0
1,6,2226,0,0
2,8,2227,0,0
3,6,2228,0,0
4,4,2229,0,0
5,1,2230,0,0
6,1,2231,0,0
7,0,2232,0,0
0,7,2233,0,0
1,6,2234,0,0
2,8,2235,0,0
3,6,2236,0,0
4,4,2237,0,0
5,1,2238,0,0
6,8,2239,0,0
7,0,2240,0,0
0,6,2241,0,0
1,8,2242,0,0
2,8,2243,0,0
3,1,2244,0,0
4,4,2245,0,0
5,8,2246,0,0
6,1,2247,0,0
7,1,2248,0,0
0,6,2249,0,0
1,1,2250,0,0
2,1,2251,0,0
3,1,2252,0,0
4,4,2253,0,0
5,1,2254,0,0
6,8,2255,0,0
7,1,2256,0,0
0,6,2257,0,0
1,7,2258,0,0
2,1,2259,0,0
3,2,2260,0,0
4,4,2261,0,0
5,1,2262,0,0
6,1,2263,0,0
7,1,2264,0,0
0,6,2265,0,0
1,1,2266,0,0
2,6,2267,0,0
3,3,2268,0,0
4,4,2269,0,0
5,1,2270,0,0
6,1,2271,0,0
7,1,2272,0,0
0,6,2273,0,0
1,6,2274,0,0
2,6,2275,0,0
3,6,2276,0,0
4,7,2277,0,0
5,1,2278,0,0
6,1,2279,0,0
7,0,2280,0,0
0,6,2281,0,0
1,6,2282,0,0
2,6,2283,0,0
3,6,2284,0,0
4,6,2285,0,0
5,1,2286,0,0
6,1,2287,0,0
7,6,2288,0,0
0,7,2289,0,0
1,6,2290,0,0
2,6,2291,0,0
3,6,2292,0,0
4,6,2293,0,0
5,1,2294,0,0
6,1,2295,0,0
7,7,2296,0,0
0,7,2297,0,0
1,6,2298,0,0
2,7,2299,0,0
3,6,2300,0,0
4,6,2301,0,0
5,1,2302,0,0
6,1,2303,0,0
7,7,2304,0,0
0,7,2305,0,0
1,6,2306,0,0
2,7,2307,0,0
3,6,2308,0,0
4,7,2309,0,0
5,1,2310,0,0
6,1,2311,0,0
7,7,2312,0,0
0,7,2313,0,0
1,7,2314,0,0
2,7,2315,0,0
3,6,2316,0,0
4,8,2317,0,0
5,1,2318,0,0
6,1,2319,0,0
7,7,2320,0,0
0,7,2321,0,0
1,7,2322,0,0
2,7,2323,0,0
3,6,2324,0,0
4,8,2325,0,0
5,1,2326,0,0
6,1,2327,0,0
7,7,2328,0,0
0,7,2329,0,0
1,1,2330,0,0
2,7,2331,0,0
3,6,2332,0,0
4,7,2333,0,0
5,1,2334,0,0
6,8,2335,0,0
7,5,2336,0,0
0,7,2337,0,0
1,4,2338,0,0
2,8,2339,0,0
3,6,2340,0,0
4,8,2341,0,0
5,1,2342,0,0
6,6,2343,0,0
7,5,2344,0,0
0,7,2345,0,0
1,6,2346,0,0
2,8,2347,0,0
3,6,2348,0,0
4,7,2349,0,0
5,8,2350,0,0
6,6,2351,0,0
7,6,2352,0,0
0,7,2353,0,0
1,7,2354,0,0
2,8,2355,0,0
3,7,2356,0,0
4,8,2357,0,0
5,8,2358,0,0
6,6,2359,0,0
7,5,2360,0,0
0,7,2361,0,0
1,7,2362,0,0
2,8,2363,0,0
3,5,2364,0,0
4,6,2365,0,0
5,5,2366,0,0
6,6,2367,0,0
7,5,2368,0,0
0,7,2369,0,0
1,6,2370,0,0
2,4,2371,0,0
3,1,2372,0,0
4,6,2373,0,0
5,7,2374,0,0
6,6,2375,0,0
7,5,2376,0,0
0,7,2377,0,0
1,6,2378,0,0
2,7,2379,0,0
3,1,2380,0,0
4,4,2381,0,0
5,7,2382,0,0
6,6,2383,0,0
7,7,2384,0,0
0,7,2385,0,0
1,4,2386,0,0
2,8,2387,0,0
3,8,2388,0,0
4,6,2389,0,0
5,7,2390,0,0
6,6,2391,0,0
7,7,2392,0,0
0,7,2393,0,0
1,7,2394,0,0
2,8,2395,0,0
3,1,2396,0,0
4,4,2397,0,0
5,7,2398,0,0
6,6,2399,0,0
7,7,2400,0,0
0,7,2401,0,0
1,7,2402,0,0
2,4,2403,0,0
3,8,2404,0,0
4,2,2405,0,0
5,7,2406,0,0
6,1,2407,0,0
7,7,2408,0,0
0,7,2409,0,0
1,7,2410,0,0
2,4,2411,0,0
3,8,2412,0,0
4,1,2413,0,0
5,8,2414,0,0
6,8,2415,0,0
7,5,2416,0,0
0,7,2417,0,0
1,7,2418,0,0
2,7,2419,0,0
3,8,2420,0,0
4,1,2421,0,0
5,5,2422,0,0
6,8,2423,0,0
7,7,2424,0,0
0,7,2425,0,0
1,7,2426,0,0
2,7,2427,0,0
3,8,2428,0,0
4,1,2429,0,0
5,7,2430,0,0
6,8,2431,0,0
7,7,2432,0,0
0,7,2433,0,0
1,7,2434,0,0
2,7,2435,0,0
3,8,2436,0,0
4,1,2437,0,0
5,7,2438,0,0
6,8,2439,0,0
7,7,2440,0,0
0,6,2441,0,0
1,7,2442,0,0
2,7,2443,0,0
3,1,2444,0,0
4,2,2445,0,0
5,8,2446,0,0
6,8,2447,0,0
7,7,2448,0,0
0,6,2449,0,0
1,7,2450,0,0
2,7,2451,0,0
3,1,2452,0,0
4,6,2453,0,0
5,7,2454,0,0
6,8,2455,0,0
7,7,2456,0,0
0,6,2457,0,0
1,6,2458,0,0
2,8,2459,0,0
3,1,2460,0,0
4,4,2461,0,0
5,2,2462,0,0
6,8,2463,0,0
7,0,2464,0,0
0,6,2465,0,0
1,6,2466,0,0
2,5,2467,0,0
3,1,2468,0,0
4,4,2469,0,0
5,2,2470,0,0
6,8,2471,0,0
7,0,2472,0,0
0,7,2473,0,0
1,6,2474,0,0
2,8,2475,0,0
3,2,2476,0,0
4,4,2477,0,0
5,2,2478,0,0
6,1,2479,0,0
7,0,2480,0,0
0,7,2481,0,0
1,7,2482,0,0
2,1,2483,0,0
3,2,2484,0,0
4,4,2485,0,0
5,2,2486,0,0
6,8,2487,0,0
7,0,2488,0,0
0,7,2489,0,0
1,7,2490,0,0
2,1,2491,0,0
3,2,2492,0,0
4,4,2493,0,0
5,2,2494,0,0
6,8,2495,0,0
7,0,2496,0,0
0,7,2497,0,0
1,6,2498,0,0
2,1,2499,0,0
3,2,2500,0,0
4,6,2501,0,0
5,7,2502,0,0
6,8,2503,0,0
7,2,2504,0,0
0,7,2505,0,0
1,3,2506,0,0
2,1,2507,0,0
3,2,2508,0,0
4,6,2509,0,0
5,7,2510,0,0
6,1,2511,0,0
7,2,2512,0,0
0,7,2513,0,0
1,3,2514,0,0
2,1,2515,0,0
3,3,2516,0,0
4,6,2517,0,0
5,7,2518,0,0
6,8,2519,0,0
7,0,2520,0,0
0,7,2521,0,0
1,7,2522,0,0
2,1,2523,0,0
3,3,2524,0,0
4,6,2525,0,0
5,7,2526,0,0
6,8,2527,0,0
7,7,2528,0,0
0,7,2529,0,0
1,7,2530,0,0
2,2,2531,0,0
3,3,2532,0,0
4,6,2533,0,0
5,7,2534,0,0
6,8,2535,0,0
7,7,2536,0,0
0,7,2537,0,0
1,7,2538,0,0
2,8,2539,0,0
3,3,2540,0,0
4,6,2541,0,0
5,8,2542,0,0
6,1,2543,0,0
7,0,2544,0,0
0,7,2545,0,0
1,7,2546,0,0
2,6,2547,0,0
3,3,2548,0,0
4,6,2549,0,0
5,2,2550,0,0
6,8,2551,0,0
7,0,2552,0,0
0,7,2553,0,0
1,7,2554,0,0
2,6,2555,0,0
3,3,2556,0,0
4,2,2557,0,0
5,8,2558,0,0
6,8,2559,0,0
7,0,2560,0,0
0,7,2561,0,0
1,7,2562,0,0
2,7,2563,0,0
3,3,2564,0,0
4,6,2565,0,0
5,7,2566,0,0
6,8,2567,0,0
7,0,2568,0,0
0,6,2569,0,0
1,6,2570,0,0
2,7,2571,0,0
3,3,2572,0,0
4,2,2573,0,0
5,7,2574,0,0
6,8,2575,0,0
7,0,2576,0,0
0,6,2577,0,0
1,6,2578,0,0
2,6,2579,0,0
3,3,2580,0,0
4,2,2581,0,0
5,3,2582,0,0
6,8,2583,0,0
7,0,2584,0,0
0,6,2585,0,0
1,4,2586,0,0
2,6,2587,0,0
3,3,2588,0,0
4,2,2589,0,0
5,7,2590,0,0
6,1,2591,0,0
7,0,2592,0,0
0,7,2593,0,0
1,4,2594,0,0
2,6,2595,0,0
3,2,2596,0,0
4,2,2597,0,0
5,7,2598,0,0
6,1,2599,0,0
7,0,2600,0,0
0,7,2601,0,0
1,4,2602,0,0
2,6,2603,0,0
3,3,2604,0,0
4,2,2605,0,0
5,7,2606,0,0
6,1,2607,0,0
7,0,2608,0,0
0,7,2609,0,0
1,7,2610,0,0
2,7,2611,0,0
3,2,2612,0,0
4,1,2613,0,0
5,7,2614,0,0
6,1,2615,0,0
7,0,2616,0,0
0,7,2617,0,0
1,6,2618,0,0
2,8,2619,0,0
3,2,2620,0,0
4,1,2621,0,0
5,7,2622,0,0
6,8,2623,0,0
7,0,2624,0,0
0,7,2625,0,0
1,6,2626,0,0
2,8,2627,0,0
3,1,2628,0,0
4,1,2629,0,0
5,8,2630,0,0
6,8,2631,0,0
7,0,2632,0,0
0,7,2633,0,0
1,4,2634,0,0
2,8,2635,0,0
3,1,2636,0,0
4,2,2637,0,0
5,4,2638,0,0
6,1,2639,0,0
7,0,2640,0,0
0,6,2641,0,0
1,6,2642,0,0
2,7,2643,0,0
3,1,2644,0,0
4,2,2645,0,0
5,4,2646,0,0
6,1,2647,0,0
7,0,2648,0,0
0,6,2649,0,0
1,6,2650,0,0
2,7,2651,0,0
3,1,2652,0,0
4,2,2653,0,0
5,4,2654,0,0
6,1,2655,0,0
7,0,2656,0,0
0,7,2657,0,0
1,6,2658,0,0
2,4,2659,0,0
3,8,2660,0,0
4,2,2661,0,0
5,3,2662,0,0
6,8,2663,0,0
7,0,2664,0,0
0,7,2665,0,0
1,6,2666,0,0
2,4,2667,0,0
3,7,2668,0,0
4,2,2669,0,0
5,3,2670,0,0
6,8,2671,0,0
7,0,2672,0,0
0,6,2673,0,0
1,6,2674,0,0
2,4,2675,0,0
3,1,2676,0,0
4,2,2677,0,0
5,4,2678,0,0
6,1,2679,0,0
7,1,2680,0,0
0,6,2681,0,0
1,4,2682,0,0
2,4,2683,0,0
3,1,2684,0,0
4,2,2685,0,0
5,4,2686,0,0
6,8,2687,0,0
7,1,2688,0,0
0,6,2689,0,0
1,4,2690,0,0
2,7,2691,0,0
3,1,2692,0,0
4,2,2693,0,0
5,3,2694,0,0
6,8,2695,0,0
7,1,2696,0,0
0,6,2697,0,0
1,7,2698,0,0
2,8,2699,0,0
3,3,2700,0,0
4,2,2701,0,0
5,3,2702,0,0
6,1,2703,0,0
7,1,2704,0,0
0,7,2705,0,0
1,7,2706,0,0
2,8,2707,0,0
3,2,2708,0,0
4,2,2709,0,0
5,5,2710,0,0
6,8,2711,0,0
7,1,2712,0,0
0,7,2713,0,0
1,6,2714,0,0
2,8,2715,0,0
3,2,2716,0,0
4,1,2717,0,0
5,1,2718,0,0
6,1,2719,0,0
7,1,2720,0,0
0,7,2721,0,0
1,7,2722,0,0
2,8,2723,0,0
3,2,2724,0,0
4,2,2725,0,0
5,5,2726,0,0
6,1,2727,0,0
7,1,2728,0,0
0,7,2729,0,0
1,7,2730,0,0
2,8,2731,0,0
3,1,2732,0,0
4,2,2733,0,0
5,1,2734,0,0
6,8,2735,0,0
7,1,2736,0,0
0,8,2737,0,0
1,6,2738,0,0
2,8,2739,0,0
3,1,2740,0,0
4,2,2741,0,0
5,5,2742,0,0
6,8,2743,0,0
7,1,2744,0,0
0,8,2745,0,0
1,5,2746,0,0
2,8,2747,0,0
3,1,2748,0,0
4,2,2749,0,0
5,8,2750,0,0
6,1,2751,0,0
7,1,2752,0,0
0,8,2753,0,0
1,7,2754,0,0
2,1,2755,0,0
3,5,2756,0,0
4,1,2757,0,0
5,1,2758,0,0
6,1,2759,0,0
7,1,2760,0,0
0,8,2761,0,0
1,1,2762,0,0
2,1,2763,0,0
3,5,2764,0,0
4,1,2765,0,0
5,1,2766,0,0
6,1,2767,0,0
7,1,2768,0,0
0,7,2769,0,0
1,1,2770,0,0
2,7,2771,0,0
3,6,2772,0,0
4,1,2773,0,0
5,8,2774,0,0
6,1,2775,0,0
7,1,2776,0,0
0,7,2777,0,0
1,7,2778,0,0
2,6,2779,0,0
3,5,2780,0,0
4,6,2781,0,0
5,8,2782,0,0
6,8,2783,0,0
7,1,2784,0,0
0,7,2785,0,0
1,7,2786,0,0
2,7,2787,0,0
3,5,2788,0,0
4,1,2789,0,0
5,3,2790,0,0
6,8,2791,0,0
7,1,2792,0,0
0,7,2793,0,0
1,7,2794,0,0
2,8,2795,0,0
3,8,2796,0,0
4,1,2797,0,0
5,4,2798,0,0
6,1,2799,0,0
7,1,2800,0,0
0,8,2801,0,0
1,7,2802,0,0
2,8,2803,0,0
3,6,2804,0,0
4,1,2805,0,0
5,4,2806,0,0
6,2,2807,0,0
7,1,2808,0,0
0,8,2809,0,0
1,7,2810,0,0
2,8,2811,0,0
3,6,2812,0,0
4,1,2813,0,0
5,3,2814,0,0
6,2,2815,0,0
7,7,2816,0,0
0,5,2817,0,0
1,7,2818,0,0
2,4,2819,0,0
3,8,2820,0,0
4,1,2821,0,0
5,5,2822,0,0
6,2,2823,0,0
7,7,2824,0,0
0,8,2825,0,0
1,7,2826,0,0
2,4,2827,0,0
3,8,2828,0,0
4,1,2829,0,0
5,5,2830,0,0
6,8,2831,0,0
7,7,2832,0,0
0,8,2833,0,0
1,7,2834,0,0
2,4,2835,0,0
3,8,2836,0,0
4,1,2837,0,0
5,4,2838,0,0
6,8,2839,0,0
7,7,2840,0,0
0,7,2841,0,0
1,7,2842,0,0
2,4,2843,0,0
3,1,2844,0,0
4,1,2845,0,0
5,4,2846,0,0
6,8,2847,0,0
7,7,2848,0,0
0,7,2849,0,0
1,7,2850,0,0
2,4,2851,0,0
3,1,2852,0,0
4,1,2853,0,0
5,4,2854,0,0
6,1,2855,0,0
7,7,2856,0,0
0,7,2857,0,0
1,7,2858,0,0
2,4,2859,0,0
3,7,2860,0,0
4,8,2861,0,0
5,1,2862,0,0
6,1,2863,0,0
7,7,2864,0,0
0,8,2865,0,0
1,8,2866,0,0
2,4,2867,0,0
3,6,2868,0,0
4,8,2869,0,0
5,1,2870,0,0
6,8,2871,0,0
7,4,2872,0,0
0,8,2873,0,0
1,7,2874,0,0
2,4,2875,0,0
3,1,2876,0,0
4,8,2877,0,0
5,1,2878,0,0
6,8,2879,0,0
7,4,2880,0,0
0,8,2881,0,0
1,7,2882,0,0
2,4,2883,0,0
3,1,2884,0,0
4,1,2885,0,0
5,7,2886,0,0
6,1,2887,0,0
7,4,2888,0,0
0,8,2889,0,0
1,7,2890,0,0
2,4,2891,0,0
3,1,2892,0,0
4,1,2893,0,0
5,0,2894,0,0
6,8,2895,0,0
7,4,2896,0,0
0,8,2897,0,0
1,7,2898,0,0
2,8,2899,0,0
3,1,2900,0,0
4,1,2901,0,0
5,1,2902,0,0
6,2,2903,0,0
7,4,2904,0,0
0,8,2905,0,0
1,1,2906,0,0
2,4,2907,0,0
3,7,2908,0,0
4,4,2909,0,0
5,1,2910,0,0
6,2,2911,0,0
7,4,2912,0,0
0,7,2913,0,0
1,1,2914,0,0
2,4,2915,0,0
3,6,2916,0,0
4,2,2917,0,0
5,5,2918,0,0
6,2,2919,0,0
7,4,2920,0,0
0,8,2921,0,0
1,6,2922,0,0
2,8,2923,0,0
3,6,2924,0,0
4,2,2925,0,0
5,1,2926,0,0
6,2,2927,0,0
7,4,2928,0,0
0,7,2929,0,0
1,6,2930,0,0
2,8,2931,0,0
3,6,2932,0,0
4,4,2933,0,0
5,1,2934,0,0
6,2,2935,0,0
7,4,2936,0,0
0,8,2937,0,0
1,6,2938,0,0
2,8,2939,0,0
3,7,2940,0,0
4,1,2941,0,0
5,7,2942,0,0
6,1,2943,0,0
7,1,2944,0,0
0,8,2945,0,0
1,4,2946,0,0
2,7,2947,0,0
3,6,2948,0,0
4,1,2949,0,0
5,7,2950,0,0
6,8,2951,0,0
7,1,2952,0,0
0,8,2953,0,0
1,4,2954,0,0
2,7,2955,0,0
3,1,2956,0,0
4,4,2957,0,0
5,7,2958,0,0
6,1,2959,0,0
7,1,2960,0,0
0,7,2961,0,0
1,7,2962,0,0
2,4,2963,0,0
3,1,2964,0,0
4,2,2965,0,0
5,7,2966,0,0
6,1,2967,0,0
7,1,2968,0,0
0,7,2969,0,0
1,7,2970,0,0
2,4,2971,0,0
3,2,2972,0,0
4,4,2973,0,0
5,7,2974,0,0
6,1,2975,0,0
7,7,2976,0,0
0,8,2977,0,0
1,7,2978,0,0
2,4,2979,0,0
3,1,2980,0,0
4,4,2981,0,0
5,7,2982,0,0
6,1,2983,0,0
7,0,2984,0,0
0,8,2985,0,0
1,7,2986,0,0
2,4,2987,0,0
3,1,2988,0,0
4,4,2989,0,0
5,7,2990,0,0
6,1,2991,0,0
7,0,2992,0,0
0,7,2993,0,0
1,7,2994,0,0
2,7,2995,0,0
3,1,2996,0,0
4,4,2997,0,0
5,1,2998,0,0
6,1,2999,0,0
7,7,3000,0,0
0,7,3001,0,0
1,7,3002,0,0
2,4,3003,0,0
3,1,3004,0,0
4,4,3005,0,0
5,1,3006,0,0
6,1,3007,0,0
7,7,3008,0,0
0,7,3009,0,0
1,7,3010,0,0
2,4,3011,0,0
3,1,3012,0,0
4,4,3013,0,0
5,1,3014,0,0
6,1,3015,0,0
7,7,3016,0,0
0,7,3017,0,0
1,4,3018,0,0
2,4,3019,0,0
3,1,3020,0,0
4,2,3021,0,0
5,7,3022,0,0
6,1,3023,0,0
7,7,3024,0,0
0,7,3025,0,0
1,7,3026,0,0
2,4,3027,0,0
3,1,3028,0,0
4,1,3029,0,0
5,1,3030,0,0
6,8,3031,0,0
7,7,3032,0,0
0,7,3033,0,0
1,7,3034,0,0
2,4,3035,0,0
3,8,3036,0,0
4,7,3037,0,0
5,7,3038,0,0
6,8,3039,0,0
7,7,3040,0,0
0,7,3041,0,0
1,7,3042,0,0
2,4,3043,0,0
3,8,3044,0,0
4,1,3045,0,0
5,7,3046,0,0
6,8,3047,0,0
7,7,3048,0,0
0,8,3049,0,0
1,4,3050,0,0
2,4,3051,0,0
3,8,3052,0,0
4,4,3053,0,0
5,7,3054,0,0
6,8,3055,0,0
7,7,3056,0,0
0,8,3057,0,0
1,4,3058,0,0
2,4,3059,0,0
3,8,3060,0,0
4,8,3061,0,0
5,8,3062,0,0
6,8,3063,0,0
7,7,3064,0,0
0,8,3065,0,0
1,4,3066,0,0
2,4,3067,0,0
3,1,3068,0,0
4,6,3069,0,0
5,8,3070,0,0
6,8,3071,0,0
7,0,3072,0,0
0,8,3073,0,0
1,4,3074,0,0
2,4,3075,0,0
3,1,3076,0,0
4,6,3077,0,0
5,8,3078,0,0
6,8,3079,0,0
7,0,3080,0,0
0,8,3081,0,0
1,4,3082,0,0
2,8,3083,0,0
3,1,3084,0,0
4,6,3085,0,0
5,8,3086,0,0
6,8,3087,0,0
7,1,3088,0,0
0,8,3089,0,0
1,4,3090,0,0
2,8,3091,0,0
3,1,3092,0,0
4,6,3093,0,0
5,7,3094,0,0
6,8,3095,0,0
7,1,3096,0,0
0,8,3097,0,0
1,7,3098,0,0
2,1,3099,0,0
3,1,3100,0,0
4,4,3101,0,0
5,8,3102,0,0
6,8,3103,0,0
7,1,3104,0,0
0,8,3105,0,0
1,7,3106,0,0
2,1,3107,0,0
3,1,3108,0,0
4,4,3109,0,0
5,1,3110,0,0
6,8,3111,0,0
7,1,3112,0,0
0,7,3113,0,0
1,8,3114,0,0
2,1,3115,0,0
3,1,3116,0,0
4,4,3117,0,0
5,1,3118,0,0
6,8,3119,0,0
7,1,3120,0,0
0,7,3121,0,0
1,8,3122,0,0
2,1,3123,0,0
3,1,3124,0,0
4,6,3125,0,0
5,5,3126,0,0
6,8,3127,0,0
7,1,3128,0,0
0,8,3129,0,0
1,8,3130,0,0
2,1,3131,0,0
3,1,3132,0,0
4,4,3133,0,0
5,5,3134,0,0
6,8,3135,0,0
7,1,3136,0,0
0,7,3137,0,0
1,8,3138,0,0
2,1,3139,0,0
3,1,3140,0,0
4,4,3141,0,0
5,5,3142,0,0
6,8,3143,0,0
7,0,3144,0,0
0,8,3145,0,0
1,1,3146,0,0
2,1,3147,0,0
3,1,3148,0,0
4,4,3149,0,0
5,1,3150,0,0
6,8,3151,0,0
7,0,3152,0,0
0,5,3153,0,0
1,1,3154,0,0
2,2,3155,0,0
3,1,3156,0,0
4,4,3157,0,0
5,1,3158,0,0
6,8,3159,0,0
7,0,3160,0,0
0,5,3161,0,0
1,1,3162,0,0
2,2,3163,0,0
3,1,3164,0,0
4,1,3165,0,0
5,1,3166,0,0
6,8,3167,0,0
7,1,3168,0,0
0,8,3169,0,0
1,7,3170,0,0
2,1,3171,0,0
3,1,3172,0,0
4,1,3173,0,0
5,1,3174,0,0
6,1,3175,0,0
7,1,3176,0,0
0,7,3177,0,0
1,7,3178,0,0
2,7,3179,0,0
3,1,3180,0,0
4,1,3181,0,0
5,1,3182,0,0
6,8,3183,0,0
7,0,3184,0,0
0,5,3185,0,0
1,1,3186,0,0
2,7,3187,0,0
3,1,3188,0,0
4,1,3189,0,0
5,1,3190,0,0
6,8,3191,0,0
7,0,3192,0,0
0,5,3193,0,0
1,1,3194,0,0
2,6,3195,0,0
3,1,3196,0,0
4,1,3197,0,0
5,1,3198,0,0
6,5,3199,0,0
7,7,3200,0,0
0,7,3201,0,0
1,7,3202,0,0
2,6,3203,0,0
3,1,3204,0,0
4,7,3205,0,0
5,8,3206,0,0
6,8,3207,0,0
7,7,3208,0,0
0,7,3209,0,0
1,7,3210,0,0
2,6,3211,0,0
3,1,3212,0,0
4,7,3213,0,0
5,1,3214,0,0
6,8,3215,0,0
7,7,3216,0,0
0,6,3217,0,0
1,7,3218,0,0
2,8,3219,0,0
3,1,3220,0,0
4,1,3221,0,0
5,2,3222,0,0
6,8,3223,0,0
7,5,3224,0,0
0,6,3225,0,0
1,7,3226,0,0
2,1,3227,0,0
3,1,3228,0,0
4,4,3229,0,0
5,2,3230,0,0
6,8,3231,0,0
7,4,3232,0,0
0,5,3233,0,0
1,7,3234,0,0
2,7,3235,0,0
3,8,3236,0,0
4,1,3237,0,0
5,2,3238,0,0
6,1,3239,0,0
7,5,3240,0,0
0,5,3241,0,0
1,7,3242,0,0
2,4,3243,0,0
3,7,3244,0,0
4,1,3245,0,0
5,1,3246,0,0
6,1,3247,0,0
7,1,3248,0,0
0,5,3249,0,0
1,6,3250,0,0
2,5,3251,0,0
3,6,3252,0,0
4,1,3253,0,0
5,8,3254,0,0
6,2,3255,0,0
7,1,3256,0,0
0,5,3257,0,0
1,7,3258,0,0
2,8,3259,0,0
3,6,3260,0,0
4,7,3261,0,0
5,8,3262,0,0
6,2,3263,0,0
7,1,3264,0,0
0,5,3265,0,0
1,4,3266,0,0
2,8,3267,0,0
3,1,3268,0,0
4,7,3269,0,0
5,5,3270,0,0
6,2,3271,0,0
7,5,3272,0,0
0,6,3273,0,0
1,4,3274,0,0
2,8,3275,0,0
3,1,3276,0,0
4,1,3277,0,0
5,3,3278,0,0
6,4,3279,0,0
7,5,3280,0,0
0,6,3281,0,0
1,7,3282,0,0
2,1,3283,0,0
3,2,3284,0,0
4,4,3285,0,0
5,5,3286,0,0
6,4,3287,0,0
7,1,3288,0,0
0,6,3289,0,0
1,7,3290,0,0
2,1,3291,0,0
3,3,3292,0,0
4,4,3293,0,0
5,5,3294,0,0
6,4,3295,0,0
7,1,3296,0,0
0,5,3297,0,0
1,7,3298,0,0
2,1,3299,0,0
3,3,3300,0,0
4,4,3301,0,0
5,8,3302,0,0
6,4,3303,0,0
7,1,3304,0,0
0,7,3305,0,0
1,7,3306,0,0
2,1,3307,0,0
3,3,3308,0,0
4,4,3309,0,0
5,3,3310,0,0
6,2,3311,0,0
7,1,3312,0,0
0,7,3313,0,0
1,7,3314,0,0
2,8,3315,0,0
3,3,3316,0,0
4,4,3317,0,0
5,7,3318,0,0
6,1,3319,0,0
7,1,3320,0,0
0,7,3321,0,0
1,7,3322,0,0
2,4,3323,0,0
3,3,3324,0,0
4,4,3325,0,0
5,2,3326,0,0
6,1,3327,0,0
7,5,3328,0,0
0,6,3329,0,0
1,7,3330,0,0
2,4,3331,0,0
3,3,3332,0,0
4,4,3333,0,0
5,1,3334,0,0
6,1,3335,0,0
7,4,3336,0,0
0,6,3337,0,0
1,7,3338,0,0
2,4,3339,0,0
3,2,3340,0,0
4,4,3341,0,0
5,5,3342,0,0
6,8,3343,0,0
7,5,3344,0,0
0,6,3345,0,0
1,7,3346,0,0
2,7,3347,0,0
3,1,3348,0,0
4,1,3349,0,0
5,1,3350,0,0
6,1,3351,0,0
7,3,3352,0,0
0,5,3353,0,0
1,7,3354,0,0
2,4,3355,0,0
3,6,3356,0,0
4,1,3357,0,0
5,1,3358,0,0
6,1,3359,0,0
7,3,3360,0,0
0,5,3361,0,0
1,7,3362,0,0
2,4,3363,0,0
3,2,3364,0,0
4,1,3365,0,0
5,1,3366,0,0
6,1,3367,0,0
7,3,3368,0,0
0,5,3369,0,0
1,5,3370,0,0
2,4,3371,0,0
3,2,3372,0,0
4,1,3373,0,0
5,7,3374,0,0
6,8,3375,0,0
7,3,3376,0,0
0,5,3377,0,0
1,6,3378,0,0
2,4,3379,0,0
3,2,3380,0,0
4,2,3381,0,0
5,5,3382,0,0
6,8,3383,0,0
7,3,3384,0,0
0,5,3385,0,0
1,5,3386,0,0
2,4,3387,0,0
3,3,3388,0,0
4,2,3389,0,0
5,5,3390,0,0
6,1,3391,0,0
7,1,3392,0,0
0,6,3393,0,0
1,3,3394,0,0
2,4,3395,0,0
3,1,3396,0,0
4,2,3397,0,0
5,7,3398,0,0
6,1,3399,0,0
7,1,3400,0,0
0,5,3401,0,0
1,6,3402,0,0
2,4,3403,0,0
3,1,3404,0,0
4,2,3405,0,0
5,5,3406,0,0
6,4,3407,0,0
7,1,3408,0,0
0,5,3409,0,0
1,6,3410,0,0
2,4,3411,0,0
3,1,3412,0,0
4,4,3413,0,0
5,5,3414,0,0
6,4,3415,0,0
7,1,3416,0,0
0,5,3417,0,0
1,6,3418,0,0
2,8,3419,0,0
3,1,3420,0,0
4,1,3421,0,0
5,5,3422,0,0
6,4,3423,0,0
7,3,3424,0,0
0,5,3425,0,0
1,7,3426,0,0
2,8,3427,0,0
3,1,3428,0,0
4,6,3429,0,0
5,7,3430,0,0
6,4,3431,0,0
7,5,3432,0,0
0,5,3433,0,0
1,7,3434,0,0
2,8,3435,0,0
3,1,3436,0,0
4,6,3437,0,0
5,5,3438,0,0
6,4,3439,0,0
7,4,3440,0,0
0,6,3441,0,0
1,7,3442,0,0
2,8,3443,0,0
3,1,3444,0,0
4,6,3445,0,0
5,5,3446,0,0
6,4,3447,0,0
7,4,3448,0,0
0,5,3449,0,0
1,1,3450,0,0
2,5,3451,0,0
3,1,3452,0,0
4,6,3453,0,0
5,7,3454,0,0
6,4,3455,0,0
7,4,3456,0,0
0,5,3457,0,0
1,1,3458,0,0
2,5,3459,0,0
3,1,3460,0,0
4,6,3461,0,0
5,7,3462,0,0
6,4,3463,0,0
7,0,3464,0,0
0,5,3465,0,0
1,1,3466,0,0
2,5,3467,0,0
3,1,3468,0,0
4,6,3469,0,0
5,7,3470,0,0
6,3,3471,0,0
7,4,3472,0,0
0,5,3473,0,0
1,1,3474,0,0
2,5,3475,0,0
3,1,3476,0,0
4,6,3477,0,0
5,1,3478,0,0
6,1,3479,0,0
7,1,3480,0,0
0,6,3481,0,0
1,1,3482,0,0
2,5,3483,0,0
3,5,3484,0,0
4,1,3485,0,0
5,5,3486,0,0
6,5,3487,0,0
7,1,3488,0,0
0,5,3489,0,0
1,1,3490,0,0
2,5,3491,0,0
3,6,3492,0,0
4,1,3493,0,0
5,5,3494,0,0
6,8,3495,0,0
7,2,3496,0,0
0,5,3497,0,0
1,1,3498,0,0
2,4,3499,0,0
3,6,3500,0,0
4,1,3501,0,0
5,5,3502,0,0
6,8,3503,0,0
7,1,3504,0,0
0,5,3505,0,0
1,1,3506,0,0
2,7,3507,0,0
3,7,3508,0,0
4,1,3509,0,0
5,5,3510,0,0
6,8,3511,0,0
7,1,3512,0,0
0,6,3513,0,0
1,1,3514,0,0
2,8,3515,0,0
3,0,3516,0,0
4,1,3517,0,0
5,1,3518,0,0
6,3,3519,0,0
7,1,3520,0,0
0,3,3521,0,0
1,1,3522,0,0
2,8,3523,0,0
3,0,3524,0,0
4,8,3525,0,0
5,1,3526,0,0
6,8,3527,0,0
7,1,3528,0,0
0,3,3529,0,0
1,1,3530,0,0
2,8,3531,0,0
3,7,3532,0,0
4,8,3533,0,0
5,1,3534,0,0
6,8,3535,0,0
7,1,3536,0,0
0,3,3537,0,0
1,1,3538,0,0
2,8,3539,0,0
3,1,3540,0,0
4,1,3541,0,0
5,1,3542,0,0
6,4,3543,0,0
7,4,3544,0,0
0,2,3545,0,0
1,1,3546,0,0
2,8,3547,0,0
3,1,3548,0,0
4,1,3549,0,0
5,1,3550,0,0
6,2,3551,0,0
7,4,3552,0,0
0,2,3553,0,0
1,1,3554,0,0
2,8,3555,0,0
3,3,3556,0,0
4,1,3557,0,0
5,1,3558,0,0
6,2,3559,0,0
7,4,3560,0,0
0,2,3561,0,0
1,1,3562,0,0
2,7,3563,0,0
3,3,3564,0,0
4,1,3565,0,0
5,1,3566,0,0
6,1,3567,0,0
7,4,3568,0,0
0,5,3569,0,0
1,6,3570,0,0
2,7,3571,0,0
3,3,3572,0,0
4,1,3573,0,0
5,1,3574,0,0
6,2,3575,0,0
7,4,3576,0,0
0,6,3577,0,0
1,1,3578,0,0
2,7,3579,0,0
3,3,3580,0,0
4,7,3581,0,0
5,1,3582,0,0
6,2,3583,0,0
7,7,3584,0,0
0,6,3585,0,0
1,1,3586,0,0
2,4,3587,0,0
3,3,3588,0,0
4,1,3589,0,0
5,4,3590,0,0
6,2,3591,0,0
7,7,3592,0,0
0,2,3593,0,0
1,5,3594,0,0
2,5,3595,0,0
3,1,3596,0,0
4,1,3597,0,0
5,5,3598,0,0
6,2,3599,0,0
7,7,3600,0,0
0,5,3601,0,0
1,4,3602,0,0
2,5,3603,0,0
3,1,3604,0,0
4,1,3605,0,0
5,5,3606,0,0
6,3,3607,0,0
7,7,3608,0,0
0,8,3609,0,0
1,4,3610,0,0
2,5,3611,0,0
3,8,3612,0,0
4,1,3613,0,0
5,5,3614,0,0
6,4,3615,0,0
7,0,3616,0,0
0,8,3617,0,0
1,5,3618,0,0
2,5,3619,0,0
3,6,3620,0,0
4,1,3621,0,0
5,5,3622,0,0
6,4,3623,0,0
7,7,3624,0,0
0,6,3625,0,0
1,5,3626,0,0
2,5,3627,0,0
3,6,3628,0,0
4,1,3629,0,0
5,5,3630,0,0
6,4,3631,0,0
7,7,3632,0,0
0,6,3633,0,0
1,5,3634,0,0
2,6,3635,0,0
3,6,3636,0,0
4,1,3637,0,0
5,5,3638,0,0
6,4,3639,0,0
7,7,3640,0,0
0,5,3641,0,0
1,5,3642,0,0
2,7,3643,0,0
3,7,3644,0,0
4,1,3645,0,0
5,5,3646,0,0
6,4,3647,0,0
7,5,3648,0,0
0,5,3649,0,0
1,5,3650,0,0
2,4,3651,0,0
3,7,3652,0,0
4,1,3653,0,0
5,5,3654,0,0
6,4,3655,0,0
7,4,3656,0,0
0,5,3657,0,0
1,5,3658,0,0
2,4,3659,0,0
3,5,3660,0,0
4,7,3661,0,0
5,5,3662,0,0
6,4,3663,0,0
7,5,3664,0,0
0,6,3665,0,0
1,5,3666,0,0
2,4,3667,0,0
3,5,3668,0,0
4,6,3669,0,0
5,5,3670,0,0
6,6,3671,0,0
7,4,3672,0,0
0,6,3673,0,0
1,5,3674,0,0
2,5,3675,0,0
3,7,3676,0,0
4,6,3677,0,0
5,4,3678,0,0
6,5,3679,0,0
7,4,3680,0,0
0,6,3681,0,0
1,5,3682,0,0
2,4,3683,0,0
3,5,3684,0,0
4,6,3685,0,0
5,5,3686,0,0
6,6,3687,0,0
7,4,3688,0,0
0,5,3689,0,0
1,5,3690,0,0
2,4,3691,0,0
3,5,3692,0,0
4,6,3693,0,0
5,5,3694,0,0
6,4,3695,0,0
7,5,3696,0,0
0,5,3697,0,0
1,5,3698,0,0
2,5,3699,0,0
3,0,3700,0,0
4,6,3701,0,0
5,5,3702,0,0
6,6,3703,0,0
7,0,3704,0,0
0,5,3705,0,0
1,3,3706,0,0
2,7,3707,0,0
3,0,3708,0,0
4,6,3709,0,0
5,5,3710,0,0
6,6,3711,0,0
7,0,3712,0,0
0,5,3713,0,0
1,3,3714,0,0
2,7,3715,0,0
3,0,3716,0,0
4,6,3717,0,0
5,5,3718,0,0
6,6,3719,0,0
7,2,3720,0,0
0,6,3721,0,0
1,5,3722,0,0
2,7,3723,0,0
3,0,3724,0,0
4,6,3725,0,0
5,4,3726,0,0
6,6,3727,0,0
7,2,3728,0,0
0,6,3729,0,0
1,7,3730,0,0
2,7,3731,0,0
3,0,3732,0,0
4,4,3733,0,0
5,4,3734,0,0
6,6,3735,0,0
7,2,3736,0,0
0,7,3737,0,0
1,7,3738,0,0
2,7,3739,0,0
3,0,3740,0,0
4,2,3741,0,0
5,5,3742,0,0
6,2,3743,0,0
7,2,3744,0,0
0,6,3745,0,0
1,4,3746,0,0
2,7,3747,0,0
3,1,3748,0,0
4,2,3749,0,0
5,1,3750,0,0
6,1,3751,0,0
7,2,3752,0,0
0,6,3753,0,0
1,4,3754,0,0
2,7,3755,0,0
3,1,3756,0,0
4,4,3757,0,0
5,1,3758,0,0
6,1,3759,0,0
7,2,3760,0,0
0,5,3761,0,0
1,4,3762,0,0
2,7,3763,0,0
3,1,3764,0,0
4,4,3765,0,0
5,1,3766,0,0
6,1,3767,0,0
7,2,3768,0,0
0,6,3769,0,0
1,4,3770,0,0
2,4,3771,0,0
3,3,3772,0,0
4,0,3773,0,0
5,1,3774,0,0
6,1,3775,0,0
7,0,3776,0,0
0,5,3777,0,0
1,4,3778,0,0
2,5,3779,0,0
3,1,3780,0,0
4,0,3781,0,0
5,7,3782,0,0
6,1,3783,0,0
7,0,3784,0,0
0,5,3785,0,0
1,4,3786,0,0
2,4,3787,0,0
3,1,3788,0,0
4,4,3789,0,0
5,7,3790,0,0
6,1,3791,0,0
7,0,3792,0,0
0,6,3793,0,0
1,4,3794,0,0
2,4,3795,0,0
3,1,3796,0,0
4,4,3797,0,0
5,7,3798,0,0
6,2,3799,0,0
7,0,3800,0,0
0,6,3801,0,0
1,4,3802,0,0
2,4,3803,0,0
3,1,3804,0,0
4,0,3805,0,0
5,7,3806,0,0
6,3,3807,0,0
7,5,3808,0,0
0,4,3809,0,0
1,4,3810,0,0
2,4,3811,0,0
3,1,3812,0,0
4,4,3813,0,0
5,4,3814,0,0
6,4,3815,0,0
7,4,3816,0,0
0,4,3817,0,0
1,4,3818,0,0
2,4,3819,0,0
3,1,3820,0,0
4,4,3821,0,0
5,4,3822,0,0
6,3,3823,0,0
7,4,3824,0,0
0,4,3825,0,0
1,4,3826,0,0
2,4,3827,0,0
3,1,3828,0,0
4,4,3829,0,0
5,4,3830,0,0
6,3,3831,0,0
7,4,3832,0,0
0,4,3833,0,0
1,4,3834,0,0
2,4,3835,0,0
3,3,3836,0,0
4,4,3837,0,0
5,8,3838,0,0
6,3,3839,0,0
7,4,3840,0,0
0,4,3841,0,0
1,4,3842,0,0
2,4,3843,0,0
3,3,3844,0,0
4,4,3845,0,0
5,4,3846,0,0
6,4,3847,0,0
7,4,3848,0,0
0,4,3849,0,0
1,4,3850,0,0
2,4,3851,0,0
3,3,3852,0,0
4,4,3853,0,0
5,4,3854,0,0
6,3,3855,0,0
7,4,3856,0,0
0,4,3857,0,0
1,4,3858,0,0
2,5,3859,0,0
3,3,3860,0,0
4,2,3861,0,0
5,5,3862,0,0
6,3,3863,0,0
7,4,3864,0,0
0,6,3865,0,0
1,1,3866,0,0
2,5,3867,0,0
3,3,3868,0,0
4,2,3869,0,0
5,5,3870,0,0
6,3,3871,0,0
7,4,3872,0,0
0,6,3873,0,0
1,1,3874,0,0
2,4,3875,0,0
3,3,3876,0,0
4,4,3877,0,0
5,5,3878,0,0
6,3,3879,0,0
7,5,3880,0,0
0,6,3881,0,0
1,1,3882,0,0
2,4,3883,0,0
3,3,3884,0,0
4,4,3885,0,0
5,5,3886,0,0
6,3,3887,0,0
7,7,3888,0,0
0,6,3889,0,0
1,4,3890,0,0
2,7,3891,0,0
3,3,3892,0,0
4,4,3893,0,0
5,5,3894,0,0
6,3,3895,0,0
7,7,3896,0,0
0,4,3897,0,0
1,6,3898,0,0
2,7,3899,0,0
3,3,3900,0,0
4,2,3901,0,0
5,5,3902,0,0
6,3,3903,0,0
7,7,3904,0,0
0,6,3905,0,0
1,7,3906,0,0
2,8,3907,0,0
3,3,3908,0,0
4,2,3909,0,0
5,4,3910,0,0
6,3,3911,0,0
7,7,3912,0,0
0,6,3913,0,0
1,4,3914,0,0
2,7,3915,0,0
3,3,3916,0,0
4,2,3917,0,0
5,5,3918,0,0
6,2,3919,0,0
7,0,3920,0,0
0,6,3921,0,0
1,6,3922,0,0
2,7,3923,0,0
3,1,3924,0,0
4,4,3925,0,0
5,4,3926,0,0
6,2,3927,0,0
7,0,3928,0,0
0,6,3929,0,0
1,6,3930,0,0
2,7,3931,0,0
3,1,3932,0,0
4,4,3933,0,0
5,4,3934,0,0
6,8,3935,0,0
7,7,3936,0,0
0,6,3937,0,0
1,7,3938,0,0
2,4,3939,0,0
3,1,3940,0,0
4,4,3941,0,0
5,4,3942,0,0
6,8,3943,0,0
7,7,3944,0,0
0,6,3945,0,0
1,7,3946,0,0
2,4,3947,0,0
3,1,3948,0,0
4,4,3949,0,0
5,5,3950,0,0
6,8,3951,0,0
7,7,3952,0,0
0,3,3953,0,0
1,6,3954,0,0
2,7,3955,0,0
3,3,3956,0,0
4,4,3957,0,0
5,5,3958,0,0
6,8,3959,0,0
7,7,3960,0,0
0,4,3961,0,0
1,7,3962,0,0
2,7,3963,0,0
3,3,3964,0,0
4,4,3965,0,0
5,5,3966,0,0
6,1,3967,0,0
7,7,3968,0,0
0,4,3969,0,0
1,1,3970,0,0
2,7,3971,0,0
3,3,3972,0,0
4,2,3973,0,0
5,5,3974,0,0
6,8,3975,0,0
7,1,3976,0,0
0,4,3977,0,0
1,1,3978,0,0
2,7,3979,0,0
3,3,3980,0,0
4,4,3981,0,0
5,5,3982,0,0
6,8,3983,0,0
7,3,3984,0,0
0,6,3985,0,0
1,1,3986,0,0
2,7,3987,0,0
3,3,3988,0,0
4,4,3989,0,0
5,5,3990,0,0
6,8,3991,0,0
7,5,3992,0,0
0,2,3993,0,0
1,1,3994,0,0
2,7,3995,0,0
3,3,3996,0,0
4,2,3997,0,0
5,5,3998,0,0
6,8,3999,0,0
7,3,4000,0,0
0,4,4001,0,0
1,1,4002,0,0
2,8,4003,0,0
3,3,4004,0,0
4,4,4005,0,0
5,7,4006,0,0
6,2,4007,0,0
7,5,4008,0,0
0,4,4009,0,0
1,1,4010,0,0
2,8,4011,0,0
3,3,4012,0,0
4,4,4013,0,0
5,8,4014,0,0
6,2,4015,0,0
7,1,4016,0,0
0,6,4017,0,0
1,1,4018,0,0
2,8,4019,0,0
3,3,4020,0,0
4,4,4021,0,0
5,8,4022,0,0
6,2,4023,0,0
7,1,4024,0,0
0,6,4025,0,0
1,1,4026,0,0
2,8,4027,0,0
3,3,4028,0,0
4,4,4029,0,0
5,7,4030,0,0
6,1,4031,0,0
7,1,4032,0,0
0,6,4033,0,0
1,1,4034,0,0
2,8,4035,0,0
3,3,4036,0,0
4,2,4037,0,0
5,8,4038,0,0
6,1,4039,0,0
7,2,4040,0,0
0,6,4041,0,0
1,1,4042,0,0
2,8,4043,0,0
3,2,4044,0,0
4,2,4045,0,0
5,7,4046,0,0
6,1,4047,0,0
7,1,4048,0,0
0,6,4049,0,0
1,1,4050,0,0
2,8,4051,0,0
3,1,4052,0,0
4,2,4053,0,0
5,8,4054,0,0
6,1,4055,0,0
7,7,4056,0,0
0,6,4057,0,0
1,6,4058,0,0
2,8,4059,0,0
3,1,4060,0,0
4,2,4061,0,0
5,7,4062,0,0
6,1,4063,0,0
7,7,4064,0,0
0,4,4065,0,0
1,6,4066,0,0
2,8,4067,0,0
3,1,4068,0,0
4,2,4069,0,0
5,8,4070,0,0
6,1,4071,0,0
7,7,4072,0,0
0,4,4073,0,0
1,7,4074,0,0
2,8,4075,0,0
3,1,4076,0,0
4,2,4077,0,0
5,8,4078,0,0
6,1,4079,0,0
7,4,4080,0,0
0,2,4081,0,0
1,5,4082,0,0
2,8,4083,0,0
3,1,4084,0,0
4,2,4085,0,0
5,8,4086,0,0
6,1,4087,0,0
7,4,4088,0,0
0,4,4089,0,0
1,7,4090,0,0
2,8,4091,0,0
3,1,4092,0,0
4,2,4093,0,0
5,1,4094,0,0
6,1,4095,0,0
7,4,4096,0,0
0,4,4097,0,0
1,4,4098,0,0
2,8,4099,0,0
3,1,4100,0,0
4,2,4101,0,0
5,1,4102,0,0
6,1,4103,0,0
7,4,4104,0,0
0,6,4105,0,0
1,4,4106,0,0
2,8,4107,0,0
3,1,4108,0,0
4,4,4109,0,0
5,1,4110,0,0
6,1,4111,0,0
7,4,4112,0,0
0,6,4113,0,0
1,6,4114,0,0
2,8,4115,0,0
3,1,4116,0,0
4,4,4117,0,0
5,8,4118,0,0
6,1,4119,0,0
7,4,4120,0,0
0,6,4121,0,0
1,6,4122,0,0
2,5,4123,0,0
3,1,4124,0,0
4,4,4125,0,0
5,8,4126,0,0
6,1,4127,0,0
7,4,4128,0,0
0,6,4129,0,0
1,6,4130,0,0
2,8,4131,0,0
3,1,4132,0,0
4,4,4133,0,0
5,7,4134,0,0
6,1,4135,0,0
7,4,4136,0,0
0,5,4137,0,0
1,6,4138,0,0
2,8,4139,0,0
3,1,4140,0,0
4,4,4141,0,0
5,7,4142,0,0
6,1,4143,0,0
7,4,4144,0,0
0,5,4145,0,0
1,7,4146,0,0
2,8,4147,0,0
3,1,4148,0,0
4,4,4149,0,0
5,7,4150,0,0
6,1,4151,0,0
7,7,4152,0,0
0,4,4153,0,0
1,7,4154,0,0
2,8,4155,0,0
3,1,4156,0,0
4,4,4157,0,0
5,7,4158,0,0
6,1,4159,0,0
7,6,4160,0,0
0,6,4161,0,0
1,5,4162,0,0
2,8,4163,0,0
3,1,4164,0,0
4,4,4165,0,0
5,7,4166,0,0
6,2,4167,0,0
7,6,4168,0,0
0,6,4169,0,0
1,3,4170,0,0
2,8,4171,0,0
3,1,4172,0,0
4,2,4173,0,0
5,7,4174,0,0
6,1,4175,0,0
7,6,4176,0,0
0,6,4177,0,0
1,6,4178,0,0
2,8,4179,0,0
3,1,4180,0,0
4,4,4181,0,0
5,5,4182,0,0
6,2,4183,0,0
7,1,4184,0,0
0,6,4185,0,0
1,6,4186,0,0
2,8,4187,0,0
3,1,4188,0,0
4,4,4189,0,0
5,8,4190,0,0
6,1,4191,0,0
7,1,4192,0,0
0,6,4193,0,0
1,6,4194,0,0
2,8,4195,0,0
3,1,4196,0,0
4,4,4197,0,0
5,3,4198,0,0
6,1,4199,0,0
7,1,4200,0,0
0,6,4201,0,0
1,3,4202,0,0
2,8,4203,0,0
3,1,4204,0,0
4,4,4205,0,0
5,7,4206,0,0
6,1,4207,0,0
7,1,4208,0,0
0,6,4209,0,0
1,6,4210,0,0
2,8,4211,0,0
3,1,4212,0,0
4,4,4213,0,0
5,2,4214,0,0
6,8,4215,0,0
7,1,4216,0,0
0,6,4217,0,0
1,6,4218,0,0
2,8,4219,0,0
3,1,4220,0,0
4,2,4221,0,0
5,1,4222,0,0
6,1,4223,0,0
7,1,4224,0,0
0,6,4225,0,0
1,6,4226,0,0
2,8,4227,0,0
3,1,4228,0,0
4,4,4229,0,0
5,8,4230,0,0
6,8,4231,0,0
7,1,4232,0,0
0,6,4233,0,0
1,7,4234,0,0
2,8,4235,0,0
3,3,4236,0,0
4,4,4237,0,0
5,8,4238,0,0
6,0,4239,0,0
7,1,4240,0,0
0,2,4241,0,0
1,7,4242,0,0
2,8,4243,0,0
3,3,4244,0,0
4,4,4245,0,0
5,7,4246,0,0
6,0,4247,0,0
7,4,4248,0,0
0,5,4249,0,0
1,7,4250,0,0
2,8,4251,0,0
3,3,4252,0,0
4,4,4253,0,0
5,7,4254,0,0
6,0,4255,0,0
7,5,4256,0,0
0,5,4257,0,0
1,5,4258,0,0
2,8,4259,0,0
3,1,4260,0,0
4,4,4261,0,0
5,7,4262,0,0
6,0,4263,0,0
7,2,4264,0,0
0,6,4265,0,0
1,6,4266,0,0
2,8,4267,0,0
3,1,4268,0,0
4,4,4269,0,0
5,1,4270,0,0
6,0,4271,0,0
7,2,4272,0,0
0,8,4273,0,0
1,7,4274,0,0
2,8,4275,0,0
3,1,4276,0,0
4,4,4277,0,0
5,1,4278,0,0
6,1,4279,0,0
7,2,4280,0,0
0,5,4281,0,0
1,7,4282,0,0
2,8,4283,0,0
3,1,4284,0,0
4,4,4285,0,0
5,1,4286,0,0
6,8,4287,0,0
7,2,4288,0,0
0,6,4289,0,0
1,7,4290,0,0
2,8,4291,0,0
3,1,4292,0,0
4,4,4293,0,0
5,1,4294,0,0
6,8,4295,0,0
7,2,4296,0,0
0,6,4297,0,0
1,6,4298,0,0
2,8,4299,0,0
3,1,4300,0,0
4,4,4301,0,0
5,1,4302,0,0
6,8,4303,0,0
7,1,4304,0,0
0,5,4305,0,0
1,5,4306,0,0
2,8,4307,0,0
3,1,4308,0,0
4,4,4309,0,0
5,2,4310,0,0
6,8,4311,0,0
7,3,4312,0,0
0,5,4313,0,0
1,3,4314,0,0
2,8,4315,0,0
3,1,4316,0,0
4,4,4317,0,0
5,7,4318,0,0
6,1,4319,0,0
7,2,4320,0,0
0,5,4321,0,0
1,3,4322,0,0
2,8,4323,0,0
3,1,4324,0,0
4,4,4325,0,0
5,8,4326,0,0
6,1,4327,0,0
7,1,4328,0,0
0,8,4329,0,0
1,6,4330,0,0
2,8,4331,0,0
3,1,4332,0,0
4,4,4333,0,0
5,1,4334,0,0
6,1,4335,0,0
7,1,4336,0,0
0,6,4337,0,0
1,6,4338,0,0
2,8,4339,0,0
3,1,4340,0,0
4,0,4341,0,0
5,8,4342,0,0
6,1,4343,0,0
7,2,4344,0,0
0,6,4345,0,0
1,7,4346,0,0
2,8,4347,0,0
3,1,4348,0,0
4,4,4349,0,0
5,1,4350,0,0
6,1,4351,0,0
7,2,4352,0,0
0,5,4353,0,0
1,5,4354,0,0
2,8,4355,0,0
3,1,4356,0,0
4,4,4357,0,0
5,1,4358,0,0
6,1,4359,0,0
7,2,4360,0,0
0,6,4361,0,0
1,4,4362,0,0
2,8,4363,0,0
3,1,4364,0,0
4,4,4365,0,0
5,1,4366,0,0
6,1,4367,0,0
7,5,4368,0,0
0,8,4369,0,0
1,7,4370,0,0
2,8,4371,0,0
3,1,4372,0,0
4,2,4373,0,0
5,1,4374,0,0
6,1,4375,0,0
7,5,4376,0,0
0,6,4377,0,0
1,7,4378,0,0
2,8,4379,0,0
3,8,4380,0,0
4,2,4381,0,0
5,2,4382,0,0
6,1,4383,0,0
7,3,4384,0,0
0,6,4385,0,0
1,7,4386,0,0
2,8,4387,0,0
3,8,4388,0,0
4,4,4389,0,0
5,1,4390,0,0
6,1,4391,0,0
7,3,4392,0,0
0,5,4393,0,0
1,7,4394,0,0
2,8,4395,0,0
3,1,4396,0,0
4,2,4397,0,0
5,7,4398,0,0
6,1,4399,0,0
7,3,4400,0,0
0,5,4401,0,0
1,7,4402,0,0
2,8,4403,0,0
3,1,4404,0,0
4,4,4405,0,0
5,1,4406,0,0
6,1,4407,0,0
7,0,4408,0,0
0,6,4409,0,0
1,7,4410,0,0
2,8,4411,0,0
3,1,4412,0,0
4,4,4413,0,0
5,7,4414,0,0
6,1,4415,0,0
7,3,4416,0,0
0,6,4417,0,0
1,6,4418,0,0
2,8,4419,0,0
3,1,4420,0,0
4,2,4421,0,0
5,7,4422,0,0
6,1,4423,0,0
7,4,4424,0,0
0,5,4425,0,0
1,3,4426,0,0
2,8,4427,0,0
3,1,4428,0,0
4,1,4429,0,0
5,7,4430,0,0
6,1,4431,0,0
7,4,4432,0,0
0,5,4433,0,0
1,3,4434,0,0
2,8,4435,0,0
3,8,4436,0,0
4,1,4437,0,0
5,7,4438,0,0
6,1,4439,0,0
7,4,4440,0,0
0,4,4441,0,0
1,6,4442,0,0
2,8,4443,0,0
3,8,4444,0,0
4,1,4445,0,0
5,7,4446,0,0
6,1,4447,0,0
7,4,4448,0,0
0,5,4449,0,0
1,7,4450,0,0
2,6,4451,0,0
3,8,4452,0,0
4,1,4453,0,0
5,7,4454,0,0
6,1,4455,0,0
7,4,4456,0,0
0,6,4457,0,0
1,3,4458,0,0
2,6,4459,0,0
3,1,4460,0,0
4,1,4461,0,0
5,7,4462,0,0
6,1,4463,0,0
7,4,4464,0,0
0,5,4465,0,0
1,3,4466,0,0
2,7,4467,0,0
3,1,4468,0,0
4,1,4469,0,0
5,7,4470,0,0
6,1,4471,0,0
7,4,4472,0,0
0,5,4473,0,0
1,6,4474,0,0
2,7,4475,0,0
3,1,4476,0,0
4,1,4477,0,0
5,7,4478,0,0
6,1,4479,0,0
7,4,4480,0,0
0,5,4481,0,0
1,7,4482,0,0
2,6,4483,0,0
3,3,4484,0,0
4,1,4485,0,0
5,2,4486,0,0
6,1,4487,0,0
7,4,4488,0,0
0,6,4489,0,0
1,7,4490,0,0
2,1,4491,0,0
3,3,4492,0,0
4,1,4493,0,0
5,1,4494,0,0
6,1,4495,0,0
7,4,4496,0,0
0,2,4497,0,0
1,5,4498,0,0
2,8,4499,0,0
3,2,4500,0,0
4,1,4501,0,0
5,1,4502,0,0
6,1,4503,0,0
7,4,4504,0,0
0,2,4505,0,0
1,5,4506,0,0
2,1,4507,0,0
3,1,4508,0,0
4,1,4509,0,0
5,1,4510,0,0
6,8,4511,0,0
7,1,4512,0,0
0,6,4513,0,0
1,3,4514,0,0
2,1,4515,0,0
3,1,4516,0,0
4,1,4517,0,0
5,1,4518,0,0
6,1,4519,0,0
7,1,4520,0,0
0,6,4521,0,0
1,5,4522,0,0
2,7,4523,0,0
3,3,4524,0,0
4,1,4525,0,0
5,1,4526,0,0
6,1,4527,0,0
7,7,4528,0,0
0,6,4529,0,0
1,5,4530,0,0
2,8,4531,0,0
3,3,4532,0,0
4,1,4533,0,0
5,1,4534,0,0
6,8,4535,0,0
7,7,4536,0,0
0,4,4537,0,0
1,5,4538,0,0
2,1,4539,0,0
3,2,4540,0,0
4,1,4541,0,0
5,1,4542,0,0
6,8,4543,0,0
7,7,4544,0,0
0,2,4545,0,0
1,3,4546,0,0
2,1,4547,0,0
3,1,4548,0,0
4,1,4549,0,0
5,1,4550,0,0
6,1,4551,0,0
7,7,4552,0,0
0,2,4553,0,0
1,5,4554,0,0
2,1,4555,0,0
3,1,4556,0,0
4,1,4557,0,0
5,1,4558,0,0
6,1,4559,0,0
7,5,4560,0,0
0,4,4561,0,0
1,5,4562,0,0
2,8,4563,0,0
3,7,4564,0,0
4,1,4565,0,0
5,1,4566,0,0
6,1,4567,0,0
7,5,4568,0,0
0,4,4569,0,0
1,3,4570,0,0
2,8,4571,0,0
3,1,4572,0,0
4,1,4573,0,0
5,1,4574,0,0
6,1,4575,0,0
7,7,4576,0,0
0,5,4577,0,0
1,5,4578,0,0
2,8,4579,0,0
3,1,4580,0,0
4,1,4581,0,0
5,1,4582,0,0
6,1,4583,0,0
7,0,4584,0,0
0,8,4585,0,0
1,6,4586,0,0
2,8,4587,0,0
3,1,4588,0,0
4,1,4589,0,0
5,1,4590,0,0
6,1,4591,0,0
7,1,4592,0,0
0,3,4593,0,0
1,6,4594,0,0
2,8,4595,0,0
3,7,4596,0,0
4,7,4597,0,0
5,1,4598,0,0
6,1,4599,0,0
7,0,4600,0,0
0,3,4601,0,0
1,6,4602,0,0
2,8,4603,0,0
3,8,4604,0,0
4,7,4605,0,0
5,1,4606,0,0
6,1,4607,0,0
7,0,4608,0,0
0,5,4609,0,0
1,7,4610,0,0
2,8,4611,0,0
3,8,4612,0,0
4,1,4613,0,0
5,7,4614,0,0
6,8,4615,0,0
7,1,4616,0,0
0,5,4617,0,0
1,6,4618,0,0
2,8,4619,0,0
3,8,4620,0,0
4,1,4621,0,0
5,7,4622,0,0
6,8,4623,0,0
7,0,4624,0,0
0,5,4625,0,0
1,5,4626,0,0
2,8,4627,0,0
3,8,4628,0,0
4,7,4629,0,0
5,7,4630,0,0
6,8,4631,0,0
7,1,4632,0,0
0,5,4633,0,0
1,3,4634,0,0
2,8,4635,0,0
3,8,4636,0,0
4,1,4637,0,0
5,1,4638,0,0
6,1,4639,0,0
7,0,4640,0,0
0,4,4641,0,0
1,7,4642,0,0
2,8,4643,0,0
3,7,4644,0,0
4,1,4645,0,0
5,1,4646,0,0
6,1,4647,0,0
7,0,4648,0,0
0,5,4649,0,0
1,6,4650,0,0
2,8,4651,0,0
3,5,4652,0,0
4,1,4653,0,0
5,1,4654,0,0
6,1,4655,0,0
7,0,4656,0,0
0,5,4657,0,0
1,6,4658,0,0
2,8,4659,0,0
3,8,4660,0,0
4,1,4661,0,0
5,1,4662,0,0
6,1,4663,0,0
7,0,4664,0,0
0,4,4665,0,0
1,6,4666,0,0
2,8,4667,0,0
3,7,4668,0,0
4,1,4669,0,0
5,1,4670,0,0
6,8,4671,0,0
7,0,4672,0,0
0,2,4673,0,0
1,6,4674,0,0
2,8,4675,0,0
3,7,4676,0,0
4,1,4677,0,0
5,1,4678,0,0
6,1,4679,0,0
7,7,4680,0,0
0,2,4681,0,0
1,6,4682,0,0
2,8,4683,0,0
3,1,4684,0,0
4,1,4685,0,0
5,1,4686,0,0
6,1,4687,0,0
7,7,4688,0,0
0,8,4689,0,0
1,6,4690,0,0
2,8,4691,0,0
3,1,4692,0,0
4,1,4693,0,0
5,1,4694,0,0
6,1,4695,0,0
7,0,4696,0,0
0,5,4697,0,0
1,6,4698,0,0
2,8,4699,0,0
3,1,4700,0,0
4,1,4701,0,0
5,1,4702,0,0
6,1,4703,0,0
7,2,4704,0,0
0,5,4705,0,0
1,6,4706,0,0
2,1,4707,0,0
3,1,4708,0,0
4,4,4709,0,0
5,2,4710,0,0
6,1,4711,0,0
7,2,4712,0,0
0,5,4713,0,0
1,5,4714,0,0
2,7,4715,0,0
3,1,4716,0,0
4,1,4717,0,0
5,1,4718,0,0
6,8,4719,0,0
7,0,4720,0,0
0,5,4721,0,0
1,4,4722,0,0
2,8,4723,0,0
3,1,4724,0,0
4,1,4725,0,0
5,1,4726,0,0
6,1,4727,0,0
7,7,4728,0,0
0,5,4729,0,0
1,4,4730,0,0
2,8,4731,0,0
3,1,4732,0,0
4,1,4733,0,0
5,1,4734,0,0
6,1,4735,0,0
7,7,4736,0,0
0,5,4737,0,0
1,4,4738,0,0
2,8,4739,0,0
3,1,4740,0,0
4,1,4741,0,0
5,1,4742,0,0
6,1,4743,0,0
7,7,4744,0,0
0,5,4745,0,0
1,3,4746,0,0
2,8,4747,0,0
3,1,4748,0,0
4,1,4749,0,0
5,1,4750,0,0
6,1,4751,0,0
7,7,4752,0,0
0,5,4753,0,0
1,5,4754,0,0
2,8,4755,0,0
3,5,4756,0,0
4,1,4757,0,0
5,1,4758,0,0
6,2,4759,0,0
7,7,4760,0,0
0,5,4761,0,0
1,6,4762,0,0
2,8,4763,0,0
3,5,4764,0,0
4,1,4765,0,0
5,1,4766,0,0
6,2,4767,0,0
7,7,4768,0,0
0,5,4769,0,0
1,5,4770,0,0
2,8,4771,0,0
3,5,4772,0,0
4,8,4773,0,0
5,5,4774,0,0
6,1,4775,0,0
7,7,4776,0,0
0,5,4777,0,0
1,5,4778,0,0
2,8,4779,0,0
3,5,4780,0,0
4,8,4781,0,0
5,7,4782,0,0
6,1,4783,0,0
7,7,4784,0,0
0,5,4785,0,0
1,6,4786,0,0
2,8,4787,0,0
3,8,4788,0,0
4,8,4789,0,0
5,2,4790,0,0
6,1,4791,0,0
7,0,4792,0,0
0,5,4793,0,0
1,7,4794,0,0
2,8,4795,0,0
3,8,4796,0,0
4,7,4797,0,0
5,2,4798,0,0
6,1,4799,0,0
7,0,4800,0,0
0,3,4801,0,0
1,7,4802,0,0
2,7,4803,0,0
3,1,4804,0,0
4,7,4805,0,0
5,1,4806,0,0
6,1,4807,0,0
7,0,4808,0,0
0,3,4809,0,0
1,6,4810,0,0
2,7,4811,0,0
3,0,4812,0,0
4,7,4813,0,0
5,1,4814,0,0
6,1,4815,0,0
7,0,4816,0,0
0,3,4817,0,0
1,6,4818,0,0
2,7,4819,0,0
3,0,4820,0,0
4,7,4821,0,0
5,1,4822,0,0
6,1,4823,0,0
7,0,4824,0,0
0,3,4825,0,0
1,6,4826,0,0
2,7,4827,0,0
3,0,4828,0,0
4,7,4829,0,0
5,1,4830,0,0
6,1,4831,0,0
7,0,4832,0,0
0,3,4833,0,0
1,6,4834,0,0
2,7,4835,0,0
3,0,4836,0,0
4,7,4837,0,0
5,1,4838,0,0
6,1,4839,0,0
7,0,4840,0,0
0,3,4841,0,0
1,5,4842,0,0
2,7,4843,0,0
3,0,4844,0,0
4,1,4845,0,0
5,1,4846,0,0
6,1,4847,0,0
7,0,4848,0,0
0,3,4849,0,0
1,6,4850,0,0
2,4,4851,0,0
3,0,4852,0,0
4,1,4853,0,0
5,1,4854,0,0
6,1,4855,0,0
7,7,4856,0,0
0,3,4857,0,0
1,6,4858,0,0
2,4,4859,0,0
3,0,4860,0,0
4,1,4861,0,0
5,1,4862,0,0
6,1,4863,0,0
7,0,4864,0,0
0,3,4865,0,0
1,6,4866,0,0
2,4,4867,0,0
3,0,4868,0,0
4,1,4869,0,0
5,1,4870,0,0
6,1,4871,0,0
7,0,4872,0,0
0,3,4873,0,0
1,5,4874,0,0
2,7,4875,0,0
3,0,4876,0,0
4,1,4877,0,0
5,1,4878,0,0
6,1,4879,0,0
7,0,4880,0,0
0,3,4881,0,0
1,7,4882,0,0
2,7,4883,0,0
3,0,4884,0,0
4,1,4885,0,0
5,1,4886,0,0
6,1,4887,0,0
7,0,4888,0,0
0,3,4889,0,0
1,6,4890,0,0
2,7,4891,0,0
3,0,4892,0,0
4,7,4893,0,0
5,1,4894,0,0
6,1,4895,0,0
7,0,4896,0,0
0,6,4897,0,0
1,6,4898,0,0
2,7,4899,0,0
3,0,4900,0,0
4,8,4901,0,0
5,1,4902,0,0
6,2,4903,0,0
7,0,4904,0,0
0,5,4905,0,0
1,6,4906,0,0
2,7,4907,0,0
3,0,4908,0,0
4,0,4909,0,0
5,1,4910,0,0
6,1,4911,0,0
7,0,4912,0,0
0,5,4913,0,0
1,5,4914,0,0
2,7,4915,0,0
3,0,4916,0,0
4,4,4917,0,0
5,1,4918,0,0
6,1,4919,0,0
7,0,4920,0,0
0,4,4921,0,0
1,1,4922,0,0
2,7,4923,0,0
3,0,4924,0,0
4,4,4925,0,0
5,1,4926,0,0
6,1,4927,0,0
7,0,4928,0,0
0,6,4929,0,0
1,7,4930,0,0
2,7,4931,0,0
3,0,4932,0,0
4,4,4933,0,0
5,7,4934,0,0
6,1,4935,0,0
7,0,4936,0,0
0,5,4937,0,0
1,6,4938,0,0
2,8,4939,0,0
3,0,4940,0,0
4,4,4941,0,0
5,7,4942,0,0
6,1,4943,0,0
7,0,4944,0,0
0,5,4945,0,0
1,6,4946,0,0
2,8,4947,0,0
3,0,4948,0,0
4,1,4949,0,0
5,5,4950,0,0
6,1,4951,0,0
7,0,4952,0,0
0,5,4953,0,0
1,6,4954,0,0
2,8,4955,0,0
3,0,4956,0,0
4,1,4957,0,0
5,5,4958,0,0
6,2,4959,0,0
7,0,4960,0,0
0,6,4961,0,0
1,6,4962,0,0
2,8,4963,0,0
3,6,4964,0,0
4,4,4965,0,0
5,8,4966,0,0
6,2,4967,0,0
7,0,4968,0,0
0,6,4969,0,0
1,6,4970,0,0
2,8,4971,0,0
3,7,4972,0,0
4,1,4973,0,0
5,3,4974,0,0
6,2,4975,0,0
7,0,4976,0,0
0,6,4977,0,0
1,6,4978,0,0
2,0,4979,0,0
3,5,4980,0,0
4,1,4981,0,0
5,5,4982,0,0
6,2,4983,0,0
7,0,4984,0,0
0,4,4985,0,0
1,6,4986,0,0
2,0,4987,0,0
3,5,4988,0,0
4,1,4989,0,0
5,5,4990,0,0
6,2,4991,0,0
7,0,4992,0,0
0,2,4993,0,0
1,6,4994,0,0
2,0,4995,0,0
3,7,4996,0,0
4,1,4997,0,0
5,7,4998,0,0
6,2,4999,0,0
7,0,5000,0,0
0,2,5001,0,0
1,6,5002,0,0
2,8,5003,0,0
3,6,5004,0,0
4,1,5005,0,0
5,7,5006,0,0
6,8,5007,0,0
7,0,5008,0,0
0,2,5009,0,0
1,6,5010,0,0
2,8,5011,0,0
3,6,5012,0,0
4,1,5013,0,0
5,7,5014,0,0
6,8,5015,0,0
7,0,5016,0,0
0,2,5017,0,0
1,3,5018,0,0
2,7,5019,0,0
3,6,5020,0,0
4,1,5021,0,0
5,7,5022,0,0
6,2,5023,0,0
7,0,5024,0,0
0,4,5025,0,0
1,3,5026,0,0
2,7,5027,0,0
3,6,5028,0,0
4,6,5029,0,0
5,7,5030,0,0
6,2,5031,0,0
7,0,5032,0,0
0,4,5033,0,0
1,3,5034,0,0
2,7,5035,0,0
3,6,5036,0,0
4,1,5037,0,0
5,7,5038,0,0
6,1,5039,0,0
7,7,5040,0,0
0,4,5041,0,0
1,3,5042,0,0
2,7,5043,0,0
3,6,5044,0,0
4,1,5045,0,0
5,7,5046,0,0
6,1,5047,0,0
7,7,5048,0,0
0,4,5049,0,0
1,3,5050,0,0
2,7,5051,0,0
3,6,5052,0,0
4,1,5053,0,0
5,7,5054,0,0
6,1,5055,0,0
7,7,5056,0,0
0,2,5057,0,0
1,3,5058,0,0
2,7,5059,0,0
3,6,5060,0,0
4,6,5061,0,0
5,7,5062,0,0
6,1,5063,0,0
7,7,5064,0,0
0,4,5065,0,0
1,3,5066,0,0
2,8,5067,0,0
3,6,5068,0,0
4,2,5069,0,0
5,7,5070,0,0
6,1,5071,0,0
7,0,5072,0,0
0,4,5073,0,0
1,3,5074,0,0
2,8,5075,0,0
3,7,5076,0,0
4,2,5077,0,0
5,1,5078,0,0
6,1,5079,0,0
7,0,5080,0,0
0,4,5081,0,0
1,6,5082,0,0
2,8,5083,0,0
3,0,5084,0,0
4,2,5085,0,0
5,2,5086,0,0
6,1,5087,0,0
7,0,5088,0,0
0,4,5089,0,0
1,3,5090,0,0
2,8,5091,0,0
3,0,5092,0,0
4,2,5093,0,0
5,8,5094,0,0
6,1,5095,0,0
7,0,5096,0,0
0,4,5097,0,0
1,3,5098,0,0
2,8,5099,0,0
3,0,5100,0,0
4,2,5101,0,0
5,8,5102,0,0
6,1,5103,0,0
7,0,5104,0,0
0,6,5105,0,0
1,7,5106,0,0
2,1,5107,0,0
3,0,5108,0,0
4,2,5109,0,0
5,8,5110,0,0
6,2,5111,0,0
7,0,5112,0,0
0,8,5113,0,0
1,7,5114,0,0
2,2,5115,0,0
3,0,5116,0,0
4,4,5117,0,0
5,8,5118,0,0
6,2,5119,0,0
7,0,5120,0,0
0,6,5121,0,0
1,7,5122,0,0
2,2,5123,0,0
3,0,5124,0,0
4,1,5125,0,0
5,7,5126,0,0
6,2,5127,0,0
7,0,5128,0,0
0,4,5129,0,0
1,7,5130,0,0
2,2,5131,0,0
3,0,5132,0,0
4,4,5133,0,0
5,7,5134,0,0
6,2,5135,0,0
7,0,5136,0,0
0,5,5137,0,0
1,7,5138,0,0
2,2,5139,0,0
3,5,5140,0,0
4,2,5141,0,0
5,7,5142,0,0
6,1,5143,0,0
7,0,5144,0,0
0,5,5145,0,0
1,7,5146,0,0
2,1,5147,0,0
3,1,5148,0,0
4,6,5149,0,0
5,7,5150,0,0
6,1,5151,0,0
7,0,5152,0,0
0,4,5153,0,0
1,7,5154,0,0
2,8,5155,0,0
3,1,5156,0,0
4,6,5157,0,0
5,7,5158,0,0
6,1,5159,0,0
7,0,5160,0,0
0,4,5161,0,0
1,7,5162,0,0
2,8,5163,0,0
3,1,5164,0,0
4,6,5165,0,0
5,2,5166,0,0
6,1,5167,0,0
7,0,5168,0,0
0,5,5169,0,0
1,7,5170,0,0
2,8,5171,0,0
3,1,5172,0,0
4,2,5173,0,0
5,2,5174,0,0
6,1,5175,0,0
7,0,5176,0,0
0,5,5177,0,0
1,7,5178,0,0
2,8,5179,0,0
3,1,5180,0,0
4,6,5181,0,0
5,7,5182,0,0
6,1,5183,0,0
7,2,5184,0,0
0,5,5185,0,0
1,7,5186,0,0
2,8,5187,0,0
3,1,5188,0,0
4,4,5189,0,0
5,1,5190,0,0
6,1,5191,0,0
7,2,5192,0,0
0,5,5193,0,0
1,6,5194,0,0
2,8,5195,0,0
3,6,5196,0,0
4,4,5197,0,0
5,2,5198,0,0
6,2,5199,0,0
7,2,5200,0,0
0,6,5201,0,0
1,6,5202,0,0
2,8,5203,0,0
3,6,5204,0,0
4,4,5205,0,0
5,2,5206,0,0
6,2,5207,0,0
7,2,5208,0,0
0,6,5209,0,0
1,6,5210,0,0
2,8,5211,0,0
3,1,5212,0,0
4,4,5213,0,0
5,2,5214,0,0
6,2,5215,0,0
7,0,5216,0,0
0,4,5217,0,0
1,7,5218,0,0
2,8,5219,0,0
3,2,5220,0,0
4,4,5221,0,0
5,8,5222,0,0
6,2,5223,0,0
7,5,5224,0,0
0,6,5225,0,0
1,7,5226,0,0
2,8,5227,0,0
3,3,5228,0,0
4,4,5229,0,0
5,8,5230,0,0
6,1,5231,0,0
7,5,5232,0,0
0,7,5233,0,0
1,6,5234,0,0
2,8,5235,0,0
3,3,5236,0,0
4,4,5237,0,0
5,3,5238,0,0
6,1,5239,0,0
7,5,5240,0,0
0,7,5241,0,0
1,5,5242,0,0
2,8,5243,0,0
3,3,5244,0,0
4,7,5245,0,0
5,4,5246,0,0
6,1,5247,0,0
7,7,5248,0,0
0,7,5249,0,0
1,6,5250,0,0
2,8,5251,0,0
3,3,5252,0,0
4,2,5253,0,0
5,3,5254,0,0
6,1,5255,0,0
7,2,5256,0,0
0,6,5257,0,0
1,6,5258,0,0
2,8,5259,0,0
3,3,5260,0,0
4,2,5261,0,0
5,4,5262,0,0
6,1,5263,0,0
7,7,5264,0,0
0,4,5265,0,0
1,7,5266,0,0
2,8,5267,0,0
3,3,5268,0,0
4,2,5269,0,0
5,4,5270,0,0
6,1,5271,0,0
7,7,5272,0,0
0,4,5273,0,0
1,7,5274,0,0
2,8,5275,0,0
3,3,5276,0,0
4,2,5277,0,0
5,8,5278,0,0
6,1,5279,0,0
7,7,5280,0,0
0,4,5281,0,0
1,7,5282,0,0
2,1,5283,0,0
3,1,5284,0,0
4,4,5285,0,0
5,2,5286,0,0
6,1,5287,0,0
7,7,5288,0,0
0,4,5289,0,0
1,1,5290,0,0
2,8,5291,0,0
3,1,5292,0,0
4,2,5293,0,0
5,1,5294,0,0
6,1,5295,0,0
7,2,5296,0,0
0,4,5297,0,0
1,7,5298,0,0
2,8,5299,0,0
3,1,5300,0,0
4,4,5301,0,0
5,1,5302,0,0
6,1,5303,0,0
7,2,5304,0,0
0,6,5305,0,0
1,1,5306,0,0
2,8,5307,0,0
3,1,5308,0,0
4,1,5309,0,0
5,1,5310,0,0
6,1,5311,0,0
7,1,5312,0,0
0,5,5313,0,0
1,7,5314,0,0
2,8,5315,0,0
3,1,5316,0,0
4,4,5317,0,0
5,1,5318,0,0
6,1,5319,0,0
7,0,5320,0,0
0,6,5321,0,0
1,7,5322,0,0
2,8,5323,0,0
3,1,5324,0,0
4,4,5325,0,0
5,1,5326,0,0
6,8,5327,0,0
7,0,5328,0,0
0,5,5329,0,0
1,7,5330,0,0
2,8,5331,0,0
3,1,5332,0,0
4,1,5333,0,0
5,1,5334,0,0
6,1,5335,0,0
7,0,5336,0,0
0,6,5337,0,0
1,7,5338,0,0
2,8,5339,0,0
3,1,5340,0,0
4,4,5341,0,0
5,1,5342,0,0
6,1,5343,0,0
7,0,5344,0,0
0,6,5345,0,0
1,7,5346,0,0
2,6,5347,0,0
3,1,5348,0,0
4,4,5349,0,0
5,1,5350,0,0
6,1,5351,0,0
7,0,5352,0,0
0,6,5353,0,0
1,7,5354,0,0
2,6,5355,0,0
3,1,5356,0,0
4,2,5357,0,0
5,1,5358,0,0
6,1,5359,0,0
7,0,5360,0,0
0,6,5361,0,0
1,7,5362,0,0
2,6,5363,0,0
3,7,5364,0,0
4,2,5365,0,0
5,7,5366,0,0
6,1,5367,0,0
7,0,5368,0,0
0,6,5369,0,0
1,6,5370,0,0
2,6,5371,0,0
3,1,5372,0,0
4,2,5373,0,0
5,1,5374,0,0
6,1,5375,0,0
7,0,5376,0,0
0,6,5377,0,0
1,6,5378,0,0
2,6,5379,0,0
3,1,5380,0,0
4,2,5381,0,0
5,1,5382,0,0
6,1,5383,0,0
7,0,5384,0,0
0,6,5385,0,0
1,6,5386,0,0
2,6,5387,0,0
3,1,5388,0,0
4,2,5389,0,0
5,1,5390,0,0
6,1,5391,0,0
7,0,5392,0,0
0,6,5393,0,0
1,6,5394,0,0
2,6,5395,0,0
3,8,5396,0,0
4,2,5397,0,0
5,1,5398,0,0
6,1,5399,0,0
7,0,5400,0,0
0,5,5401,0,0
1,6,5402,0,0
2,6,5403,0,0
3,8,5404,0,0
4,2,5405,0,0
5,1,5406,0,0
6,1,5407,0,0
7,0,5408,0,0
0,5,5409,0,0
1,6,5410,0,0
2,6,5411,0,0
3,1,5412,0,0
4,2,5413,0,0
5,1,5414,0,0
6,1,5415,0,0
7,0,5416,0,0
0,5,5417,0,0
1,6,5418,0,0
2,6,5419,0,0
3,1,5420,0,0
4,4,5421,0,0
5,1,5422,0,0
6,1,5423,0,0
7,0,5424,0,0
0,5,5425,0,0
1,6,5426,0,0
2,6,5427,0,0
3,1,5428,0,0
4,1,5429,0,0
5,8,5430,0,0
6,8,5431,0,0
7,0,5432,0,0
0,5,5433,0,0
1,6,5434,0,0
2,6,5435,0,0
3,1,5436,0,0
4,1,5437,0,0
5,8,5438,0,0
6,8,5439,0,0
7,0,5440,0,0
0,5,5441,0,0
1,6,5442,0,0
2,6,5443,0,0
3,7,5444,0,0
4,4,5445,0,0
5,1,5446,0,0
6,8,5447,0,0
7,0,5448,0,0
0,6,5449,0,0
1,6,5450,0,0
2,6,5451,0,0
3,1,5452,0,0
4,7,5453,0,0
5,1,5454,0,0
6,8,5455,0,0
7,7,5456,0,0
0,6,5457,0,0
1,6,5458,0,0
2,7,5459,0,0
3,1,5460,0,0
4,1,5461,0,0
5,1,5462,0,0
6,8,5463,0,0
7,0,5464,0,0
0,6,5465,0,0
1,6,5466,0,0
2,7,5467,0,0
3,1,5468,0,0
4,1,5469,0,0
5,1,5470,0,0
6,8,5471,0,0
7,0,5472,0,0
0,6,5473,0,0
1,6,5474,0,0
2,7,5475,0,0
3,1,5476,0,0
4,1,5477,0,0
5,1,5478,0,0
6,8,5479,0,0
7,0,5480,0,0
0,8,5481,0,0
1,7,5482,0,0
2,6,5483,0,0
3,1,5484,0,0
4,1,5485,0,0
5,1,5486,0,0
6,1,5487,0,0
7,0,5488,0,0
0,5,5489,0,0
1,7,5490,0,0
2,7,5491,0,0
3,1,5492,0,0
4,1,5493,0,0
5,5,5494,0,0
6,8,5495,0,0
7,7,5496,0,0
0,5,5497,0,0
1,7,5498,0,0
2,7,5499,0,0
3,1,5500,0,0
4,4,5501,0,0
5,3,5502,0,0
6,0,5503,0,0
7,7,5504,0,0
0,6,5505,0,0
1,1,5506,0,0
2,6,5507,0,0
3,1,5508,0,0
4,1,5509,0,0
5,3,5510,0,0
6,0,5511,0,0
7,7,5512,0,0
0,6,5513,0,0
1,4,5514,0,0
2,7,5515,0,0
3,1,5516,0,0
4,1,5517,0,0
5,4,5518,0,0
6,0,5519,0,0
7,7,5520,0,0
0,6,5521,0,0
1,7,5522,0,0
2,7,5523,0,0
3,1,5524,0,0
4,1,5525,0,0
5,5,5526,0,0
6,1,5527,0,0
7,7,5528,0,0
0,6,5529,0,0
1,7,5530,0,0
2,6,5531,0,0
3,1,5532,0,0
4,4,5533,0,0
5,5,5534,0,0
6,1,5535,0,0
7,7,5536,0,0
0,5,5537,0,0
1,7,5538,0,0
2,6,5539,0,0
3,1,5540,0,0
4,4,5541,0,0
5,5,5542,0,0
6,8,5543,0,0
7,5,5544,0,0
0,5,5545,0,0
1,7,5546,0,0
2,6,5547,0,0
3,1,5548,0,0
4,4,5549,0,0
5,5,5550,0,0
6,8,5551,0,0
7,7,5552,0,0
0,5,5553,0,0
1,7,5554,0,0
2,6,5555,0,0
3,1,5556,0,0
4,4,5557,0,0
5,5,5558,0,0
6,8,5559,0,0
7,7,5560,0,0
0,5,5561,0,0
1,6,5562,0,0
2,6,5563,0,0
3,1,5564,0,0
4,4,5565,0,0
5,5,5566,0,0
6,8,5567,0,0
7,1,5568,0,0
0,6,5569,0,0
1,6,5570,0,0
2,6,5571,0,0
3,6,5572,0,0
4,1,5573,0,0
5,1,5574,0,0
6,3,5575,0,0
7,1,5576,0,0
0,6,5577,0,0
1,6,5578,0,0
2,6,5579,0,0
3,1,5580,0,0
4,2,5581,0,0
5,1,5582,0,0
6,0,5583,0,0
7,1,5584,0,0
0,6,5585,0,0
1,6,5586,0,0
2,8,5587,0,0
3,1,5588,0,0
4,2,5589,0,0
5,7,5590,0,0
6,0,5591,0,0
7,1,5592,0,0
0,6,5593,0,0
1,7,5594,0,0
2,8,5595,0,0
3,1,5596,0,0
4,2,5597,0,0
5,1,5598,0,0
6,0,5599,0,0
7,4,5600,0,0
0,6,5601,0,0
1,7,5602,0,0
2,8,5603,0,0
3,1,5604,0,0
4,4,5605,0,0
5,1,5606,0,0
6,3,5607,0,0
7,4,5608,0,0
0,6,5609,0,0
1,7,5610,0,0
2,8,5611,0,0
3,1,5612,0,0
4,4,5613,0,0
5,1,5614,0,0
6,0,5615,0,0
7,6,5616,0,0
0,6,5617,0,0
1,1,5618,0,0
2,8,5619,0,0
3,2,5620,0,0
4,4,5621,0,0
5,1,5622,0,0
6,0,5623,0,0
7,4,5624,0,0
0,6,5625,0,0
1,5,5626,0,0
2,8,5627,0,0
3,3,5628,0,0
4,4,5629,0,0
5,1,5630,0,0
6,1,5631,0,0
7,4,5632,0,0
0,5,5633,0,0
1,5,5634,0,0
2,8,5635,0,0
3,3,5636,0,0
4,4,5637,0,0
5,1,5638,0,0
6,1,5639,0,0
7,4,5640,0,0
0,5,5641,0,0
1,5,5642,0,0
2,8,5643,0,0
3,3,5644,0,0
4,4,5645,0,0
5,1,5646,0,0
6,1,5647,0,0
7,4,5648,0,0
0,5,5649,0,0
1,5,5650,0,0
2,8,5651,0,0
3,1,5652,0,0
4,4,5653,0,0
5,1,5654,0,0
6,8,5655,0,0
7,4,5656,0,0
0,6,5657,0,0
1,5,5658,0,0
2,7,5659,0,0
3,8,5660,0,0
4,4,5661,0,0
5,2,5662,0,0
6,2,5663,0,0
7,4,5664,0,0
0,6,5665,0,0
1,6,5666,0,0
2,7,5667,0,0
3,1,5668,0,0
4,4,5669,0,0
5,5,5670,0,0
6,8,5671,0,0
7,4,5672,0,0
0,4,5673,0,0
1,6,5674,0,0
2,7,5675,0,0
3,1,5676,0,0
4,4,5677,0,0
5,5,5678,0,0
6,8,5679,0,0
7,4,5680,0,0
0,4,5681,0,0
1,7,5682,0,0
2,7,5683,0,0
3,1,5684,0,0
4,4,5685,0,0
5,5,5686,0,0
6,8,5687,0,0
7,4,5688,0,0
0,6,5689,0,0
1,7,5690,0,0
2,7,5691,0,0
3,1,5692,0,0
4,4,5693,0,0
5,4,5694,0,0
6,2,5695,0,0
7,4,5696,0,0
0,6,5697,0,0
1,7,5698,0,0
2,7,5699,0,0
3,1,5700,0,0
4,4,5701,0,0
5,7,5702,0,0
6,1,5703,0,0
7,4,5704,0,0
0,6,5705,0,0
1,7,5706,0,0
2,7,5707,0,0
3,1,5708,0,0
4,4,5709,0,0
5,8,5710,0,0
6,1,5711,0,0
7,6,5712,0,0
0,5,5713,0,0
1,6,5714,0,0
2,4,5715,0,0
3,1,5716,0,0
4,4,5717,0,0
5,8,5718,0,0
6,1,5719,0,0
7,7,5720,0,0
0,6,5721,0,0
1,7,5722,0,0
2,7,5723,0,0
3,1,5724,0,0
4,4,5725,0,0
5,7,5726,0,0
6,1,5727,0,0
7,0,5728,0,0
0,6,5729,0,0
1,7,5730,0,0
2,7,5731,0,0
3,8,5732,0,0
4,4,5733,0,0
5,8,5734,0,0
6,1,5735,0,0
7,0,5736,0,0
0,4,5737,0,0
1,6,5738,0,0
2,8,5739,0,0
3,8,5740,0,0
4,4,5741,0,0
5,7,5742,0,0
6,2,5743,0,0
7,0,5744,0,0
0,4,5745,0,0
1,5,5746,0,0
2,8,5747,0,0
3,5,5748,0,0
4,4,5749,0,0
5,7,5750,0,0
6,4,5751,0,0
7,0,5752,0,0
0,6,5753,0,0
1,5,5754,0,0
2,8,5755,0,0
3,5,5756,0,0
4,4,5757,0,0
5,7,5758,0,0
6,2,5759,0,0
7,0,5760,0,0
0,6,5761,0,0
1,5,5762,0,0
2,8,5763,0,0
3,8,5764,0,0
4,2,5765,0,0
5,7,5766,0,0
6,1,5767,0,0
7,0,5768,0,0
0,4,5769,0,0
1,5,5770,0,0
2,8,5771,0,0
3,8,5772,0,0
4,2,5773,0,0
5,7,5774,0,0
6,1,5775,0,0
7,0,5776,0,0
0,6,5777,0,0
1,5,5778,0,0
2,8,5779,0,0
3,8,5780,0,0
4,4,5781,0,0
5,5,5782,0,0
6,1,5783,0,0
7,0,5784,0,0
0,4,5785,0,0
1,5,5786,0,0
2,6,5787,0,0
3,1,5788,0,0
4,4,5789,0,0
5,5,5790,0,0
6,1,5791,0,0
7,0,5792,0,0
0,6,5793,0,0
1,5,5794,0,0
2,7,5795,0,0
3,1,5796,0,0
4,4,5797,0,0
5,5,5798,0,0
6,1,5799,0,0
7,0,5800,0,0
0,6,5801,0,0
1,5,5802,0,0
2,7,5803,0,0
3,1,5804,0,0
4,4,5805,0,0
5,8,5806,0,0
6,1,5807,0,0
7,0,5808,0,0
0,6,5809,0,0
1,5,5810,0,0
2,6,5811,0,0
3,1,5812,0,0
4,4,5813,0,0
5,8,5814,0,0
6,2,5815,0,0
7,0,5816,0,0
0,6,5817,0,0
1,3,5818,0,0
2,6,5819,0,0
3,1,5820,0,0
4,4,5821,0,0
5,8,5822,0,0
6,1,5823,0,0
7,0,5824,0,0
0,6,5825,0,0
1,3,5826,0,0
2,8,5827,0,0
3,1,5828,0,0
4,4,5829,0,0
5,7,5830,0,0
6,1,5831,0,0
7,0,5832,0,0
0,6,5833,0,0
1,5,5834,0,0
2,8,5835,0,0
3,3,5836,0,0
4,4,5837,0,0
5,7,5838,0,0
6,2,5839,0,0
7,0,5840,0,0
0,6,5841,0,0
1,7,5842,0,0
2,7,5843,0,0
3,3,5844,0,0
4,4,5845,0,0
5,7,5846,0,0
6,1,5847,0,0
7,0,5848,0,0
0,8,5849,0,0
1,3,5850,0,0
2,8,5851,0,0
3,3,5852,0,0
4,4,5853,0,0
5,7,5854,0,0
6,1,5855,0,0
7,0,5856,0,0
0,8,5857,0,0
1,3,5858,0,0
2,8,5859,0,0
3,3,5860,0,0
4,4,5861,0,0
5,7,5862,0,0
6,1,5863,0,0
7,0,5864,0,0
0,6,5865,0,0
1,7,5866,0,0
2,8,5867,0,0
3,3,5868,0,0
4,2,5869,0,0
5,2,5870,0,0
6,1,5871,0,0
7,0,5872,0,0
0,6,5873,0,0
1,3,5874,0,0
2,6,5875,0,0
3,3,5876,0,0
4,4,5877,0,0
5,2,5878,0,0
6,1,5879,0,0
7,0,5880,0,0
0,5,5881,0,0
1,4,5882,0,0
2,6,5883,0,0
3,1,5884,0,0
4,4,5885,0,0
5,7,5886,0,0
6,1,5887,0,0
7,0,5888,0,0
0,5,5889,0,0
1,4,5890,0,0
2,6,5891,0,0
3,8,5892,0,0
4,4,5893,0,0
5,1,5894,0,0
6,1,5895,0,0
7,0,5896,0,0
0,6,5897,0,0
1,4,5898,0,0
2,6,5899,0,0
3,8,5900,0,0
4,4,5901,0,0
5,1,5902,0,0
6,1,5903,0,0
7,0,5904,0,0
0,6,5905,0,0
1,4,5906,0,0
2,1,5907,0,0
3,8,5908,0,0
4,4,5909,0,0
5,1,5910,0,0
6,1,5911,0,0
7,0,5912,0,0
0,6,5913,0,0
1,7,5914,0,0
2,7,5915,0,0
3,8,5916,0,0
4,4,5917,0,0
5,7,5918,0,0
6,1,5919,0,0
7,0,5920,0,0
0,8,5921,0,0
1,4,5922,0,0
2,6,5923,0,0
3,8,5924,0,0
4,4,5925,0,0
5,7,5926,0,0
6,1,5927,0,0
7,0,5928,0,0
0,8,5929,0,0
1,7,5930,0,0
2,6,5931,0,0
3,1,5932,0,0
4,4,5933,0,0
5,7,5934,0,0
6,1,5935,0,0
7,0,5936,0,0
0,6,5937,0,0
1,7,5938,0,0
2,8,5939,0,0
3,7,5940,0,0
4,1,5941,0,0
5,2,5942,0,0
6,1,5943,0,0
7,0,5944,0,0
0,6,5945,0,0
1,7,5946,0,0
2,8,5947,0,0
3,8,5948,0,0
4,4,5949,0,0
5,2,5950,0,0
6,8,5951,0,0
7,0,5952,0,0
0,6,5953,0,0
1,7,5954,0,0
2,8,5955,0,0
3,1,5956,0,0
4,4,5957,0,0
5,2,5958,0,0
6,8,5959,0,0
7,0,5960,0,0
0,6,5961,0,0
1,3,5962,0,0
2,8,5963,0,0
3,8,5964,0,0
4,4,5965,0,0
5,1,5966,0,0
6,3,5967,0,0
7,0,5968,0,0
0,6,5969,0,0
1,3,5970,0,0
2,8,5971,0,0
3,7,5972,0,0
4,4,5973,0,0
5,2,5974,0,0
6,0,5975,0,0
7,0,5976,0,0
0,6,5977,0,0
1,5,5978,0,0
2,4,5979,0,0
3,8,5980,0,0
4,4,5981,0,0
5,1,5982,0,0
6,0,5983,0,0
7,0,5984,0,0
0,6,5985,0,0
1,7,5986,0,0
2,6,5987,0,0
3,1,5988,0,0
4,4,5989,0,0
5,1,5990,0,0
6,0,5991,0,0
7,0,5992,0,0
0,6,5993,0,0
1,7,5994,0,0
2,7,5995,0,0
3,8,5996,0,0
4,4,5997,0,0
5,1,5998,0,0
6,0,5999,0,0
7,0,6000,0,0
0,6,6001,0,0
1,5,6002,0,0
2,7,6003,0,0
3,8,6004,0,0
4,4,6005,0,0
5,1,6006,0,0
6,0,6007,0,0
7,0,6008,0,0
0,4,6009,0,0
1,5,6010,0,0
2,6,6011,0,0
3,7,6012,0,0
4,4,6013,0,0
5,1,6014,0,0
6,0,6015,0,0
7,0,6016,0,0
0,5,6017,0,0
1,5,6018,0,0
2,7,6019,0,0
3,8,6020,0,0
4,4,6021,0,0
5,1,6022,0,0
6,0,6023,0,0
7,0,6024,0,0
0,6,6025,0,0
1,5,6026,0,0
2,7,6027,0,0
3,8,6028,0,0
4,4,6029,0,0
5,1,6030,0,0
6,4,6031,0,0
7,0,6032,0,0
0,6,6033,0,0
1,5,6034,0,0
2,7,6035,0,0
3,8,6036,0,0
4,1,6037,0,0
5,7,6038,0,0
6,4,6039,0,0
7,0,6040,0,0
0,5,6041,0,0
1,5,6042,0,0
2,7,6043,0,0
3,1,6044,0,0
4,8,6045,0,0
5,7,6046,0,0
6,0,6047,0,0
7,0,6048,0,0
0,5,6049,0,0
1,7,6050,0,0
2,6,6051,0,0
3,8,6052,0,0
4,7,6053,0,0
5,7,6054,0,0
6,8,6055,0,0
7,0,6056,0,0
0,5,6057,0,0
1,1,6058,0,0
2,8,6059,0,0
3,8,6060,0,0
4,7,6061,0,0
5,1,6062,0,0
6,0,6063,0,0
7,0,6064,0,0
0,5,6065,0,0
1,3,6066,0,0
2,8,6067,0,0
3,8,6068,0,0
4,0,6069,0,0
5,1,6070,0,0
6,0,6071,0,0
7,0,6072,0,0
0,6,6073,0,0
1,3,6074,0,0
2,6,6075,0,0
3,1,6076,0,0
4,0,6077,0,0
5,1,6078,0,0
6,0,6079,0,0
7,0,6080,0,0
0,6,6081,0,0
1,5,6082,0,0
2,6,6083,0,0
3,1,6084,0,0
4,0,6085,0,0
5,1,6086,0,0
6,0,6087,0,0
7,0,6088,0,0
0,6,6089,0,0
1,5,6090,0,0
2,6,6091,0,0
3,1,6092,0,0
4,0,6093,0,0
5,1,6094,0,0
6,0,6095,0,0
7,0,6096,0,0
0,6,6097,0,0
1,6,6098,0,0
2,6,6099,0,0
3,0,6100,0,0
4,0,6101,0,0
5,1,6102,0,0
6,0,6103,0,0
7,0,6104,0,0
0,4,6105,0,0
1,6,6106,0,0
2,6,6107,0,0
3,0,6108,0,0
4,0,6109,0,0
5,1,6110,0,0
6,0,6111,0,0
7,0,6112,0,0
0,4,6113,0,0
1,7,6114,0,0
2,6,6115,0,0
3,0,6116,0,0
4,0,6117,0,0
5,1,6118,0,0
6,0,6119,0,0
7,0,6120,0,0
0,5,6121,0,0
1,7,6122,0,0
2,1,6123,0,0
3,0,6124,0,0
4,0,6125,0,0
5,1,6126,0,0
6,0,6127,0,0
7,0,6128,0,0
0,4,6129,0,0
1,1,6130,0,0
2,7,6131,0,0
3,0,6132,0,0
4,0,6133,0,0
5,1,6134,0,0
6,0,6135,0,0
7,0,6136,0,0
0,4,6137,0,0
1,7,6138,0,0
2,6,6139,0,0
3,0,6140,0,0
4,0,6141,0,0
5,1,6142,0,0
6,0,6143,0,0
7,0,6144,0,0
0,4,6145,0,0
1,4,6146,0,0
2,7,6147,0,0
3,7,6148,0,0
4,0,6149,0,0
5,1,6150,0,0
6,0,6151,0,0
7,0,6152,0,0
0,5,6153,0,0
1,4,6154,0,0
2,6,6155,0,0
3,5,6156,0,0
4,0,6157,0,0
5,1,6158,0,0
6,0,6159,0,0
7,0,6160,0,0
0,4,6161,0,0
1,4,6162,0,0
2,6,6163,0,0
3,6,6164,0,0
4,1,6165,0,0
5,1,6166,0,0
6,0,6167,0,0
7,0,6168,0,0
0,4,6169,0,0
1,4,6170,0,0
2,6,6171,0,0
3,5,6172,0,0
4,1,6173,0,0
5,8,6174,0,0
6,0,6175,0,0
7,0,6176,0,0
0,5,6177,0,0
1,4,6178,0,0
2,7,6179,0,0
3,5,6180,0,0
4,1,6181,0,0
5,1,6182,0,0
6,5,6183,0,0
7,0,6184,0,0
0,4,6185,0,0
1,4,6186,0,0
2,6,6187,0,0
3,6,6188,0,0
4,1,6189,0,0
5,1,6190,0,0
6,3,6191,0,0
7,0,6192,0,0
0,4,6193,0,0
1,7,6194,0,0
2,7,6195,0,0
3,6,6196,0,0
4,1,6197,0,0
5,1,6198,0,0
6,3,6199,0,0
7,0,6200,0,0
0,6,6201,0,0
1,4,6202,0,0
2,8,6203,0,0
3,6,6204,0,0
4,0,6205,0,0
5,1,6206,0,0
6,8,6207,0,0
7,0,6208,0,0
0,4,6209,0,0
1,7,6210,0,0
2,8,6211,0,0
3,7,6212,0,0
4,4,6213,0,0
5,1,6214,0,0
6,8,6215,0,0
7,0,6216,0,0
0,4,6217,0,0
1,7,6218,0,0
2,8,6219,0,0
3,6,6220,0,0
4,6,6221,0,0
5,1,6222,0,0
6,2,6223,0,0
7,0,6224,0,0
0,4,6225,0,0
1,7,6226,0,0
2,8,6227,0,0
3,5,6228,0,0
4,2,6229,0,0
5,1,6230,0,0
6,0,6231,0,0
7,0,6232,0,0
0,4,6233,0,0
1,6,6234,0,0
2,8,6235,0,0
3,5,6236,0,0
4,2,6237,0,0
5,1,6238,0,0
6,5,6239,0,0
7,0,6240,0,0
0,5,6241,0,0
1,6,6242,0,0
2,8,6243,0,0
3,5,6244,0,0
4,4,6245,0,0
5,1,6246,0,0
6,3,6247,0,0
7,1,6248,0,0
0,6,6249,0,0
1,6,6250,0,0
2,8,6251,0,0
3,5,6252,0,0
4,4,6253,0,0
5,1,6254,0,0
6,3,6255,0,0
7,7,6256,0,0
0,4,6257,0,0
1,6,6258,0,0
2,8,6259,0,0
3,6,6260,0,0
4,4,6261,0,0
5,1,6262,0,0
6,4,6263,0,0
7,7,6264,0,0
0,6,6265,0,0
1,7,6266,0,0
2,8,6267,0,0
3,6,6268,0,0
4,4,6269,0,0
5,1,6270,0,0
6,4,6271,0,0
7,7,6272,0,0
0,6,6273,0,0
1,6,6274,0,0
2,8,6275,0,0
3,6,6276,0,0
4,4,6277,0,0
5,1,6278,0,0
6,3,6279,0,0
7,7,6280,0,0
0,5,6281,0,0
1,7,6282,0,0
2,8,6283,0,0
3,1,6284,0,0
4,4,6285,0,0
5,1,6286,0,0
6,3,6287,0,0
7,7,6288,0,0
0,5,6289,0,0
1,7,6290,0,0
2,8,6291,0,0
3,7,6292,0,0
4,4,6293,0,0
5,1,6294,0,0
6,2,6295,0,0
7,7,6296,0,0
0,5,6297,0,0
1,6,6298,0,0
2,8,6299,0,0
3,5,6300,0,0
4,4,6301,0,0
5,1,6302,0,0
6,2,6303,0,0
7,7,6304,0,0
0,5,6305,0,0
1,6,6306,0,0
2,8,6307,0,0
3,6,6308,0,0
4,4,6309,0,0
5,1,6310,0,0
6,2,6311,0,0
7,7,6312,0,0
0,6,6313,0,0
1,6,6314,0,0
2,8,6315,0,0
3,6,6316,0,0
4,4,6317,0,0
5,1,6318,0,0
6,2,6319,0,0
7,7,6320,0,0
0,6,6321,0,0
1,6,6322,0,0
2,8,6323,0,0
3,6,6324,0,0
4,4,6325,0,0
5,1,6326,0,0
6,2,6327,0,0
7,7,6328,0,0
0,5,6329,0,0
1,6,6330,0,0
2,7,6331,0,0
3,7,6332,0,0
4,2,6333,0,0
5,1,6334,0,0
6,2,6335,0,0
7,7,6336,0,0
0,5,6337,0,0
1,7,6338,0,0
2,7,6339,0,0
3,5,6340,0,0
4,2,6341,0,0
5,1,6342,0,0
6,2,6343,0,0
7,7,6344,0,0
0,4,6345,0,0
1,6,6346,0,0
2,7,6347,0,0
3,6,6348,0,0
4,1,6349,0,0
5,1,6350,0,0
6,2,6351,0,0
7,7,6352,0,0
0,6,6353,0,0
1,6,6354,0,0
2,8,6355,0,0
3,7,6356,0,0
4,1,6357,0,0
5,1,6358,0,0
6,2,6359,0,0
7,7,6360,0,0
0,4,6361,0,0
1,6,6362,0,0
2,8,6363,0,0
3,1,6364,0,0
4,2,6365,0,0
5,1,6366,0,0
6,2,6367,0,0
7,7,6368,0,0
0,4,6369,0,0
1,5,6370,0,0
2,8,6371,0,0
3,1,6372,0,0
4,2,6373,0,0
5,1,6374,0,0
6,2,6375,0,0
7,7,6376,0,0
0,5,6377,0,0
1,5,6378,0,0
2,8,6379,0,0
3,7,6380,0,0
4,2,6381,0,0
5,1,6382,0,0
6,2,6383,0,0
7,7,6384,0,0
0,6,6385,0,0
1,7,6386,0,0
2,8,6387,0,0
3,6,6388,0,0
4,2,6389,0,0
5,1,6390,0,0
6,2,6391,0,0
7,5,6392,0,0
0,6,6393,0,0
1,1,6394,0,0
2,8,6395,0,0
3,6,6396,0,0
4,2,6397,0,0
5,1,6398,0,0
6,2,6399,0,0
7,7,6400,0,0
0,6,6401,0,0
1,6,6402,0,0
2,8,6403,0,0
3,6,6404,0,0
4,2,6405,0,0
5,1,6406,0,0
6,2,6407,0,0
7,5,6408,0,0
0,4,6409,0,0
1,6,6410,0,0
2,8,6411,0,0
3,6,6412,0,0
4,2,6413,0,0
5,1,6414,0,0
6,2,6415,0,0
7,7,6416,0,0
0,4,6417,0,0
1,7,6418,0,0
2,8,6419,0,0
3,7,6420,0,0
4,2,6421,0,0
5,1,6422,0,0
6,2,6423,0,0
7,7,6424,0,0
0,5,6425,0,0
1,7,6426,0,0
2,8,6427,0,0
3,7,6428,0,0
4,4,6429,0,0
5,1,6430,0,0
6,2,6431,0,0
7,7,6432,0,0
0,5,6433,0,0
1,7,6434,0,0
2,8,6435,0,0
3,7,6436,0,0
4,4,6437,0,0
5,1,6438,0,0
6,4,6439,0,0
7,0,6440,0,0
0,5,6441,0,0
1,7,6442,0,0
2,6,6443,0,0
3,7,6444,0,0
4,2,6445,0,0
5,1,6446,0,0
6,4,6447,0,0
7,0,6448,0,0
0,5,6449,0,0
1,7,6450,0,0
2,6,6451,0,0
3,6,6452,0,0
4,2,6453,0,0
5,1,6454,0,0
6,8,6455,0,0
7,0,6456,0,0
0,6,6457,0,0
1,7,6458,0,0
2,6,6459,0,0
3,5,6460,0,0
4,2,6461,0,0
5,1,6462,0,0
6,8,6463,0,0
7,0,6464,0,0
0,5,6465,0,0
1,7,6466,0,0
2,6,6467,0,0
3,6,6468,0,0
4,2,6469,0,0
5,1,6470,0,0
6,8,6471,0,0
7,0,6472,0,0
0,5,6473,0,0
1,7,6474,0,0
2,7,6475,0,0
3,7,6476,0,0
4,2,6477,0,0
5,1,6478,0,0
6,2,6479,0,0
7,0,6480,0,0
0,4,6481,0,0
1,7,6482,0,0
2,7,6483,0,0
3,7,6484,0,0
4,2,6485,0,0
5,1,6486,0,0
6,2,6487,0,0
7,0,6488,0,0
0,6,6489,0,0
1,7,6490,0,0
2,6,6491,0,0
3,7,6492,0,0
4,2,6493,0,0
5,1,6494,0,0
6,3,6495,0,0
7,4,6496,0,0
0,6,6497,0,0
1,7,6498,0,0
2,6,6499,0,0
3,7,6500,0,0
4,2,6501,0,0
5,1,6502,0,0
6,3,6503,0,0
7,0,6504,0,0
0,4,6505,0,0
1,7,6506,0,0
2,6,6507,0,0
3,7,6508,0,0
4,4,6509,0,0
5,1,6510,0,0
6,3,6511,0,0
7,2,6512,0,0
0,5,6513,0,0
1,7,6514,0,0
2,7,6515,0,0
3,7,6516,0,0
4,4,6517,0,0
5,1,6518,0,0
6,2,6519,0,0
7,2,6520,0,0
0,5,6521,0,0
1,7,6522,0,0
2,6,6523,0,0
3,6,6524,0,0
4,4,6525,0,0
5,1,6526,0,0
6,3,6527,0,0
7,2,6528,0,0
0,6,6529,0,0
1,7,6530,0,0
2,6,6531,0,0
3,6,6532,0,0
4,4,6533,0,0
5,1,6534,0,0
6,2,6535,0,0
7,2,6536,0,0
0,6,6537,0,0
1,1,6538,0,0
2,6,6539,0,0
3,6,6540,0,0
4,2,6541,0,0
5,1,6542,0,0
6,2,6543,0,0
7,7,6544,0,0
0,5,6545,0,0
1,1,6546,0,0
2,8,6547,0,0
3,6,6548,0,0
4,2,6549,0,0
5,1,6550,0,0
6,2,6551,0,0
7,4,6552,0,0
0,6,6553,0,0
1,1,6554,0,0
2,8,6555,0,0
3,6,6556,0,0
4,6,6557,0,0
5,1,6558,0,0
6,2,6559,0,0
7,4,6560,0,0
0,6,6561,0,0
1,1,6562,0,0
2,8,6563,0,0
3,6,6564,0,0
4,4,6565,0,0
5,1,6566,0,0
6,2,6567,0,0
7,4,6568,0,0
0,5,6569,0,0
1,7,6570,0,0
2,8,6571,0,0
3,6,6572,0,0
4,2,6573,0,0
5,1,6574,0,0
6,2,6575,0,0
7,4,6576,0,0
0,5,6577,0,0
1,7,6578,0,0
2,8,6579,0,0
3,6,6580,0,0
4,4,6581,0,0
5,1,6582,0,0
6,1,6583,0,0
7,4,6584,0,0
0,5,6585,0,0
1,7,6586,0,0
2,6,6587,0,0
3,6,6588,0,0
4,2,6589,0,0
5,1,6590,0,0
6,2,6591,0,0
7,4,6592,0,0
0,6,6593,0,0
1,7,6594,0,0
2,6,6595,0,0
3,6,6596,0,0
4,2,6597,0,0
5,1,6598,0,0
6,2,6599,0,0
7,4,6600,0,0
0,6,6601,0,0
1,7,6602,0,0
2,8,6603,0,0
3,7,6604,0,0
4,2,6605,0,0
5,1,6606,0,0
6,2,6607,0,0
7,4,6608,0,0
0,5,6609,0,0
1,7,6610,0,0
2,6,6611,0,0
3,7,6612,0,0
4,2,6613,0,0
5,1,6614,0,0
6,6,6615,0,0
7,4,6616,0,0
0,6,6617,0,0
1,7,6618,0,0
2,8,6619,0,0
3,6,6620,0,0
4,2,6621,0,0
5,1,6622,0,0
6,2,6623,0,0
7,4,6624,0,0
0,5,6625,0,0
1,7,6626,0,0
2,8,6627,0,0
3,6,6628,0,0
4,2,6629,0,0
5,1,6630,0,0
6,2,6631,0,0
7,4,6632,0,0
0,5,6633,0,0
1,7,6634,0,0
2,8,6635,0,0
3,6,6636,0,0
4,2,6637,0,0
5,1,6638,0,0
6,2,6639,0,0
7,4,6640,0,0
0,6,6641,0,0
1,7,6642,0,0
2,8,6643,0,0
3,6,6644,0,0
4,6,6645,0,0
5,1,6646,0,0
6,2,6647,0,0
7,4,6648,0,0
0,4,6649,0,0
1,7,6650,0,0
2,8,6651,0,0
3,6,6652,0,0
4,6,6653,0,0
5,1,6654,0,0
6,2,6655,0,0
7,4,6656,0,0
0,4,6657,0,0
1,3,6658,0,0
2,8,6659,0,0
3,6,6660,0,0
4,4,6661,0,0
5,1,6662,0,0
6,2,6663,0,0
7,4,6664,0,0
0,6,6665,0,0
1,3,6666,0,0
2,8,6667,0,0
3,6,6668,0,0
4,1,6669,0,0
5,1,6670,0,0
6,2,6671,0,0
7,4,6672,0,0
0,6,6673,0,0
1,1,6674,0,0
2,8,6675,0,0
3,1,6676,0,0
4,1,6677,0,0
5,1,6678,0,0
6,2,6679,0,0
7,7,6680,0,0
0,6,6681,0,0
1,4,6682,0,0
2,8,6683,0,0
3,8,6684,0,0
4,4,6685,0,0
5,1,6686,0,0
6,2,6687,0,0
7,4,6688,0,0
0,6,6689,0,0
1,7,6690,0,0
2,8,6691,0,0
3,8,6692,0,0
4,1,6693,0,0
5,1,6694,0,0
6,2,6695,0,0
7,4,6696,0,0
0,6,6697,0,0
1,6,6698,0,0
2,8,6699,0,0
3,0,6700,0,0
4,1,6701,0,0
5,1,6702,0,0
6,3,6703,0,0
7,4,6704,0,0
0,6,6705,0,0
1,6,6706,0,0
2,8,6707,0,0
3,0,6708,0,0
4,1,6709,0,0
5,8,6710,0,0
6,3,6711,0,0
7,7,6712,0,0
0,7,6713,0,0
1,6,6714,0,0
2,8,6715,0,0
3,0,6716,0,0
4,7,6717,0,0
5,7,6718,0,0
6,2,6719,0,0
7,7,6720,0,0
0,7,6721,0,0
1,6,6722,0,0
2,1,6723,0,0
3,0,6724,0,0
4,7,6725,0,0
5,5,6726,0,0
6,4,6727,0,0
7,0,6728,0,0
0,5,6729,0,0
1,6,6730,0,0
2,8,6731,0,0
3,0,6732,0,0
4,7,6733,0,0
5,5,6734,0,0
6,5,6735,0,0
7,0,6736,0,0
0,4,6737,0,0
1,7,6738,0,0
2,8,6739,0,0
3,7,6740,0,0
4,8,6741,0,0
5,1,6742,0,0
6,3,6743,0,0
7,0,6744,0,0
0,3,6745,0,0
1,7,6746,0,0
2,7,6747,0,0
3,7,6748,0,0
4,7,6749,0,0
5,1,6750,0,0
6,3,6751,0,0
7,1,6752,0,0
0,5,6753,0,0
1,1,6754,0,0
2,8,6755,0,0
3,3,6756,0,0
4,1,6757,0,0
5,1,6758,0,0
6,8,6759,0,0
7,0,6760,0,0
0,5,6761,0,0
1,5,6762,0,0
2,7,6763,0,0
3,3,6764,0,0
4,1,6765,0,0
5,1,6766,0,0
6,8,6767,0,0
7,0,6768,0,0
0,6,6769,0,0
1,6,6770,0,0
2,7,6771,0,0
3,3,6772,0,0
4,7,6773,0,0
5,1,6774,0,0
6,1,6775,0,0
7,7,6776,0,0
0,6,6777,0,0
1,6,6778,0,0
2,7,6779,0,0
3,1,6780,0,0
4,1,6781,0,0
5,1,6782,0,0
6,8,6783,0,0
7,7,6784,0,0
0,6,6785,0,0
1,3,6786,0,0
2,7,6787,0,0
3,1,6788,0,0
4,1,6789,0,0
5,1,6790,0,0
6,8,6791,0,0
7,7,6792,0,0
0,6,6793,0,0
1,3,6794,0,0
2,7,6795,0,0
3,1,6796,0,0
4,1,6797,0,0
5,2,6798,0,0
6,8,6799,0,0
7,4,6800,0,0
0,7,6801,0,0
1,6,6802,0,0
2,8,6803,0,0
3,1,6804,0,0
4,1,6805,0,0
5,1,6806,0,0
6,8,6807,0,0
7,4,6808,0,0
0,7,6809,0,0
1,6,6810,0,0
2,2,6811,0,0
3,1,6812,0,0
4,7,6813,0,0
5,1,6814,0,0
6,0,6815,0,0
7,4,6816,0,0
0,7,6817,0,0
1,6,6818,0,0
2,1,6819,0,0
3,0,6820,0,0
4,8,6821,0,0
5,1,6822,0,0
6,1,6823,0,0
7,0,6824,0,0
0,6,6825,0,0
1,6,6826,0,0
2,1,6827,0,0
3,0,6828,0,0
4,7,6829,0,0
5,1,6830,0,0
6,1,6831,0,0
7,1,6832,0,0
0,6,6833,0,0
1,6,6834,0,0
2,1,6835,0,0
3,0,6836,0,0
4,4,6837,0,0
5,1,6838,0,0
6,1,6839,0,0
7,1,6840,0,0
0,2,6841,0,0
1,6,6842,0,0
2,2,6843,0,0
3,0,6844,0,0
4,2,6845,0,0
5,7,6846,0,0
6,8,6847,0,0
7,1,6848,0,0
0,2,6849,0,0
1,6,6850,0,0
2,2,6851,0,0
3,0,6852,0,0
4,2,6853,0,0
5,1,6854,0,0
6,8,6855,0,0
7,1,6856,0,0
0,2,6857,0,0
1,7,6858,0,0
2,1,6859,0,0
3,0,6860,0,0
4,6,6861,0,0
5,1,6862,0,0
6,8,6863,0,0
7,1,6864,0,0
0,6,6865,0,0
1,7,6866,0,0
2,2,6867,0,0
3,0,6868,0,0
4,6,6869,0,0
5,1,6870,0,0
6,8,6871,0,0
7,1,6872,0,0
0,6,6873,0,0
1,7,6874,0,0
2,2,6875,0,0
3,1,6876,0,0
4,6,6877,0,0
5,1,6878,0,0
6,1,6879,0,0
7,1,6880,0,0
0,6,6881,0,0
1,4,6882,0,0
2,1,6883,0,0
3,1,6884,0,0
4,1,6885,0,0
5,1,6886,0,0
6,1,6887,0,0
7,1,6888,0,0
0,6,6889,0,0
1,7,6890,0,0
2,6,6891,0,0
3,1,6892,0,0
4,6,6893,0,0
5,1,6894,0,0
6,8,6895,0,0
7,4,6896,0,0
0,6,6897,0,0
1,7,6898,0,0
2,6,6899,0,0
3,6,6900,0,0
4,1,6901,0,0
5,1,6902,0,0
6,1,6903,0,0
7,7,6904,0,0
0,7,6905,0,0
1,7,6906,0,0
2,8,6907,0,0
3,7,6908,0,0
4,8,6909,0,0
5,1,6910,0,0
6,2,6911,0,0
7,7,6912,0,0
0,5,6913,0,0
1,6,6914,0,0
2,1,6915,0,0
3,7,6916,0,0
4,7,6917,0,0
5,1,6918,0,0
6,5,6919,0,0
7,6,6920,0,0
0,2,6921,0,0
1,6,6922,0,0
2,1,6923,0,0
3,1,6924,0,0
4,8,6925,0,0
5,8,6926,0,0
6,5,6927,0,0
7,6,6928,0,0
0,2,6929,0,0
1,7,6930,0,0
2,1,6931,0,0
3,1,6932,0,0
4,7,6933,0,0
5,4,6934,0,0
6,2,6935,0,0
7,1,6936,0,0
0,2,6937,0,0
1,1,6938,0,0
2,1,6939,0,0
3,1,6940,0,0
4,1,6941,0,0
5,1,6942,0,0
6,1,6943,0,0
7,1,6944,0,0
0,2,6945,0,0
1,1,6946,0,0
2,2,6947,0,0
3,1,6948,0,0
4,1,6949,0,0
5,1,6950,0,0
6,2,6951,0,0
7,1,6952,0,0
0,2,6953,0,0
1,1,6954,0,0
2,2,6955,0,0
3,3,6956,0,0
4,6,6957,0,0
5,1,6958,0,0
6,2,6959,0,0
7,1,6960,0,0
0,5,6961,0,0
1,1,6962,0,0
2,2,6963,0,0
3,2,6964,0,0
4,6,6965,0,0
5,2,6966,0,0
6,2,6967,0,0
7,7,6968,0,0
0,3,6969,0,0
1,1,6970,0,0
2,1,6971,0,0
3,3,6972,0,0
4,4,6973,0,0
5,3,6974,0,0
6,2,6975,0,0
7,7,6976,0,0
0,2,6977,0,0
1,1,6978,0,0
2,1,6979,0,0
3,1,6980,0,0
4,4,6981,0,0
5,1,6982,0,0
6,1,6983,0,0
7,7,6984,0,0
0,3,6985,0,0
1,1,6986,0,0
2,1,6987,0,0
3,1,6988,0,0
4,4,6989,0,0
5,1,6990,0,0
6,1,6991,0,0
7,7,6992,0,0
0,3,6993,0,0
1,1,6994,0,0
2,8,6995,0,0
3,3,6996,0,0
4,4,6997,0,0
5,1,6998,0,0
6,1,6999,0,0
7,7,7000,0,0
0,2,7001,0,0
1,1,7002,0,0
2,1,7003,0,0
3,3,7004,0,0
4,4,7005,0,0
5,2,7006,0,0
6,2,7007,0,0
7,7,7008,0,0
0,8,7009,0,0
1,1,7010,0,0
2,2,7011,0,0
3,1,7012,0,0
4,4,7013,0,0
5,1,7014,0,0
6,2,7015,0,0
7,7,7016,0,0
0,8,7017,0,0
1,1,7018,0,0
2,2,7019,0,0
3,1,7020,0,0
4,1,7021,0,0
5,1,7022,0,0
6,1,7023,0,0
7,7,7024,0,0
0,8,7025,0,0
1,1,7026,0,0
2,8,7027,0,0
3,1,7028,0,0
4,4,7029,0,0
5,1,7030,0,0
6,1,7031,0,0
7,7,7032,0,0
0,2,7033,0,0
1,1,7034,0,0
2,8,7035,0,0
3,1,7036,0,0
4,4,7037,0,0
5,1,7038,0,0
6,1,7039,0,0
7,7,7040,0,0
0,3,7041,0,0
1,1,7042,0,0
2,8,7043,0,0
3,1,7044,0,0
4,2,7045,0,0
5,1,7046,0,0
6,2,7047,0,0
7,0,7048,0,0
0,6,7049,0,0
1,1,7050,0,0
2,8,7051,0,0
3,5,7052,0,0
4,4,7053,0,0
5,1,7054,0,0
6,2,7055,0,0
7,0,7056,0,0
0,5,7057,0,0
1,1,7058,0,0
2,8,7059,0,0
3,5,7060,0,0
4,6,7061,0,0
5,8,7062,0,0
6,2,7063,0,0
7,7,7064,0,0
0,5,7065,0,0
1,1,7066,0,0
2,8,7067,0,0
3,1,7068,0,0
4,1,7069,0,0
5,1,7070,0,0
6,8,7071,0,0
7,7,7072,0,0
0,6,7073,0,0
1,1,7074,0,0
2,1,7075,0,0
3,1,7076,0,0
4,1,7077,0,0
5,1,7078,0,0
6,1,7079,0,0
7,1,7080,0,0
0,5,7081,0,0
1,1,7082,0,0
2,1,7083,0,0
3,1,7084,0,0
4,1,7085,0,0
5,1,7086,0,0
6,1,7087,0,0
7,1,7088,0,0
0,5,7089,0,0
1,1,7090,0,0
2,1,7091,0,0
3,1,7092,0,0
4,1,7093,0,0
5,1,7094,0,0
6,1,7095,0,0
7,1,7096,0,0
0,5,7097,0,0
1,1,7098,0,0
2,1,7099,0,0
3,1,7100,0,0
4,1,7101,0,0
5,4,7102,0,0
6,1,7103,0,0
7,1,7104,0,0
0,4,7105,0,0
1,1,7106,0,0
2,1,7107,0,0
3,2,7108,0,0
4,1,7109,0,0
5,1,7110,0,0
6,1,7111,0,0
7,1,7112,0,0
0,4,7113,0,0
1,1,7114,0,0
2,1,7115,0,0
3,1,7116,0,0
4,1,7117,0,0
5,1,7118,0,0
6,1,7119,0,0
7,1,7120,0,0
0,4,7121,0,0
1,1,7122,0,0
2,1,7123,0,0
3,1,7124,0,0
4,1,7125,0,0
5,1,7126,0,0
6,1,7127,0,0
7,3,7128,0,0
0,4,7129,0,0
1,1,7130,0,0
2,8,7131,0,0
3,1,7132,0,0
4,1,7133,0,0
5,1,7134,0,0
6,1,7135,0,0
7,1,7136,0,0
0,2,7137,0,0
1,1,7138,0,0
2,1,7139,0,0
3,1,7140,0,0
4,1,7141,0,0
5,1,7142,0,0
6,1,7143,0,0
7,1,7144,0,0
0,2,7145,0,0
1,6,7146,0,0
2,2,7147,0,0
3,5,7148,0,0
4,4,7149,0,0
5,1,7150,0,0
6,1,7151,0,0
7,2,7152,0,0
0,8,7153,0,0
1,6,7154,0,0
2,2,7155,0,0
3,1,7156,0,0
4,1,7157,0,0
5,8,7158,0,0
6,1,7159,0,0
7,2,7160,0,0
0,8,7161,0,0
1,6,7162,0,0
2,2,7163,0,0
3,1,7164,0,0
4,1,7165,0,0
5,8,7166,0,0
6,8,7167,0,0
7,2,7168,0,0
0,6,7169,0,0
1,8,7170,0,0
2,2,7171,0,0
3,1,7172,0,0
4,1,7173,0,0
5,8,7174,0,0
6,8,7175,0,0
7,2,7176,0,0
0,5,7177,0,0
1,8,7178,0,0
2,2,7179,0,0
3,1,7180,0,0
4,1,7181,0,0
5,1,7182,0,0
6,8,7183,0,0
7,2,7184,0,0
0,5,7185,0,0
1,1,7186,0,0
2,2,7187,0,0
3,1,7188,0,0
4,1,7189,0,0
5,1,7190,0,0
6,8,7191,0,0
7,1,7192,0,0
0,7,7193,0,0
1,1,7194,0,0
2,1,7195,0,0
3,1,7196,0,0
4,1,7197,0,0
5,8,7198,0,0
6,8,7199,0,0
7,1,7200,0,0
0,7,7201,0,0
1,1,7202,0,0
2,1,7203,0,0
3,1,7204,0,0
4,1,7205,0,0
5,8,7206,0,0
6,8,7207,0,0
7,1,7208,0,0
0,8,7209,0,0
1,1,7210,0,0
2,8,7211,0,0
3,5,7212,0,0
4,1,7213,0,0
5,8,7214,0,0
6,8,7215,0,0
7,4,7216,0,0
0,8,7217,0,0
1,1,7218,0,0
2,8,7219,0,0
3,5,7220,0,0
4,1,7221,0,0
5,8,7222,0,0
6,8,7223,0,0
7,4,7224,0,0
0,8,7225,0,0
1,1,7226,0,0
2,8,7227,0,0
3,5,7228,0,0
4,1,7229,0,0
5,8,7230,0,0
6,8,7231,0,0
7,0,7232,0,0
0,6,7233,0,0
1,1,7234,0,0
2,8,7235,0,0
3,1,7236,0,0
4,1,7237,0,0
5,8,7238,0,0
6,8,7239,0,0
7,1,7240,0,0
0,8,7241,0,0
1,1,7242,0,0
2,8,7243,0,0
3,1,7244,0,0
4,8,7245,0,0
5,8,7246,0,0
6,3,7247,0,0
7,1,7248,0,0
0,8,7249,0,0
1,1,7250,0,0
2,8,7251,0,0
3,1,7252,0,0
4,8,7253,0,0
5,8,7254,0,0
6,8,7255,0,0
7,1,7256,0,0
0,7,7257,0,0
1,1,7258,0,0
2,8,7259,0,0
3,1,7260,0,0
4,7,7261,0,0
5,1,7262,0,0
6,8,7263,0,0
7,1,7264,0,0
0,8,7265,0,0
1,1,7266,0,0
2,8,7267,0,0
3,1,7268,0,0
4,8,7269,0,0
5,8,7270,0,0
6,8,7271,0,0
7,1,7272,0,0
0,8,7273,0,0
1,1,7274,0,0
2,8,7275,0,0
3,1,7276,0,0
4,7,7277,0,0
5,8,7278,0,0
6,8,7279,0,0
7,1,7280,0,0
0,8,7281,0,0
1,1,7282,0,0
2,1,7283,0,0
3,1,7284,0,0
4,8,7285,0,0
5,8,7286,0,0
6,8,7287,0,0
7,1,7288,0,0
0,4,7289,0,0
1,1,7290,0,0
2,1,7291,0,0
3,1,7292,0,0
4,1,7293,0,0
5,8,7294,0,0
6,8,7295,0,0
7,7,7296,0,0
0,5,7297,0,0
1,1,7298,0,0
2,1,7299,0,0
3,1,7300,0,0
4,7,7301,0,0
5,8,7302,0,0
6,8,7303,0,0
7,6,7304,0,0
0,7,7305,0,0
1,1,7306,0,0
2,1,7307,0,0
3,3,7308,0,0
4,7,7309,0,0
5,8,7310,0,0
6,8,7311,0,0
7,7,7312,0,0
0,7,7313,0,0
1,1,7314,0,0
2,8,7315,0,0
3,3,7316,0,0
4,7,7317,0,0
5,2,7318,0,0
6,3,7319,0,0
7,0,7320,0,0
0,6,7321,0,0
1,1,7322,0,0
2,8,7323,0,0
3,1,7324,0,0
4,6,7325,0,0
5,2,7326,0,0
6,2,7327,0,0
7,7,7328,0,0
0,6,7329,0,0
1,1,7330,0,0
2,8,7331,0,0
3,5,7332,0,0
4,1,7333,0,0
5,7,7334,0,0
6,1,7335,0,0
7,7,7336,0,0
0,6,7337,0,0
1,1,7338,0,0
2,8,7339,0,0
3,5,7340,0,0
4,1,7341,0,0
5,8,7342,0,0
6,8,7343,0,0
7,0,7344,0,0
0,2,7345,0,0
1,1,7346,0,0
2,5,7347,0,0
3,5,7348,0,0
4,2,7349,0,0
5,8,7350,0,0
6,1,7351,0,0
7,1,7352,0,0
0,4,7353,0,0
1,1,7354,0,0
2,7,7355,0,0
3,7,7356,0,0
4,2,7357,0,0
5,8,7358,0,0
6,1,7359,0,0
7,7,7360,0,0
0,5,7361,0,0
1,1,7362,0,0
2,7,7363,0,0
3,7,7364,0,0
4,2,7365,0,0
5,7,7366,0,0
6,1,7367,0,0
7,7,7368,0,0
0,5,7369,0,0
1,7,7370,0,0
2,8,7371,0,0
3,7,7372,0,0
4,4,7373,0,0
5,7,7374,0,0
6,1,7375,0,0
7,7,7376,0,0
0,5,7377,0,0
1,6,7378,0,0
2,7,7379,0,0
3,7,7380,0,0
4,1,7381,0,0
5,8,7382,0,0
6,1,7383,0,0
7,0,7384,0,0
0,2,7385,0,0
1,8,7386,0,0
2,7,7387,0,0
3,5,7388,0,0
4,4,7389,0,0
5,7,7390,0,0
6,1,7391,0,0
7,0,7392,0,0
0,3,7393,0,0
1,7,7394,0,0
2,8,7395,0,0
3,5,7396,0,0
4,4,7397,0,0
5,7,7398,0,0
6,1,7399,0,0
7,0,7400,0,0
0,4,7401,0,0
1,7,7402,0,0
2,8,7403,0,0
3,5,7404,0,0
4,4,7405,0,0
5,7,7406,0,0
6,1,7407,0,0
7,3,7408,0,0
0,4,7409,0,0
1,7,7410,0,0
2,1,7411,0,0
3,1,7412,0,0
4,4,7413,0,0
5,2,7414,0,0
6,1,7415,0,0
7,5,7416,0,0
0,4,7417,0,0
1,7,7418,0,0
2,1,7419,0,0
3,1,7420,0,0
4,4,7421,0,0
5,2,7422,0,0
6,1,7423,0,0
7,7,7424,0,0
0,6,7425,0,0
1,7,7426,0,0
2,1,7427,0,0
3,3,7428,0,0
4,4,7429,0,0
5,1,7430,0,0
6,1,7431,0,0
7,5,7432,0,0
0,6,7433,0,0
1,7,7434,0,0
2,8,7435,0,0
3,3,7436,0,0
4,4,7437,0,0
5,1,7438,0,0
6,8,7439,0,0
7,1,7440,0,0
0,5,7441,0,0
1,7,7442,0,0
2,8,7443,0,0
3,3,7444,0,0
4,4,7445,0,0
5,1,7446,0,0
6,8,7447,0,0
7,1,7448,0,0
0,3,7449,0,0
1,7,7450,0,0
2,1,7451,0,0
3,3,7452,0,0
4,4,7453,0,0
5,1,7454,0,0
6,8,7455,0,0
7,1,7456,0,0
0,3,7457,0,0
1,7,7458,0,0
2,2,7459,0,0
3,3,7460,0,0
4,4,7461,0,0
5,1,7462,0,0
6,8,7463,0,0
7,1,7464,0,0
0,4,7465,0,0
1,7,7466,0,0
2,2,7467,0,0
3,3,7468,0,0
4,4,7469,0,0
5,1,7470,0,0
6,1,7471,0,0
7,7,7472,0,0
0,4,7473,0,0
1,7,7474,0,0
2,2,7475,0,0
3,3,7476,0,0
4,4,7477,0,0
5,1,7478,0,0
6,1,7479,0,0
7,4,7480,0,0
0,4,7481,0,0
1,7,7482,0,0
2,2,7483,0,0
3,6,7484,0,0
4,4,7485,0,0
5,1,7486,0,0
6,1,7487,0,0
7,4,7488,0,0
0,4,7489,0,0
1,7,7490,0,0
2,1,7491,0,0
3,3,7492,0,0
4,4,7493,0,0
5,3,7494,0,0
6,1,7495,0,0
7,4,7496,0,0
0,4,7497,0,0
1,7,7498,0,0
2,8,7499,0,0
3,1,7500,0,0
4,4,7501,0,0
5,5,7502,0,0
6,1,7503,0,0
7,4,7504,0,0
0,6,7505,0,0
1,7,7506,0,0
2,8,7507,0,0
3,1,7508,0,0
4,4,7509,0,0
5,5,7510,0,0
6,8,7511,0,0
7,0,7512,0,0
0,6,7513,0,0
1,7,7514,0,0
2,8,7515,0,0
3,1,7516,0,0
4,4,7517,0,0
5,4,7518,0,0
6,1,7519,0,0
7,7,7520,0,0
0,6,7521,0,0
1,7,7522,0,0
2,8,7523,0,0
3,1,7524,0,0
4,4,7525,0,0
5,5,7526,0,0
6,1,7527,0,0
7,0,7528,0,0
0,6,7529,0,0
1,7,7530,0,0
2,0,7531,0,0
3,1,7532,0,0
4,4,7533,0,0
5,5,7534,0,0
6,8,7535,0,0
7,0,7536,0,0
0,6,7537,0,0
1,6,7538,0,0
2,0,7539,0,0
3,1,7540,0,0
4,4,7541,0,0
5,1,7542,0,0
6,0,7543,0,0
7,0,7544,0,0
0,6,7545,0,0
1,5,7546,0,0
2,0,7547,0,0
3,1,7548,0,0
4,4,7549,0,0
5,2,7550,0,0
6,4,7551,0,0
7,0,7552,0,0
0,7,7553,0,0
1,5,7554,0,0
2,0,7555,0,0
3,1,7556,0,0
4,4,7557,0,0
5,2,7558,0,0
6,0,7559,0,0
7,0,7560,0,0
0,7,7561,0,0
1,3,7562,0,0
2,0,7563,0,0
3,1,7564,0,0
4,4,7565,0,0
5,2,7566,0,0
6,0,7567,0,0
7,4,7568,0,0
0,6,7569,0,0
1,3,7570,0,0
2,0,7571,0,0
3,1,7572,0,0
4,4,7573,0,0
5,2,7574,0,0
6,3,7575,0,0
7,4,7576,0,0
0,5,7577,0,0
1,3,7578,0,0
2,0,7579,0,0
3,1,7580,0,0
4,4,7581,0,0
5,8,7582,0,0
6,0,7583,0,0
7,4,7584,0,0
0,6,7585,0,0
1,3,7586,0,0
2,0,7587,0,0
3,1,7588,0,0
4,4,7589,0,0
5,8,7590,0,0
6,0,7591,0,0
7,4,7592,0,0
0,6,7593,0,0
1,5,7594,0,0
2,0,7595,0,0
3,7,7596,0,0
4,4,7597,0,0
5,2,7598,0,0
6,0,7599,0,0
7,4,7600,0,0
0,6,7601,0,0
1,5,7602,0,0
2,8,7603,0,0
3,7,7604,0,0
4,4,7605,0,0
5,3,7606,0,0
6,1,7607,0,0
7,1,7608,0,0
0,5,7609,0,0
1,6,7610,0,0
2,8,7611,0,0
3,7,7612,0,0
4,4,7613,0,0
5,7,7614,0,0
6,8,7615,0,0
7,0,7616,0,0
0,5,7617,0,0
1,7,7618,0,0
2,8,7619,0,0
3,1,7620,0,0
4,4,7621,0,0
5,3,7622,0,0
6,8,7623,0,0
7,0,7624,0,0
0,4,7625,0,0
1,4,7626,0,0
2,8,7627,0,0
3,1,7628,0,0
4,4,7629,0,0
5,7,7630,0,0
6,8,7631,0,0
7,7,7632,0,0
0,5,7633,0,0
1,4,7634,0,0
2,8,7635,0,0
3,7,7636,0,0
4,4,7637,0,0
5,7,7638,0,0
6,8,7639,0,0
7,7,7640,0,0
0,5,7641,0,0
1,7,7642,0,0
2,8,7643,0,0
3,1,7644,0,0
4,4,7645,0,0
5,7,7646,0,0
6,8,7647,0,0
7,5,7648,0,0
0,5,7649,0,0
1,7,7650,0,0
2,8,7651,0,0
3,1,7652,0,0
4,4,7653,0,0
5,7,7654,0,0
6,2,7655,0,0
7,5,7656,0,0
0,0,7657,0,0
1,6,7658,0,0
2,8,7659,0,0
3,1,7660,0,0
4,4,7661,0,0
5,7,7662,0,0
6,5,7663,0,0
7,5,7664,0,0
0,0,7665,0,0
1,6,7666,0,0
2,8,7667,0,0
3,7,7668,0,0
4,4,7669,0,0
5,7,7670,0,0
6,8,7671,0,0
7,5,7672,0,0
0,3,7673,0,0
1,6,7674,0,0
2,8,7675,0,0
3,1,7676,0,0
4,4,7677,0,0
5,7,7678,0,0
6,2,7679,0,0
7,3,7680,0,0
0,5,7681,0,0
1,4,7682,0,0
2,8,7683,0,0
3,7,7684,0,0
4,4,7685,0,0
5,7,7686,0,0
6,8,7687,0,0
7,5,7688,0,0
0,3,7689,0,0
1,7,7690,0,0
2,8,7691,0,0
3,1,7692,0,0
4,4,7693,0,0
5,3,7694,0,0
6,2,7695,0,0
7,7,7696,0,0
0,2,7697,0,0
1,6,7698,0,0
2,8,7699,0,0
3,7,7700,0,0
4,4,7701,0,0
5,3,7702,0,0
6,1,7703,0,0
7,5,7704,0,0
0,2,7705,0,0
1,7,7706,0,0
2,8,7707,0,0
3,7,7708,0,0
4,4,7709,0,0
5,3,7710,0,0
6,1,7711,0,0
7,0,7712,0,0
0,6,7713,0,0
1,6,7714,0,0
2,8,7715,0,0
3,1,7716,0,0
4,4,7717,0,0
5,7,7718,0,0
6,8,7719,0,0
7,4,7720,0,0
0,4,7721,0,0
1,6,7722,0,0
2,8,7723,0,0
3,1,7724,0,0
4,4,7725,0,0
5,3,7726,0,0
6,8,7727,0,0
7,4,7728,0,0
0,4,7729,0,0
1,6,7730,0,0
2,8,7731,0,0
3,1,7732,0,0
4,4,7733,0,0
5,7,7734,0,0
6,1,7735,0,0
7,1,7736,0,0
0,2,7737,0,0
1,6,7738,0,0
2,8,7739,0,0
3,1,7740,0,0
4,4,7741,0,0
5,7,7742,0,0
6,1,7743,0,0
7,1,7744,0,0
0,4,7745,0,0
1,6,7746,0,0
2,8,7747,0,0
3,1,7748,0,0
4,4,7749,0,0
5,7,7750,0,0
6,8,7751,0,0
7,2,7752,0,0
0,2,7753,0,0
1,6,7754,0,0
2,2,7755,0,0
3,7,7756,0,0
4,4,7757,0,0
5,2,7758,0,0
6,1,7759,0,0
7,0,7760,0,0
0,2,7761,0,0
1,7,7762,0,0
2,1,7763,0,0
3,1,7764,0,0
4,4,7765,0,0
5,7,7766,0,0
6,1,7767,0,0
7,7,7768,0,0
0,4,7769,0,0
1,5,7770,0,0
2,2,7771,0,0
3,1,7772,0,0
4,4,7773,0,0
5,7,7774,0,0
6,8,7775,0,0
7,7,7776,0,0
0,2,7777,0,0
1,7,7778,0,0
2,2,7779,0,0
3,6,7780,0,0
4,4,7781,0,0
5,2,7782,0,0
6,2,7783,0,0
7,6,7784,0,0
0,4,7785,0,0
1,7,7786,0,0
2,2,7787,0,0
3,1,7788,0,0
4,4,7789,0,0
5,2,7790,0,0
6,2,7791,0,0
7,0,7792,0,0
0,4,7793,0,0
1,7,7794,0,0
2,2,7795,0,0
3,1,7796,0,0
4,4,7797,0,0
5,2,7798,0,0
6,2,7799,0,0
7,0,7800,0,0
0,2,7801,0,0
1,6,7802,0,0
2,2,7803,0,0
3,2,7804,0,0
4,4,7805,0,0
5,2,7806,0,0
6,8,7807,0,0
7,0,7808,0,0
0,2,7809,0,0
1,5,7810,0,0
2,2,7811,0,0
3,2,7812,0,0
4,4,7813,0,0
5,2,7814,0,0
6,2,7815,0,0
7,0,7816,0,0
0,2,7817,0,0
1,5,7818,0,0
2,1,7819,0,0
3,6,7820,0,0
4,4,7821,0,0
5,8,7822,0,0
6,8,7823,0,0
7,1,7824,0,0
0,4,7825,0,0
1,6,7826,0,0
2,8,7827,0,0
3,6,7828,0,0
4,4,7829,0,0
5,7,7830,0,0
6,8,7831,0,0
7,2,7832,0,0
0,4,7833,0,0
1,6,7834,0,0
2,8,7835,0,0
3,6,7836,0,0
4,4,7837,0,0
5,5,7838,0,0
6,8,7839,0,0
7,1,7840,0,0
0,4,7841,0,0
1,5,7842,0,0
2,8,7843,0,0
3,6,7844,0,0
4,4,7845,0,0
5,5,7846,0,0
6,8,7847,0,0
7,0,7848,0,0
0,2,7849,0,0
1,6,7850,0,0
2,8,7851,0,0
3,6,7852,0,0
4,2,7853,0,0
5,7,7854,0,0
6,8,7855,0,0
7,4,7856,0,0
0,4,7857,0,0
1,5,7858,0,0
2,8,7859,0,0
3,6,7860,0,0
4,2,7861,0,0
5,7,7862,0,0
6,8,7863,0,0
7,1,7864,0,0
0,6,7865,0,0
1,5,7866,0,0
2,8,7867,0,0
3,1,7868,0,0
4,2,7869,0,0
5,7,7870,0,0
6,8,7871,0,0
7,1,7872,0,0
0,5,7873,0,0
1,5,7874,0,0
2,8,7875,0,0
3,1,7876,0,0
4,2,7877,0,0
5,7,7878,0,0
6,8,7879,0,0
7,1,7880,0,0
0,5,7881,0,0
1,7,7882,0,0
2,8,7883,0,0
3,6,7884,0,0
4,2,7885,0,0
5,7,7886,0,0
6,0,7887,0,0
7,0,7888,0,0
0,4,7889,0,0
1,6,7890,0,0
2,8,7891,0,0
3,1,7892,0,0
4,2,7893,0,0
5,7,7894,0,0
6,0,7895,0,0
7,0,7896,0,0
0,6,7897,0,0
1,6,7898,0,0
2,8,7899,0,0
3,6,7900,0,0
4,2,7901,0,0
5,7,7902,0,0
6,0,7903,0,0
7,0,7904,0,0
0,2,7905,0,0
1,6,7906,0,0
2,8,7907,0,0
3,1,7908,0,0
4,4,7909,0,0
5,7,7910,0,0
6,0,7911,0,0
7,0,7912,0,0
0,4,7913,0,0
1,7,7914,0,0
2,8,7915,0,0
3,1,7916,0,0
4,2,7917,0,0
5,7,7918,0,0
6,0,7919,0,0
7,5,7920,0,0
0,4,7921,0,0
1,6,7922,0,0
2,8,7923,0,0
3,3,7924,0,0
4,4,7925,0,0
5,7,7926,0,0
6,0,7927,0,0
7,5,7928,0,0
0,4,7929,0,0
1,6,7930,0,0
2,8,7931,0,0
3,3,7932,0,0
4,2,7933,0,0
5,7,7934,0,0
6,0,7935,0,0
7,0,7936,0,0
0,4,7937,0,0
1,6,7938,0,0
2,8,7939,0,0
3,3,7940,0,0
4,2,7941,0,0
5,7,7942,0,0
6,8,7943,0,0
7,1,7944,0,0
0,4,7945,0,0
1,6,7946,0,0
2,8,7947,0,0
3,6,7948,0,0
4,4,7949,0,0
5,7,7950,0,0
6,3,7951,0,0
7,0,7952,0,0
0,4,7953,0,0
1,6,7954,0,0
2,8,7955,0,0
3,6,7956,0,0
4,2,7957,0,0
5,7,7958,0,0
6,8,7959,0,0
7,0,7960,0,0
0,4,7961,0,0
1,6,7962,0,0
2,8,7963,0,0
3,6,7964,0,0
4,2,7965,0,0
5,7,7966,0,0
6,2,7967,0,0
7,5,7968,0,0
0,4,7969,0,0
1,7,7970,0,0
2,8,7971,0,0
3,1,7972,0,0
4,2,7973,0,0
5,7,7974,0,0
6,0,7975,0,0
7,5,7976,0,0
0,2,7977,0,0
1,6,7978,0,0
2,8,7979,0,0
3,3,7980,0,0
4,4,7981,0,0
5,7,7982,0,0
6,8,7983,0,0
7,0,7984,0,0
0,4,7985,0,0
1,6,7986,0,0
2,8,7987,0,0
3,2,7988,0,0
4,4,7989,0,0
5,7,7990,0,0
6,3,7991,0,0
7,2,7992,0,0
0,4,7993,0,0
1,6,7994,0,0
2,8,7995,0,0
3,1,7996,0,0
4,2,7997,0,0
5,7,7998,0,0
6,3,7999,0,0
7,0,8000,0,0
0,4,8001,0,0
1,7,8002,0,0
2,8,8003,0,0
3,1,8004,0,0
4,2,8005,0,0
5,7,8006,0,0
6,4,8007,0,0
7,5,8008,0,0
0,4,8009,0,0
1,7,8010,0,0
2,8,8011,0,0
3,6,8012,0,0
4,2,8013,0,0
5,7,8014,0,0
6,4,8015,0,0
7,1,8016,0,0
0,6,8017,0,0
1,7,8018,0,0
2,8,8019,0,0
3,2,8020,0,0
4,2,8021,0,0
5,7,8022,0,0
6,2,8023,0,0
7,1,8024,0,0
0,4,8025,0,0
1,7,8026,0,0
2,8,8027,0,0
3,1,8028,0,0
4,2,8029,0,0
5,7,8030,0,0
6,2,8031,0,0
7,1,8032,0,0
0,2,8033,0,0
1,7,8034,0,0
2,8,8035,0,0
3,1,8036,0,0
4,2,8037,0,0
5,7,8038,0,0
6,8,8039,0,0
7,1,8040,0,0
0,6,8041,0,0
1,7,8042,0,0
2,0,8043,0,0
3,1,8044,0,0
4,2,8045,0,0
5,7,8046,0,0
6,8,8047,0,0
7,0,8048,0,0
0,4,8049,0,0
1,7,8050,0,0
2,0,8051,0,0
3,1,8052,0,0
4,2,8053,0,0
5,7,8054,0,0
6,0,8055,0,0
7,0,8056,0,0
0,2,8057,0,0
1,7,8058,0,0
2,0,8059,0,0
3,1,8060,0,0
4,4,8061,0,0
5,7,8062,0,0
6,0,8063,0,0
7,5,8064,0,0
0,2,8065,0,0
1,7,8066,0,0
2,0,8067,0,0
3,1,8068,0,0
4,4,8069,0,0
5,7,8070,0,0
6,3,8071,0,0
7,3,8072,0,0
0,4,8073,0,0
1,7,8074,0,0
2,0,8075,0,0
3,1,8076,0,0
4,4,8077,0,0
5,7,8078,0,0
6,2,8079,0,0
7,3,8080,0,0
0,4,8081,0,0
1,7,8082,0,0
2,0,8083,0,0
3,1,8084,0,0
4,2,8085,0,0
5,7,8086,0,0
6,3,8087,0,0
7,5,8088,0,0
0,5,8089,0,0
1,7,8090,0,0
2,0,8091,0,0
3,2,8092,0,0
4,4,8093,0,0
5,7,8094,0,0
6,6,8095,0,0
7,5,8096,0,0
0,5,8097,0,0
1,7,8098,0,0
2,8,8099,0,0
3,2,8100,0,0
4,2,8101,0,0
5,7,8102,0,0
6,3,8103,0,0
7,5,8104,0,0
0,2,8105,0,0
1,7,8106,0,0
2,8,8107,0,0
3,1,8108,0,0
4,2,8109,0,0
5,7,8110,0,0
6,2,8111,0,0
7,7,8112,0,0
0,6,8113,0,0
1,6,8114,0,0
2,8,8115,0,0
3,1,8116,0,0
4,2,8117,0,0
5,7,8118,0,0
6,2,8119,0,0
7,7,8120,0,0
0,4,8121,0,0
1,6,8122,0,0
2,8,8123,0,0
3,1,8124,0,0
4,2,8125,0,0
5,7,8126,0,0
6,2,8127,0,0
7,5,8128,0,0
0,4,8129,0,0
1,6,8130,0,0
2,8,8131,0,0
3,1,8132,0,0
4,2,8133,0,0
5,7,8134,0,0
6,2,8135,0,0
7,5,8136,0,0
0,4,8137,0,0
1,7,8138,0,0
2,8,8139,0,0
3,1,8140,0,0
4,4,8141,0,0
5,7,8142,0,0
6,4,8143,0,0
7,5,8144,0,0
0,6,8145,0,0
1,5,8146,0,0
2,8,8147,0,0
3,1,8148,0,0
4,4,8149,0,0
5,7,8150,0,0
6,5,8151,0,0
7,7,8152,0,0
0,6,8153,0,0
1,5,8154,0,0
2,8,8155,0,0
3,1,8156,0,0
4,4,8157,0,0
5,4,8158,0,0
6,4,8159,0,0
7,7,8160,0,0
0,4,8161,0,0
1,5,8162,0,0
2,8,8163,0,0
3,1,8164,0,0
4,4,8165,0,0
5,7,8166,0,0
6,5,8167,0,0
7,7,8168,0,0
0,4,8169,0,0
1,6,8170,0,0
2,8,8171,0,0
3,1,8172,0,0
4,4,8173,0,0
5,8,8174,0,0
6,4,8175,0,0
7,7,8176,0,0
0,4,8177,0,0
1,5,8178,0,0
2,8,8179,0,0
3,1,8180,0,0
4,4,8181,0,0
5,8,8182,0,0
6,5,8183,0,0
7,7,8184,0,0
0,4,8185,0,0
1,5,8186,0,0
2,8,8187,0,0
3,1,8188,0,0
4,2,8189,0,0
5,5,8190,0,0
6,5,8191,0,0
7,0,8192,0,0
0,4,8193,0,0
1,5,8194,0,0
2,8,8195,0,0
3,1,8196,0,0
4,4,8197,0,0
5,5,8198,0,0
6,5,8199,0,0
7,5,8200,0,0
0,4,8201,0,0
1,5,8202,0,0
2,6,8203,0,0
3,6,8204,0,0
4,4,8205,0,0
5,5,8206,0,0
6,4,8207,0,0
7,1,8208,0,0
0,4,8209,0,0
1,5,8210,0,0
2,6,8211,0,0
3,7,8212,0,0
4,4,8213,0,0
5,5,8214,0,0
6,4,8215,0,0
7,1,8216,0,0
0,4,8217,0,0
1,5,8218,0,0
2,6,8219,0,0
3,7,8220,0,0
4,4,8221,0,0
5,5,8222,0,0
6,5,8223,0,0
7,1,8224,0,0
0,4,8225,0,0
1,5,8226,0,0
2,6,8227,0,0
3,6,8228,0,0
4,4,8229,0,0
5,4,8230,0,0
6,5,8231,0,0
7,1,8232,0,0
0,4,8233,0,0
1,5,8234,0,0
2,4,8235,0,0
3,6,8236,0,0
4,4,8237,0,0
5,4,8238,0,0
6,5,8239,0,0
7,1,8240,0,0
0,6,8241,0,0
1,5,8242,0,0
2,4,8243,0,0
3,6,8244,0,0
4,4,8245,0,0
5,3,8246,0,0
6,5,8247,0,0
7,4,8248,0,0
0,4,8249,0,0
1,5,8250,0,0
2,4,8251,0,0
3,6,8252,0,0
4,4,8253,0,0
5,2,8254,0,0
6,5,8255,0,0
7,4,8256,0,0
0,4,8257,0,0
1,5,8258,0,0
2,4,8259,0,0
3,6,8260,0,0
4,2,8261,0,0
5,8,8262,0,0
6,5,8263,0,0
7,7,8264,0,0
0,4,8265,0,0
1,5,8266,0,0
2,4,8267,0,0
3,6,8268,0,0
4,4,8269,0,0
5,7,8270,0,0
6,5,8271,0,0
7,7,8272,0,0
0,4,8273,0,0
1,5,8274,0,0
2,6,8275,0,0
3,6,8276,0,0
4,4,8277,0,0
5,7,8278,0,0
6,5,8279,0,0
7,7,8280,0,0
0,4,8281,0,0
1,5,8282,0,0
2,1,8283,0,0
3,6,8284,0,0
4,1,8285,0,0
5,7,8286,0,0
6,5,8287,0,0
7,7,8288,0,0
0,4,8289,0,0
1,5,8290,0,0
2,1,8291,0,0
3,6,8292,0,0
4,1,8293,0,0
5,7,8294,0,0
6,5,8295,0,0
7,0,8296,0,0
0,4,8297,0,0
1,5,8298,0,0
2,1,8299,0,0
3,7,8300,0,0
4,6,8301,0,0
5,7,8302,0,0
6,5,8303,0,0
7,0,8304,0,0
0,4,8305,0,0
1,5,8306,0,0
2,1,8307,0,0
3,5,8308,0,0
4,4,8309,0,0
5,7,8310,0,0
6,5,8311,0,0
7,0,8312,0,0
0,4,8313,0,0
1,5,8314,0,0
2,1,8315,0,0
3,5,8316,0,0
4,2,8317,0,0
5,7,8318,0,0
6,5,8319,0,0
7,0,8320,0,0
0,6,8321,0,0
1,5,8322,0,0
2,1,8323,0,0
3,5,8324,0,0
4,2,8325,0,0
5,7,8326,0,0
6,5,8327,0,0
7,7,8328,0,0
0,6,8329,0,0
1,5,8330,0,0
2,1,8331,0,0
3,5,8332,0,0
4,2,8333,0,0
5,3,8334,0,0
6,5,8335,0,0
7,5,8336,0,0
0,5,8337,0,0
1,5,8338,0,0
2,1,8339,0,0
3,5,8340,0,0
4,2,8341,0,0
5,3,8342,0,0
6,5,8343,0,0
7,4,8344,0,0
0,5,8345,0,0
1,5,8346,0,0
2,1,8347,0,0
3,5,8348,0,0
4,1,8349,0,0
5,3,8350,0,0
6,5,8351,0,0
7,7,8352,0,0
0,5,8353,0,0
1,5,8354,0,0
2,1,8355,0,0
3,5,8356,0,0
4,6,8357,0,0
5,7,8358,0,0
6,5,8359,0,0
7,0,8360,0,0
0,5,8361,0,0
1,5,8362,0,0
2,5,8363,0,0
3,5,8364,0,0
4,6,8365,0,0
5,5,8366,0,0
6,4,8367,0,0
7,0,8368,0,0
0,5,8369,0,0
1,5,8370,0,0
2,5,8371,0,0
3,5,8372,0,0
4,2,8373,0,0
5,5,8374,0,0
6,5,8375,0,0
7,5,8376,0,0
0,5,8377,0,0
1,5,8378,0,0
2,7,8379,0,0
3,1,8380,0,0
4,4,8381,0,0
5,5,8382,0,0
6,6,8383,0,0
7,0,8384,0,0
0,5,8385,0,0
1,5,8386,0,0
2,7,8387,0,0
3,2,8388,0,0
4,1,8389,0,0
5,5,8390,0,0
6,4,8391,0,0
7,0,8392,0,0
0,5,8393,0,0
1,5,8394,0,0
2,4,8395,0,0
3,2,8396,0,0
4,4,8397,0,0
5,5,8398,0,0
6,4,8399,0,0
7,0,8400,0,0
0,6,8401,0,0
1,5,8402,0,0
2,4,8403,0,0
3,2,8404,0,0
4,4,8405,0,0
5,4,8406,0,0
6,1,8407,0,0
7,0,8408,0,0
0,4,8409,0,0
1,5,8410,0,0
2,4,8411,0,0
3,2,8412,0,0
4,4,8413,0,0
5,5,8414,0,0
6,8,8415,0,0
7,5,8416,0,0
0,4,8417,0,0
1,5,8418,0,0
2,7,8419,0,0
3,2,8420,0,0
4,4,8421,0,0
5,5,8422,0,0
6,8,8423,0,0
7,1,8424,0,0
0,4,8425,0,0
1,5,8426,0,0
2,7,8427,0,0
3,2,8428,0,0
4,6,8429,0,0
5,7,8430,0,0
6,8,8431,0,0
7,1,8432,0,0
0,4,8433,0,0
1,6,8434,0,0
2,7,8435,0,0
3,2,8436,0,0
4,2,8437,0,0
5,7,8438,0,0
6,6,8439,0,0
7,1,8440,0,0
0,4,8441,0,0
1,6,8442,0,0
2,4,8443,0,0
3,2,8444,0,0
4,1,8445,0,0
5,8,8446,0,0
6,6,8447,0,0
7,1,8448,0,0
0,5,8449,0,0
1,6,8450,0,0
2,7,8451,0,0
3,3,8452,0,0
4,1,8453,0,0
5,8,8454,0,0
6,6,8455,0,0
7,1,8456,0,0
0,4,8457,0,0
1,5,8458,0,0
2,7,8459,0,0
3,1,8460,0,0
4,1,8461,0,0
5,8,8462,0,0
6,6,8463,0,0
7,7,8464,0,0
0,4,8465,0,0
1,5,8466,0,0
2,7,8467,0,0
3,1,8468,0,0
4,1,8469,0,0
5,8,8470,0,0
6,6,8471,0,0
7,7,8472,0,0
0,5,8473,0,0
1,5,8474,0,0
2,7,8475,0,0
3,1,8476,0,0
4,1,8477,0,0
5,5,8478,0,0
6,6,8479,0,0
7,7,8480,0,0
0,5,8481,0,0
1,6,8482,0,0
2,7,8483,0,0
3,1,8484,0,0
4,1,8485,0,0
5,1,8486,0,0
6,5,8487,0,0
7,7,8488,0,0
0,5,8489,0,0
1,5,8490,0,0
2,8,8491,0,0
3,1,8492,0,0
4,4,8493,0,0
5,1,8494,0,0
6,5,8495,0,0
7,7,8496,0,0
0,4,8497,0,0
1,5,8498,0,0
2,8,8499,0,0
3,1,8500,0,0
4,4,8501,0,0
5,8,8502,0,0
6,6,8503,0,0
7,7,8504,0,0
0,5,8505,0,0
1,5,8506,0,0
2,8,8507,0,0
3,1,8508,0,0
4,2,8509,0,0
5,8,8510,0,0
6,1,8511,0,0
7,7,8512,0,0
0,4,8513,0,0
1,5,8514,0,0
2,7,8515,0,0
3,8,8516,0,0
4,6,8517,0,0
5,8,8518,0,0
6,1,8519,0,0
7,7,8520,0,0
0,4,8521,0,0
1,5,8522,0,0
2,7,8523,0,0
3,8,8524,0,0
4,4,8525,0,0
5,8,8526,0,0
6,1,8527,0,0
7,7,8528,0,0
0,4,8529,0,0
1,5,8530,0,0
2,7,8531,0,0
3,8,8532,0,0
4,4,8533,0,0
5,8,8534,0,0
6,1,8535,0,0
7,5,8536,0,0
0,4,8537,0,0
1,5,8538,0,0
2,7,8539,0,0
3,8,8540,0,0
4,4,8541,0,0
5,8,8542,0,0
6,2,8543,0,0
7,5,8544,0,0
0,4,8545,0,0
1,6,8546,0,0
2,6,8547,0,0
3,8,8548,0,0
4,4,8549,0,0
5,5,8550,0,0
6,5,8551,0,0
7,2,8552,0,0
0,4,8553,0,0
1,7,8554,0,0
2,6,8555,0,0
3,7,8556,0,0
4,4,8557,0,0
5,5,8558,0,0
6,2,8559,0,0
7,0,8560,0,0
0,2,8561,0,0
1,7,8562,0,0
2,8,8563,0,0
3,7,8564,0,0
4,4,8565,0,0
5,4,8566,0,0
6,1,8567,0,0
7,7,8568,0,0
0,4,8569,0,0
1,6,8570,0,0
2,8,8571,0,0
3,2,8572,0,0
4,4,8573,0,0
5,4,8574,0,0
6,1,8575,0,0
7,7,8576,0,0
0,4,8577,0,0
1,7,8578,0,0
2,8,8579,0,0
3,3,8580,0,0
4,4,8581,0,0
5,1,8582,0,0
6,2,8583,0,0
7,7,8584,0,0
0,4,8585,0,0
1,5,8586,0,0
2,8,8587,0,0
3,3,8588,0,0
4,4,8589,0,0
5,8,8590,0,0
6,8,8591,0,0
7,7,8592,0,0
0,4,8593,0,0
1,5,8594,0,0
2,8,8595,0,0
3,3,8596,0,0
4,4,8597,0,0
5,8,8598,0,0
6,8,8599,0,0
7,7,8600,0,0
0,4,8601,0,0
1,5,8602,0,0
2,7,8603,0,0
3,3,8604,0,0
4,4,8605,0,0
5,7,8606,0,0
6,8,8607,0,0
7,7,8608,0,0
0,5,8609,0,0
1,5,8610,0,0
2,7,8611,0,0
3,3,8612,0,0
4,4,8613,0,0
5,1,8614,0,0
6,5,8615,0,0
7,7,8616,0,0
0,4,8617,0,0
1,5,8618,0,0
2,7,8619,0,0
3,3,8620,0,0
4,4,8621,0,0
5,1,8622,0,0
6,5,8623,0,0
7,7,8624,0,0
0,4,8625,0,0
1,5,8626,0,0
2,7,8627,0,0
3,3,8628,0,0
4,2,8629,0,0
5,1,8630,0,0
6,2,8631,0,0
7,7,8632,0,0
0,5,8633,0,0
1,5,8634,0,0
2,7,8635,0,0
3,3,8636,0,0
4,4,8637,0,0
5,7,8638,0,0
6,8,8639,0,0
7,7,8640,0,0
0,5,8641,0,0
1,5,8642,0,0
2,7,8643,0,0
3,3,8644,0,0
4,4,8645,0,0
5,7,8646,0,0
6,8,8647,0,0
7,6,8648,0,0
0,4,8649,0,0
1,5,8650,0,0
2,7,8651,0,0
3,3,8652,0,0
4,4,8653,0,0
5,7,8654,0,0
6,4,8655,0,0
7,4,8656,0,0
0,4,8657,0,0
1,5,8658,0,0
2,4,8659,0,0
3,6,8660,0,0
4,4,8661,0,0
5,7,8662,0,0
6,4,8663,0,0
7,4,8664,0,0
0,4,8665,0,0
1,6,8666,0,0
2,6,8667,0,0
3,1,8668,0,0
4,4,8669,0,0
5,4,8670,0,0
6,2,8671,0,0
7,4,8672,0,0
0,6,8673,0,0
1,6,8674,0,0
2,6,8675,0,0
3,1,8676,0,0
4,4,8677,0,0
5,5,8678,0,0
6,6,8679,0,0
7,4,8680,0,0
0,2,8681,0,0
1,6,8682,0,0
2,4,8683,0,0
3,1,8684,0,0
4,4,8685,0,0
5,5,8686,0,0
6,6,8687,0,0
7,5,8688,0,0
0,4,8689,0,0
1,5,8690,0,0
2,4,8691,0,0
3,1,8692,0,0
4,4,8693,0,0
5,4,8694,0,0
6,6,8695,0,0
7,4,8696,0,0
0,4,8697,0,0
1,5,8698,0,0
2,4,8699,0,0
3,2,8700,0,0
4,4,8701,0,0
5,4,8702,0,0
6,3,8703,0,0
7,4,8704,0,0
0,6,8705,0,0
1,5,8706,0,0
2,5,8707,0,0
3,2,8708,0,0
4,4,8709,0,0
5,4,8710,0,0
6,4,8711,0,0
7,4,8712,0,0
0,2,8713,0,0
1,5,8714,0,0
2,7,8715,0,0
3,1,8716,0,0
4,4,8717,0,0
5,4,8718,0,0
6,8,8719,0,0
7,6,8720,0,0
0,3,8721,0,0
1,6,8722,0,0
2,7,8723,0,0
3,2,8724,0,0
4,4,8725,0,0
5,8,8726,0,0
6,1,8727,0,0
7,6,8728,0,0
0,6,8729,0,0
1,6,8730,0,0
2,8,8731,0,0
3,2,8732,0,0
4,4,8733,0,0
5,7,8734,0,0
6,1,8735,0,0
7,1,8736,0,0
0,6,8737,0,0
1,6,8738,0,0
2,7,8739,0,0
3,1,8740,0,0
4,4,8741,0,0
5,7,8742,0,0
6,1,8743,0,0
7,1,8744,0,0
0,5,8745,0,0
1,6,8746,0,0
2,7,8747,0,0
3,1,8748,0,0
4,4,8749,0,0
5,2,8750,0,0
6,2,8751,0,0
7,1,8752,0,0
0,2,8753,0,0
1,5,8754,0,0
2,1,8755,0,0
3,1,8756,0,0
4,4,8757,0,0
5,1,8758,0,0
6,4,8759,0,0
7,5,8760,0,0
0,6,8761,0,0
1,5,8762,0,0
2,8,8763,0,0
3,1,8764,0,0
4,4,8765,0,0
5,1,8766,0,0
6,2,8767,0,0
7,4,8768,0,0
0,5,8769,0,0
1,5,8770,0,0
2,7,8771,0,0
3,1,8772,0,0
4,4,8773,0,0
5,1,8774,0,0
6,2,8775,0,0
7,4,8776,0,0
0,6,8777,0,0
1,6,8778,0,0
2,7,8779,0,0
3,1,8780,0,0
4,4,8781,0,0
5,8,8782,0,0
6,2,8783,0,0
7,4,8784,0,0
0,6,8785,0,0
1,6,8786,0,0
2,7,8787,0,0
3,2,8788,0,0
4,2,8789,0,0
5,8,8790,0,0
6,2,8791,0,0
7,2,8792,0,0
0,6,8793,0,0
1,6,8794,0,0
2,7,8795,0,0
3,3,8796,0,0
4,4,8797,0,0
5,8,8798,0,0
6,1,8799,0,0
7,0,8800,0,0
0,6,8801,0,0
1,6,8802,0,0
2,7,8803,0,0
3,3,8804,0,0
4,4,8805,0,0
5,7,8806,0,0
6,1,8807,0,0
7,7,8808,0,0
0,6,8809,0,0
1,6,8810,0,0
2,7,8811,0,0
3,3,8812,0,0
4,4,8813,0,0
5,7,8814,0,0
6,1,8815,0,0
7,5,8816,0,0
0,6,8817,0,0
1,6,8818,0,0
2,7,8819,0,0
3,3,8820,0,0
4,1,8821,0,0
5,7,8822,0,0
6,8,8823,0,0
7,5,8824,0,0
0,6,8825,0,0
1,5,8826,0,0
2,7,8827,0,0
3,1,8828,0,0
4,1,8829,0,0
5,1,8830,0,0
6,1,8831,0,0
7,5,8832,0,0
0,5,8833,0,0
1,5,8834,0,0
2,6,8835,0,0
3,1,8836,0,0
4,1,8837,0,0
5,1,8838,0,0
6,2,8839,0,0
7,5,8840,0,0
0,5,8841,0,0
1,6,8842,0,0
2,6,8843,0,0
3,5,8844,0,0
4,0,8845,0,0
5,1,8846,0,0
6,2,8847,0,0
7,7,8848,0,0
0,5,8849,0,0
1,7,8850,0,0
2,4,8851,0,0
3,5,8852,0,0
4,0,8853,0,0
5,1,8854,0,0
6,2,8855,0,0
7,5,8856,0,0
0,5,8857,0,0
1,7,8858,0,0
2,4,8859,0,0
3,7,8860,0,0
4,1,8861,0,0
5,0,8862,0,0
6,2,8863,0,0
7,5,8864,0,0
0,5,8865,0,0
1,6,8866,0,0
2,4,8867,0,0
3,1,8868,0,0
4,0,8869,0,0
5,0,8870,0,0
6,2,8871,0,0
7,5,8872,0,0
0,5,8873,0,0
1,6,8874,0,0
2,7,8875,0,0
3,1,8876,0,0
4,1,8877,0,0
5,1,8878,0,0
6,8,8879,0,0
7,0,8880,0,0
0,5,8881,0,0
1,6,8882,0,0
2,7,8883,0,0
3,1,8884,0,0
4,1,8885,0,0
5,1,8886,0,0
6,2,8887,0,0
7,7,8888,0,0
0,5,8889,0,0
1,6,8890,0,0
2,6,8891,0,0
3,1,8892,0,0
4,1,8893,0,0
5,1,8894,0,0
6,2,8895,0,0
7,0,8896,0,0
0,6,8897,0,0
1,6,8898,0,0
2,4,8899,0,0
3,1,8900,0,0
4,1,8901,0,0
5,1,8902,0,0
6,2,8903,0,0
7,0,8904,0,0
0,6,8905,0,0
1,6,8906,0,0
2,4,8907,0,0
3,1,8908,0,0
4,1,8909,0,0
5,1,8910,0,0
6,8,8911,0,0
7,0,8912,0,0
0,5,8913,0,0
1,6,8914,0,0
2,5,8915,0,0
3,1,8916,0,0
4,1,8917,0,0
5,1,8918,0,0
6,8,8919,0,0
7,0,8920,0,0
0,4,8921,0,0
1,6,8922,0,0
2,7,8923,0,0
3,1,8924,0,0
4,0,8925,0,0
5,1,8926,0,0
6,2,8927,0,0
7,0,8928,0,0
0,6,8929,0,0
1,6,8930,0,0
2,6,8931,0,0
3,1,8932,0,0
4,4,8933,0,0
5,1,8934,0,0
6,2,8935,0,0
7,0,8936,0,0
0,6,8937,0,0
1,6,8938,0,0
2,7,8939,0,0
3,1,8940,0,0
4,4,8941,0,0
5,1,8942,0,0
6,6,8943,0,0
7,0,8944,0,0
0,6,8945,0,0
1,6,8946,0,0
2,7,8947,0,0
3,1,8948,0,0
4,4,8949,0,0
5,1,8950,0,0
6,8,8951,0,0
7,4,8952,0,0
0,6,8953,0,0
1,5,8954,0,0
2,7,8955,0,0
3,0,8956,0,0
4,4,8957,0,0
5,1,8958,0,0
6,8,8959,0,0
7,4,8960,0,0
0,6,8961,0,0
1,6,8962,0,0
2,4,8963,0,0
3,0,8964,0,0
4,4,8965,0,0
5,1,8966,0,0
6,8,8967,0,0
7,4,8968,0,0
0,4,8969,0,0
1,6,8970,0,0
2,4,8971,0,0
3,1,8972,0,0
4,4,8973,0,0
5,8,8974,0,0
6,0,8975,0,0
7,4,8976,0,0
0,6,8977,0,0
1,5,8978,0,0
2,8,8979,0,0
3,8,8980,0,0
4,4,8981,0,0
5,8,8982,0,0
6,4,8983,0,0
7,7,8984,0,0
0,6,8985,0,0
1,5,8986,0,0
2,8,8987,0,0
3,0,8988,0,0
4,4,8989,0,0
5,1,8990,0,0
6,0,8991,0,0
7,7,8992,0,0
0,6,8993,0,0
1,6,8994,0,0
2,7,8995,0,0
3,1,8996,0,0
4,4,8997,0,0
5,1,8998,0,0
6,0,8999,0,0
7,4,9000,0,0
0,6,9001,0,0
1,6,9002,0,0
2,7,9003,0,0
3,1,9004,0,0
4,4,9005,0,0
5,1,9006,0,0
6,0,9007,0,0
7,4,9008,0,0
0,5,9009,0,0
1,6,9010,0,0
2,7,9011,0,0
3,1,9012,0,0
4,4,9013,0,0
5,1,9014,0,0
6,0,9015,0,0
7,4,9016,0,0
0,5,9017,0,0
1,6,9018,0,0
2,7,9019,0,0
3,1,9020,0,0
4,4,9021,0,0
5,1,9022,0,0
6,0,9023,0,0
7,4,9024,0,0
0,5,9025,0,0
1,6,9026,0,0
2,7,9027,0,0
3,1,9028,0,0
4,4,9029,0,0
5,1,9030,0,0
6,0,9031,0,0
7,4,9032,0,0
0,6,9033,0,0
1,7,9034,0,0
2,7,9035,0,0
3,1,9036,0,0
4,4,9037,0,0
5,1,9038,0,0
6,0,9039,0,0
7,4,9040,0,0
0,5,9041,0,0
1,6,9042,0,0
2,7,9043,0,0
3,1,9044,0,0
4,4,9045,0,0
5,1,9046,0,0
6,0,9047,0,0
7,4,9048,0,0
0,6,9049,0,0
1,7,9050,0,0
2,8,9051,0,0
3,1,9052,0,0
4,4,9053,0,0
5,1,9054,0,0
6,0,9055,0,0
7,4,9056,0,0
0,6,9057,0,0
1,5,9058,0,0
2,1,9059,0,0
3,1,9060,0,0
4,2,9061,0,0
5,1,9062,0,0
6,0,9063,0,0
7,4,9064,0,0
0,6,9065,0,0
1,5,9066,0,0
2,8,9067,0,0
3,1,9068,0,0
4,2,9069,0,0
5,1,9070,0,0
6,0,9071,0,0
7,4,9072,0,0
0,5,9073,0,0
1,5,9074,0,0
2,8,9075,0,0
3,1,9076,0,0
4,2,9077,0,0
5,1,9078,0,0
6,8,9079,0,0
7,4,9080,0,0
0,6,9081,0,0
1,5,9082,0,0
2,8,9083,0,0
3,7,9084,0,0
4,2,9085,0,0
5,1,9086,0,0
6,8,9087,0,0
7,6,9088,0,0
0,6,9089,0,0
1,6,9090,0,0
2,8,9091,0,0
3,7,9092,0,0
4,4,9093,0,0
5,1,9094,0,0
6,8,9095,0,0
7,4,9096,0,0
0,6,9097,0,0
1,6,9098,0,0
2,8,9099,0,0
3,8,9100,0,0
4,4,9101,0,0
5,1,9102,0,0
6,3,9103,0,0
7,5,9104,0,0
0,6,9105,0,0
1,6,9106,0,0
2,8,9107,0,0
3,8,9108,0,0
4,4,9109,0,0
5,1,9110,0,0
6,3,9111,0,0
7,1,9112,0,0
0,5,9113,0,0
1,6,9114,0,0
2,8,9115,0,0
3,8,9116,0,0
4,4,9117,0,0
5,1,9118,0,0
6,6,9119,0,0
7,2,9120,0,0
0,6,9121,0,0
1,6,9122,0,0
2,6,9123,0,0
3,8,9124,0,0
4,4,9125,0,0
5,1,9126,0,0
6,3,9127,0,0
7,2,9128,0,0
0,6,9129,0,0
1,7,9130,0,0
2,6,9131,0,0
3,1,9132,0,0
4,4,9133,0,0
5,5,9134,0,0
6,4,9135,0,0
7,0,9136,0,0
0,6,9137,0,0
1,6,9138,0,0
2,6,9139,0,0
3,1,9140,0,0
4,4,9141,0,0
5,5,9142,0,0
6,2,9143,0,0
7,0,9144,0,0
0,5,9145,0,0
1,4,9146,0,0
2,7,9147,0,0
3,1,9148,0,0
4,4,9149,0,0
5,5,9150,0,0
6,2,9151,0,0
7,7,9152,0,0
0,6,9153,0,0
1,4,9154,0,0
2,8,9155,0,0
3,2,9156,0,0
4,2,9157,0,0
5,5,9158,0,0
6,2,9159,0,0
7,7,9160,0,0
0,6,9161,0,0
1,6,9162,0,0
2,1,9163,0,0
3,2,9164,0,0
4,4,9165,0,0
5,5,9166,0,0
6,2,9167,0,0
7,5,9168,0,0
0,6,9169,0,0
1,5,9170,0,0
2,1,9171,0,0
3,2,9172,0,0
4,2,9173,0,0
5,5,9174,0,0
6,1,9175,0,0
7,5,9176,0,0
0,6,9177,0,0
1,5,9178,0,0
2,1,9179,0,0
3,3,9180,0,0
4,2,9181,0,0
5,5,9182,0,0
6,8,9183,0,0
7,4,9184,0,0
0,6,9185,0,0
1,6,9186,0,0
2,8,9187,0,0
3,3,9188,0,0
4,4,9189,0,0
5,5,9190,0,0
6,8,9191,0,0
7,4,9192,0,0
0,5,9193,0,0
1,6,9194,0,0
2,1,9195,0,0
3,3,9196,0,0
4,4,9197,0,0
5,5,9198,0,0
6,3,9199,0,0
7,4,9200,0,0
0,2,9201,0,0
1,6,9202,0,0
2,1,9203,0,0
3,1,9204,0,0
4,4,9205,0,0
5,8,9206,0,0
6,0,9207,0,0
7,2,9208,0,0
0,2,9209,0,0
1,6,9210,0,0
2,1,9211,0,0
3,1,9212,0,0
4,4,9213,0,0
5,8,9214,0,0
6,0,9215,0,0
7,2,9216,0,0
0,2,9217,0,0
1,6,9218,0,0
2,8,9219,0,0
3,1,9220,0,0
4,4,9221,0,0
5,3,9222,0,0
6,2,9223,0,0
7,5,9224,0,0
0,3,9225,0,0
1,6,9226,0,0
2,6,9227,0,0
3,1,9228,0,0
4,2,9229,0,0
5,1,9230,0,0
6,1,9231,0,0
7,0,9232,0,0
0,3,9233,0,0
1,6,9234,0,0
2,6,9235,0,0
3,1,9236,0,0
4,4,9237,0,0
5,1,9238,0,0
6,2,9239,0,0
7,0,9240,0,0
0,5,9241,0,0
1,6,9242,0,0
2,6,9243,0,0
3,1,9244,0,0
4,4,9245,0,0
5,8,9246,0,0
6,8,9247,0,0
7,0,9248,0,0
0,5,9249,0,0
1,6,9250,0,0
2,6,9251,0,0
3,1,9252,0,0
4,4,9253,0,0
5,5,9254,0,0
6,8,9255,0,0
7,0,9256,0,0
0,5,9257,0,0
1,5,9258,0,0
2,6,9259,0,0
3,1,9260,0,0
4,4,9261,0,0
5,5,9262,0,0
6,8,9263,0,0
7,0,9264,0,0
0,5,9265,0,0
1,5,9266,0,0
2,6,9267,0,0
3,1,9268,0,0
4,2,9269,0,0
5,1,9270,0,0
6,8,9271,0,0
7,0,9272,0,0
0,5,9273,0,0
1,6,9274,0,0
2,7,9275,0,0
3,1,9276,0,0
4,2,9277,0,0
5,1,9278,0,0
6,0,9279,0,0
7,0,9280,0,0
0,5,9281,0,0
1,6,9282,0,0
2,6,9283,0,0
3,1,9284,0,0
4,2,9285,0,0
5,1,9286,0,0
6,0,9287,0,0
7,2,9288,0,0
0,6,9289,0,0
1,6,9290,0,0
2,6,9291,0,0
3,1,9292,0,0
4,2,9293,0,0
5,2,9294,0,0
6,8,9295,0,0
7,2,9296,0,0
0,3,9297,0,0
1,7,9298,0,0
2,6,9299,0,0
3,1,9300,0,0
4,2,9301,0,0
5,1,9302,0,0
6,0,9303,0,0
7,2,9304,0,0
0,5,9305,0,0
1,6,9306,0,0
2,6,9307,0,0
3,1,9308,0,0
4,2,9309,0,0
5,1,9310,0,0
6,0,9311,0,0
7,2,9312,0,0
0,5,9313,0,0
1,5,9314,0,0
2,6,9315,0,0
3,1,9316,0,0
4,2,9317,0,0
5,2,9318,0,0
6,8,9319,0,0
7,2,9320,0,0
0,6,9321,0,0
1,6,9322,0,0
2,6,9323,0,0
3,7,9324,0,0
4,2,9325,0,0
5,2,9326,0,0
6,3,9327,0,0
7,2,9328,0,0
0,5,9329,0,0
1,5,9330,0,0
2,6,9331,0,0
3,1,9332,0,0
4,2,9333,0,0
5,1,9334,0,0
6,5,9335,0,0
7,5,9336,0,0
0,5,9337,0,0
1,5,9338,0,0
2,6,9339,0,0
3,1,9340,0,0
4,2,9341,0,0
5,1,9342,0,0
6,3,9343,0,0
7,5,9344,0,0
0,5,9345,0,0
1,5,9346,0,0
2,6,9347,0,0
3,1,9348,0,0
4,4,9349,0,0
5,1,9350,0,0
6,2,9351,0,0
7,5,9352,0,0
0,6,9353,0,0
1,5,9354,0,0
2,6,9355,0,0
3,1,9356,0,0
4,4,9357,0,0
5,1,9358,0,0
6,2,9359,0,0
7,2,9360,0,0
0,6,9361,0,0
1,5,9362,0,0
2,6,9363,0,0
3,1,9364,0,0
4,4,9365,0,0
5,1,9366,0,0
6,8,9367,0,0
7,2,9368,0,0
0,5,9369,0,0
1,5,9370,0,0
2,6,9371,0,0
3,1,9372,0,0
4,2,9373,0,0
5,1,9374,0,0
6,2,9375,0,0
7,2,9376,0,0
0,5,9377,0,0
1,5,9378,0,0
2,6,9379,0,0
3,1,9380,0,0
4,2,9381,0,0
5,1,9382,0,0
6,8,9383,0,0
7,0,9384,0,0
0,6,9385,0,0
1,5,9386,0,0
2,6,9387,0,0
3,1,9388,0,0
4,2,9389,0,0
5,1,9390,0,0
6,8,9391,0,0
7,2,9392,0,0
0,6,9393,0,0
1,5,9394,0,0
2,6,9395,0,0
3,1,9396,0,0
4,2,9397,0,0
5,1,9398,0,0
6,2,9399,0,0
7,2,9400,0,0
0,5,9401,0,0
1,5,9402,0,0
2,6,9403,0,0
3,1,9404,0,0
4,2,9405,0,0
5,1,9406,0,0
6,8,9407,0,0
7,0,9408,0,0
0,4,9409,0,0
1,5,9410,0,0
2,6,9411,0,0
3,1,9412,0,0
4,2,9413,0,0
5,1,9414,0,0
6,2,9415,0,0
7,0,9416,0,0
0,4,9417,0,0
1,6,9418,0,0
2,6,9419,0,0
3,1,9420,0,0
4,4,9421,0,0
5,1,9422,0,0
6,2,9423,0,0
7,5,9424,0,0
0,6,9425,0,0
1,6,9426,0,0
2,6,9427,0,0
3,1,9428,0,0
4,4,9429,0,0
5,1,9430,0,0
6,8,9431,0,0
7,5,9432,0,0
0,5,9433,0,0
1,3,9434,0,0
2,6,9435,0,0
3,1,9436,0,0
4,4,9437,0,0
5,1,9438,0,0
6,4,9439,0,0
7,4,9440,0,0
0,5,9441,0,0
1,3,9442,0,0
2,6,9443,0,0
3,1,9444,0,0
4,4,9445,0,0
5,8,9446,0,0
6,4,9447,0,0
7,4,9448,0,0
0,5,9449,0,0
1,3,9450,0,0
2,6,9451,0,0
3,1,9452,0,0
4,4,9453,0,0
5,2,9454,0,0
6,8,9455,0,0
7,5,9456,0,0
0,6,9457,0,0
1,3,9458,0,0
2,6,9459,0,0
3,1,9460,0,0
4,2,9461,0,0
5,1,9462,0,0
6,3,9463,0,0
7,7,9464,0,0
0,4,9465,0,0
1,3,9466,0,0
2,6,9467,0,0
3,1,9468,0,0
4,2,9469,0,0
5,1,9470,0,0
6,8,9471,0,0
7,7,9472,0,0
0,4,9473,0,0
1,3,9474,0,0
2,6,9475,0,0
3,1,9476,0,0
4,2,9477,0,0
5,1,9478,0,0
6,2,9479,0,0
7,5,9480,0,0
0,4,9481,0,0
1,3,9482,0,0
2,6,9483,0,0
3,1,9484,0,0
4,4,9485,0,0
5,1,9486,0,0
6,2,9487,0,0
7,5,9488,0,0
0,6,9489,0,0
1,3,9490,0,0
2,6,9491,0,0
3,1,9492,0,0
4,4,9493,0,0
5,1,9494,0,0
6,3,9495,0,0
7,3,9496,0,0
0,4,9497,0,0
1,3,9498,0,0
2,6,9499,0,0
3,1,9500,0,0
4,4,9501,0,0
5,1,9502,0,0
6,8,9503,0,0
7,4,9504,0,0
0,4,9505,0,0
1,3,9506,0,0
2,6,9507,0,0
3,8,9508,0,0
4,4,9509,0,0
5,1,9510,0,0
6,8,9511,0,0
7,4,9512,0,0
0,6,9513,0,0
1,3,9514,0,0
2,6,9515,0,0
3,8,9516,0,0
4,4,9517,0,0
5,1,9518,0,0
6,2,9519,0,0
7,4,9520,0,0
0,6,9521,0,0
1,6,9522,0,0
2,6,9523,0,0
3,8,9524,0,0
4,4,9525,0,0
5,0,9526,0,0
6,2,9527,0,0
7,4,9528,0,0
0,5,9529,0,0
1,5,9530,0,0
2,6,9531,0,0
3,1,9532,0,0
4,4,9533,0,0
5,7,9534,0,0
6,2,9535,0,0
7,7,9536,0,0
0,6,9537,0,0
1,5,9538,0,0
2,6,9539,0,0
3,0,9540,0,0
4,4,9541,0,0
5,7,9542,0,0
6,2,9543,0,0
7,0,9544,0,0
0,4,9545,0,0
1,5,9546,0,0
2,6,9547,0,0
3,0,9548,0,0
4,4,9549,0,0
5,8,9550,0,0
6,5,9551,0,0
7,7,9552,0,0
0,4,9553,0,0
1,5,9554,0,0
2,6,9555,0,0
3,0,9556,0,0
4,4,9557,0,0
5,8,9558,0,0
6,5,9559,0,0
7,7,9560,0,0
0,6,9561,0,0
1,5,9562,0,0
2,6,9563,0,0
3,0,9564,0,0
4,4,9565,0,0
5,8,9566,0,0
6,3,9567,0,0
7,7,9568,0,0
0,6,9569,0,0
1,5,9570,0,0
2,6,9571,0,0
3,0,9572,0,0
4,4,9573,0,0
5,7,9574,0,0
6,3,9575,0,0
7,7,9576,0,0
0,5,9577,0,0
1,5,9578,0,0
2,6,9579,0,0
3,1,9580,0,0
4,4,9581,0,0
5,7,9582,0,0
6,3,9583,0,0
7,7,9584,0,0
0,5,9585,0,0
1,7,9586,0,0
2,6,9587,0,0
3,6,9588,0,0
4,4,9589,0,0
5,7,9590,0,0
6,3,9591,0,0
7,7,9592,0,0
0,5,9593,0,0
1,5,9594,0,0
2,6,9595,0,0
3,6,9596,0,0
4,4,9597,0,0
5,7,9598,0,0
6,3,9599,0,0
7,5,9600,0,0
0,6,9601,0,0
1,6,9602,0,0
2,6,9603,0,0
3,5,9604,0,0
4,4,9605,0,0
5,7,9606,0,0
6,3,9607,0,0
7,5,9608,0,0
0,6,9609,0,0
1,6,9610,0,0
2,6,9611,0,0
3,7,9612,0,0
4,4,9613,0,0
5,7,9614,0,0
6,3,9615,0,0
7,4,9616,0,0
0,6,9617,0,0
1,6,9618,0,0
2,6,9619,0,0
3,7,9620,0,0
4,2,9621,0,0
5,7,9622,0,0
6,5,9623,0,0
7,4,9624,0,0
0,6,9625,0,0
1,6,9626,0,0
2,7,9627,0,0
3,7,9628,0,0
4,4,9629,0,0
5,7,9630,0,0
6,5,9631,0,0
7,5,9632,0,0
0,6,9633,0,0
1,7,9634,0,0
2,6,9635,0,0
3,8,9636,0,0
4,4,9637,0,0
5,7,9638,0,0
6,2,9639,0,0
7,7,9640,0,0
0,4,9641,0,0
1,6,9642,0,0
2,6,9643,0,0
3,7,9644,0,0
4,4,9645,0,0
5,7,9646,0,0
6,2,9647,0,0
7,0,9648,0,0
0,5,9649,0,0
1,6,9650,0,0
2,7,9651,0,0
3,8,9652,0,0
4,4,9653,0,0
5,7,9654,0,0
6,2,9655,0,0
7,0,9656,0,0
0,5,9657,0,0
1,6,9658,0,0
2,7,9659,0,0
3,8,9660,0,0
4,2,9661,0,0
5,7,9662,0,0
6,4,9663,0,0
7,0,9664,0,0
0,4,9665,0,0
1,6,9666,0,0
2,6,9667,0,0
3,7,9668,0,0
4,2,9669,0,0
5,8,9670,0,0
6,5,9671,0,0
7,7,9672,0,0
0,4,9673,0,0
1,6,9674,0,0
2,6,9675,0,0
3,8,9676,0,0
4,4,9677,0,0
5,4,9678,0,0
6,4,9679,0,0
7,4,9680,0,0
0,4,9681,0,0
1,6,9682,0,0
2,6,9683,0,0
3,8,9684,0,0
4,4,9685,0,0
5,8,9686,0,0
6,4,9687,0,0
7,4,9688,0,0
0,4,9689,0,0
1,6,9690,0,0
2,6,9691,0,0
3,8,9692,0,0
4,4,9693,0,0
5,8,9694,0,0
6,5,9695,0,0
7,4,9696,0,0
0,4,9697,0,0
1,5,9698,0,0
2,6,9699,0,0
3,8,9700,0,0
4,4,9701,0,0
5,2,9702,0,0
6,5,9703,0,0
7,4,9704,0,0
0,4,9705,0,0
1,5,9706,0,0
2,6,9707,0,0
3,8,9708,0,0
4,7,9709,0,0
5,1,9710,0,0
6,5,9711,0,0
7,4,9712,0,0
0,4,9713,0,0
1,5,9714,0,0
2,6,9715,0,0
3,8,9716,0,0
4,6,9717,0,0
5,4,9718,0,0
6,5,9719,0,0
7,4,9720,0,0
0,5,9721,0,0
1,5,9722,0,0
2,6,9723,0,0
3,8,9724,0,0
4,6,9725,0,0
5,5,9726,0,0
6,5,9727,0,0
7,4,9728,0,0
0,5,9729,0,0
1,6,9730,0,0
2,6,9731,0,0
3,8,9732,0,0
4,6,9733,0,0
5,5,9734,0,0
6,5,9735,0,0
7,4,9736,0,0
0,5,9737,0,0
1,7,9738,0,0
2,6,9739,0,0
3,8,9740,0,0
4,2,9741,0,0
5,3,9742,0,0
6,5,9743,0,0
7,4,9744,0,0
0,8,9745,0,0
1,5,9746,0,0
2,6,9747,0,0
3,8,9748,0,0
4,4,9749,0,0
5,3,9750,0,0
6,5,9751,0,0
7,4,9752,0,0
0,6,9753,0,0
1,5,9754,0,0
2,6,9755,0,0
3,8,9756,0,0
4,4,9757,0,0
5,3,9758,0,0
6,5,9759,0,0
7,4,9760,0,0
0,5,9761,0,0
1,5,9762,0,0
2,6,9763,0,0
3,1,9764,0,0
4,4,9765,0,0
5,3,9766,0,0
6,5,9767,0,0
7,7,9768,0,0
0,5,9769,0,0
1,6,9770,0,0
2,6,9771,0,0
3,1,9772,0,0
4,4,9773,0,0
5,8,9774,0,0
6,5,9775,0,0
7,7,9776,0,0
0,5,9777,0,0
1,6,9778,0,0
2,6,9779,0,0
3,1,9780,0,0
4,4,9781,0,0
5,8,9782,0,0
6,5,9783,0,0
7,4,9784,0,0
0,2,9785,0,0
1,7,9786,0,0
2,6,9787,0,0
3,1,9788,0,0
4,4,9789,0,0
5,8,9790,0,0
6,4,9791,0,0
7,7,9792,0,0
0,5,9793,0,0
1,5,9794,0,0
2,6,9795,0,0
3,6,9796,0,0
4,7,9797,0,0
5,7,9798,0,0
6,5,9799,0,0
7,7,9800,0,0
0,5,9801,0,0
1,5,9802,0,0
2,6,9803,0,0
3,7,9804,0,0
4,6,9805,0,0
5,7,9806,0,0
6,5,9807,0,0
7,7,9808,0,0
0,6,9809,0,0
1,5,9810,0,0
2,6,9811,0,0
3,6,9812,0,0
4,6,9813,0,0
5,7,9814,0,0
6,5,9815,0,0
7,5,9816,0,0
0,4,9817,0,0
1,5,9818,0,0
2,6,9819,0,0
3,8,9820,0,0
4,8,9821,0,0
5,1,9822,0,0
6,5,9823,0,0
7,4,9824,0,0
0,4,9825,0,0
1,4,9826,0,0
2,6,9827,0,0
3,8,9828,0,0
4,4,9829,0,0
5,1,9830,0,0
6,4,9831,0,0
7,4,9832,0,0
0,4,9833,0,0
1,7,9834,0,0
2,6,9835,0,0
3,7,9836,0,0
4,4,9837,0,0
5,7,9838,0,0
6,4,9839,0,0
7,5,9840,0,0
0,5,9841,0,0
1,5,9842,0,0
2,6,9843,0,0
3,7,9844,0,0
4,4,9845,0,0
5,8,9846,0,0
6,6,9847,0,0
7,4,9848,0,0
0,4,9849,0,0
1,5,9850,0,0
2,6,9851,0,0
3,5,9852,0,0
4,4,9853,0,0
5,7,9854,0,0
6,5,9855,0,0
7,4,9856,0,0
0,4,9857,0,0
1,5,9858,0,0
2,6,9859,0,0
3,7,9860,0,0
4,4,9861,0,0
5,7,9862,0,0
6,5,9863,0,0
7,6,9864,0,0
0,6,9865,0,0
1,5,9866,0,0
2,5,9867,0,0
3,7,9868,0,0
4,2,9869,0,0
5,7,9870,0,0
6,5,9871,0,0
7,5,9872,0,0
0,6,9873,0,0
1,5,9874,0,0
2,6,9875,0,0
3,1,9876,0,0
4,4,9877,0,0
5,7,9878,0,0
6,5,9879,0,0
7,7,9880,0,0
0,4,9881,0,0
1,5,9882,0,0
2,1,9883,0,0
3,1,9884,0,0
4,2,9885,0,0
5,7,9886,0,0
6,2,9887,0,0
7,7,9888,0,0
0,6,9889,0,0
1,5,9890,0,0
2,1,9891,0,0
3,1,9892,0,0
4,4,9893,0,0
5,7,9894,0,0
6,1,9895,0,0
7,7,9896,0,0
0,6,9897,0,0
1,5,9898,0,0
2,5,9899,0,0
3,1,9900,0,0
4,4,9901,0,0
5,7,9902,0,0
6,2,9903,0,0
7,7,9904,0,0
0,6,9905,0,0
1,5,9906,0,0
2,5,9907,0,0
3,1,9908,0,0
4,4,9909,0,0
5,5,9910,0,0
6,2,9911,0,0
7,7,9912,0,0
0,2,9913,0,0
1,6,9914,0,0
2,5,9915,0,0
3,8,9916,0,0
4,2,9917,0,0
5,5,9918,0,0
6,2,9919,0,0
7,4,9920,0,0
0,4,9921,0,0
1,5,9922,0,0
2,8,9923,0,0
3,1,9924,0,0
4,4,9925,0,0
5,5,9926,0,0
6,2,9927,0,0
7,7,9928,0,0
0,2,9929,0,0
1,5,9930,0,0
2,8,9931,0,0
3,1,9932,0,0
4,4,9933,0,0
5,5,9934,0,0
6,8,9935,0,0
7,7,9936,0,0
0,2,9937,0,0
1,5,9938,0,0
2,7,9939,0,0
3,2,9940,0,0
4,4,9941,0,0
5,1,9942,0,0
6,8,9943,0,0
7,4,9944,0,0
0,3,9945,0,0
1,5,9946,0,0
2,7,9947,0,0
3,1,9948,0,0
4,2,9949,0,0
5,1,9950,0,0
6,8,9951,0,0
7,3,9952,0,0
0,6,9953,0,0
1,5,9954,0,0
2,7,9955,0,0
3,1,9956,0,0
4,4,9957,0,0
5,1,9958,0,0
6,8,9959,0,0
7,1,9960,0,0
0,6,9961,0,0
1,6,9962,0,0
2,5,9963,0,0
3,1,9964,0,0
4,4,9965,0,0
5,7,9966,0,0
6,1,9967,0,0
7,1,9968,0,0
0,5,9969,0,0
1,7,9970,0,0
2,6,9971,0,0
3,1,9972,0,0
4,4,9973,0,0
5,4,9974,0,0
6,1,9975,0,0
7,1,9976,0,0
0,3,9977,0,0
1,7,9978,0,0
2,5,9979,0,0
3,1,9980,0,0
4,4,9981,0,0
5,4,9982,0,0
6,1,9983,0,0
7,1,9984,0,0
0,4,9985,0,0
1,7,9986,0,0
2,7,9987,0,0
3,2,9988,0,0
4,4,9989,0,0
5,8,9990,0,0
6,1,9991,0,0
7,1,9992,0,0
0,2,9993,0,0
1,7,9994,0,0
2,7,9995,0,0
3,2,9996,0,0
4,4,9997,0,0
5,8,9998,0,0
6,4,9999,0,0
7,1,10000,0,0
0,3,10001,0,0
1,1,10002,0,0
2,7,10003,0,0
3,3,10004,0,0
4,4,10005,0,0
5,3,10006,0,0
6,6,10007,0,0
7,5,10008,0,0
0,4,10009,0,0
1,3,10010,0,0
2,7,10011,0,0
3,3,10012,0,0
4,4,10013,0,0
5,3,10014,0,0
6,5,10015,0,0
7,5,10016,0,0
0,3,10017,0,0
1,3,10018,0,0
2,7,10019,0,0
3,3,10020,0,0
4,4,10021,0,0
5,8,10022,0,0
6,5,10023,0,0
7,4,10024,0,0
0,2,10025,0,0
1,3,10026,0,0
2,6,10027,0,0
3,3,10028,0,0
4,4,10029,0,0
5,8,10030,0,0
6,5,10031,0,0
7,0,10032,0,0
0,3,10033,0,0
1,6,10034,0,0
2,6,10035,0,0
3,2,10036,0,0
4,4,10037,0,0
5,8,10038,0,0
6,5,10039,0,0
7,2,10040,0,0
0,3,10041,0,0
1,4,10042,0,0
2,6,10043,0,0
3,2,10044,0,0
4,4,10045,0,0
5,4,10046,0,0
6,5,10047,0,0
7,2,10048,0,0
0,3,10049,0,0
1,4,10050,0,0
2,6,10051,0,0
3,2,10052,0,0
4,7,10053,0,0
5,4,10054,0,0
6,5,10055,0,0
7,0,10056,0,0
0,3,10057,0,0
1,4,10058,0,0
2,6,10059,0,0
3,2,10060,0,0
4,1,10061,0,0
5,4,10062,0,0
6,5,10063,0,0
7,0,10064,0,0
0,3,10065,0,0
1,4,10066,0,0
2,6,10067,0,0
3,3,10068,0,0
4,1,10069,0,0
5,4,10070,0,0
6,5,10071,0,0
7,1,10072,0,0
0,2,10073,0,0
1,4,10074,0,0
2,6,10075,0,0
3,3,10076,0,0
4,4,10077,0,0
5,4,10078,0,0
6,4,10079,0,0
7,0,10080,0,0
0,2,10081,0,0
1,4,10082,0,0
2,6,10083,0,0
3,3,10084,0,0
4,4,10085,0,0
5,4,10086,0,0
6,5,10087,0,0
7,0,10088,0,0
0,2,10089,0,0
1,4,10090,0,0
2,6,10091,0,0
3,3,10092,0,0
4,4,10093,0,0
5,4,10094,0,0
6,5,10095,0,0
7,1,10096,0,0
0,2,10097,0,0
1,4,10098,0,0
2,6,10099,0,0
3,3,10100,0,0
4,4,10101,0,0
5,4,10102,0,0
6,5,10103,0,0
7,1,10104,0,0
0,3,10105,0,0
1,4,10106,0,0
2,6,10107,0,0
3,6,10108,0,0
4,4,10109,0,0
5,5,10110,0,0
6,5,10111,0,0
7,1,10112,0,0
0,3,10113,0,0
1,4,10114,0,0
2,6,10115,0,0
3,8,10116,0,0
4,4,10117,0,0
5,5,10118,0,0
6,5,10119,0,0
7,1,10120,0,0
0,3,10121,0,0
1,4,10122,0,0
2,6,10123,0,0
3,7,10124,0,0
4,2,10125,0,0
5,5,10126,0,0
6,5,10127,0,0
7,3,10128,0,0
0,3,10129,0,0
1,4,10130,0,0
2,6,10131,0,0
3,7,10132,0,0
4,2,10133,0,0
5,5,10134,0,0
6,5,10135,0,0
7,7,10136,0,0
0,4,10137,0,0
1,4,10138,0,0
2,6,10139,0,0
3,7,10140,0,0
4,4,10141,0,0
5,4,10142,0,0
6,5,10143,0,0
7,4,10144,0,0
0,3,10145,0,0
1,4,10146,0,0
2,8,10147,0,0
3,5,10148,0,0
4,4,10149,0,0
5,4,10150,0,0
6,5,10151,0,0
7,7,10152,0,0
0,3,10153,0,0
1,4,10154,0,0
2,8,10155,0,0
3,5,10156,0,0
4,4,10157,0,0
5,4,10158,0,0
6,5,10159,0,0
7,7,10160,0,0
0,2,10161,0,0
1,7,10162,0,0
2,8,10163,0,0
3,1,10164,0,0
4,4,10165,0,0
5,5,10166,0,0
6,3,10167,0,0
7,7,10168,0,0
0,2,10169,0,0
1,7,10170,0,0
2,8,10171,0,0
3,1,10172,0,0
4,4,10173,0,0
5,5,10174,0,0
6,3,10175,0,0
7,7,10176,0,0
0,2,10177,0,0
1,7,10178,0,0
2,2,10179,0,0
3,2,10180,0,0
4,1,10181,0,0
5,4,10182,0,0
6,2,10183,0,0
7,7,10184,0,0
0,8,10185,0,0
1,1,10186,0,0
2,2,10187,0,0
3,1,10188,0,0
4,1,10189,0,0
5,5,10190,0,0
6,1,10191,0,0
7,0,10192,0,0
0,2,10193,0,0
1,1,10194,0,0
2,2,10195,0,0
3,1,10196,0,0
4,1,10197,0,0
5,5,10198,0,0
6,1,10199,0,0
7,0,10200,0,0
0,2,10201,0,0
1,1,10202,0,0
2,1,10203,0,0
3,2,10204,0,0
4,1,10205,0,0
5,8,10206,0,0
6,1,10207,0,0
7,0,10208,0,0
0,3,10209,0,0
1,3,10210,0,0
2,1,10211,0,0
3,1,10212,0,0
4,2,10213,0,0
5,2,10214,0,0
6,1,10215,0,0
7,0,10216,0,0
0,3,10217,0,0
1,3,10218,0,0
2,1,10219,0,0
3,0,10220,0,0
4,3,10221,0,0
5,8,10222,0,0
6,2,10223,0,0
7,0,10224,0,0
0,5,10225,0,0
1,7,10226,0,0
2,6,10227,0,0
3,5,10228,0,0
4,3,10229,0,0
5,5,10230,0,0
6,1,10231,0,0
7,0,10232,0,0
0,5,10233,0,0
1,3,10234,0,0
2,6,10235,0,0
3,5,10236,0,0
4,4,10237,0,0
5,3,10238,0,0
6,1,10239,0,0
7,0,10240,0,0
0,8,10241,0,0
1,3,10242,0,0
2,8,10243,0,0
3,5,10244,0,0
4,3,10245,0,0
5,3,10246,0,0
6,1,10247,0,0
7,0,10248,0,0
0,8,10249,0,0
1,4,10250,0,0
2,8,10251,0,0
3,5,10252,0,0
4,4,10253,0,0
5,3,10254,0,0
6,5,10255,0,0
7,7,10256,0,0
0,2,10257,0,0
1,7,10258,0,0
2,8,10259,0,0
3,5,10260,0,0
4,4,10261,0,0
5,5,10262,0,0
6,5,10263,0,0
7,0,10264,0,0
0,2,10265,0,0
1,6,10266,0,0
2,1,10267,0,0
3,5,10268,0,0
4,2,10269,0,0
5,5,10270,0,0
6,5,10271,0,0
7,0,10272,0,0
0,2,10273,0,0
1,6,10274,0,0
2,1,10275,0,0
3,5,10276,0,0
4,4,10277,0,0
5,5,10278,0,0
6,1,10279,0,0
7,0,10280,0,0
0,7,10281,0,0
1,6,10282,0,0
2,8,10283,0,0
3,5,10284,0,0
4,2,10285,0,0
5,5,10286,0,0
6,1,10287,0,0
7,0,10288,0,0
0,3,10289,0,0
1,6,10290,0,0
2,6,10291,0,0
3,5,10292,0,0
4,4,10293,0,0
5,5,10294,0,0
6,2,10295,0,0
7,0,10296,0,0
0,4,10297,0,0
1,6,10298,0,0
2,1,10299,0,0
3,0,10300,0,0
4,2,10301,0,0
5,5,10302,0,0
6,5,10303,0,0
7,7,10304,0,0
0,5,10305,0,0
1,6,10306,0,0
2,1,10307,0,0
3,0,10308,0,0
4,4,10309,0,0
5,5,10310,0,0
6,5,10311,0,0
7,0,10312,0,0
0,4,10313,0,0
1,5,10314,0,0
2,1,10315,0,0
3,5,10316,0,0
4,2,10317,0,0
5,5,10318,0,0
6,5,10319,0,0
7,0,10320,0,0
0,2,10321,0,0
1,5,10322,0,0
2,7,10323,0,0
3,5,10324,0,0
4,4,10325,0,0
5,5,10326,0,0
6,5,10327,0,0
7,7,10328,0,0
0,2,10329,0,0
1,5,10330,0,0
2,7,10331,0,0
3,5,10332,0,0
4,4,10333,0,0
5,5,10334,0,0
6,5,10335,0,0
7,7,10336,0,0
0,2,10337,0,0
1,5,10338,0,0
2,7,10339,0,0
3,5,10340,0,0
4,4,10341,0,0
5,5,10342,0,0
6,5,10343,0,0
7,7,10344,0,0
0,2,10345,0,0
1,5,10346,0,0
2,7,10347,0,0
3,5,10348,0,0
4,2,10349,0,0
5,5,10350,0,0
6,5,10351,0,0
7,7,10352,0,0
0,2,10353,0,0
1,5,10354,0,0
2,7,10355,0,0
3,5,10356,0,0
4,4,10357,0,0
5,5,10358,0,0
6,5,10359,0,0
7,7,10360,0,0
0,3,10361,0,0
1,5,10362,0,0
2,7,10363,0,0
3,6,10364,0,0
4,4,10365,0,0
5,5,10366,0,0
6,5,10367,0,0
7,7,10368,0,0
0,2,10369,0,0
1,5,10370,0,0
2,7,10371,0,0
3,7,10372,0,0
4,4,10373,0,0
5,5,10374,0,0
6,5,10375,0,0
7,7,10376,0,0
0,6,10377,0,0
1,6,10378,0,0
2,7,10379,0,0
3,5,10380,0,0
4,4,10381,0,0
5,5,10382,0,0
6,3,10383,0,0
7,7,10384,0,0
0,6,10385,0,0
1,5,10386,0,0
2,6,10387,0,0
3,5,10388,0,0
4,4,10389,0,0
5,5,10390,0,0
6,6,10391,0,0
7,7,10392,0,0
0,5,10393,0,0
1,5,10394,0,0
2,6,10395,0,0
3,5,10396,0,0
4,2,10397,0,0
5,5,10398,0,0
6,5,10399,0,0
7,7,10400,0,0
0,4,10401,0,0
1,5,10402,0,0
2,6,10403,0,0
3,0,10404,0,0
4,2,10405,0,0
5,5,10406,0,0
6,5,10407,0,0
7,7,10408,0,0
0,2,10409,0,0
1,5,10410,0,0
2,7,10411,0,0
3,0,10412,0,0
4,2,10413,0,0
5,5,10414,0,0
6,5,10415,0,0
7,6,10416,0,0
0,2,10417,0,0
1,5,10418,0,0
2,7,10419,0,0
3,0,10420,0,0
4,4,10421,0,0
5,5,10422,0,0
6,6,10423,0,0
7,6,10424,0,0
0,2,10425,0,0
1,5,10426,0,0
2,7,10427,0,0
3,0,10428,0,0
4,2,10429,0,0
5,5,10430,0,0
6,3,10431,0,0
7,6,10432,0,0
0,3,10433,0,0
1,5,10434,0,0
2,8,10435,0,0
3,0,10436,0,0
4,2,10437,0,0
5,4,10438,0,0
6,3,10439,0,0
7,6,10440,0,0
0,5,10441,0,0
1,5,10442,0,0
2,0,10443,0,0
3,3,10444,0,0
4,2,10445,0,0
5,5,10446,0,0
6,3,10447,0,0
7,7,10448,0,0
0,6,10449,0,0
1,3,10450,0,0
2,7,10451,0,0
3,3,10452,0,0
4,1,10453,0,0
5,4,10454,0,0
6,3,10455,0,0
7,7,10456,0,0
0,6,10457,0,0
1,3,10458,0,0
2,5,10459,0,0
3,3,10460,0,0
4,2,10461,0,0
5,5,10462,0,0
6,3,10463,0,0
7,5,10464,0,0
0,3,10465,0,0
1,6,10466,0,0
2,7,10467,0,0
3,3,10468,0,0
4,4,10469,0,0
5,5,10470,0,0
6,4,10471,0,0
7,4,10472,0,0
0,3,10473,0,0
1,6,10474,0,0
2,7,10475,0,0
3,3,10476,0,0
4,4,10477,0,0
5,1,10478,0,0
6,4,10479,0,0
7,4,10480,0,0
0,2,10481,0,0
1,6,10482,0,0
2,7,10483,0,0
3,3,10484,0,0
4,4,10485,0,0
5,5,10486,0,0
6,8,10487,0,0
7,4,10488,0,0
0,2,10489,0,0
1,6,10490,0,0
2,7,10491,0,0
3,3,10492,0,0
4,4,10493,0,0
5,5,10494,0,0
6,1,10495,0,0
7,5,10496,0,0
0,2,10497,0,0
1,6,10498,0,0
2,7,10499,0,0
3,3,10500,0,0
4,1,10501,0,0
5,5,10502,0,0
6,1,10503,0,0
7,5,10504,0,0
0,2,10505,0,0
1,6,10506,0,0
2,1,10507,0,0
3,0,10508,0,0
4,1,10509,0,0
5,5,10510,0,0
6,1,10511,0,0
7,1,10512,0,0
0,2,10513,0,0
1,7,10514,0,0
2,2,10515,0,0
3,0,10516,0,0
4,4,10517,0,0
5,5,10518,0,0
6,8,10519,0,0
7,1,10520,0,0
0,2,10521,0,0
1,4,10522,0,0
2,2,10523,0,0
3,0,10524,0,0
4,4,10525,0,0
5,3,10526,0,0
6,2,10527,0,0
7,1,10528,0,0
0,2,10529,0,0
1,4,10530,0,0
2,1,10531,0,0
3,0,10532,0,0
4,2,10533,0,0
5,2,10534,0,0
6,2,10535,0,0
7,1,10536,0,0
0,2,10537,0,0
1,4,10538,0,0
2,1,10539,0,0
3,3,10540,0,0
4,2,10541,0,0
5,2,10542,0,0
6,2,10543,0,0
7,1,10544,0,0
0,2,10545,0,0
1,7,10546,0,0
2,2,10547,0,0
3,3,10548,0,0
4,2,10549,0,0
5,1,10550,0,0
6,2,10551,0,0
7,1,10552,0,0
0,2,10553,0,0
1,3,10554,0,0
2,2,10555,0,0
3,3,10556,0,0
4,2,10557,0,0
5,3,10558,0,0
6,2,10559,0,0
7,1,10560,0,0
0,2,10561,0,0
1,7,10562,0,0
2,8,10563,0,0
3,3,10564,0,0
4,4,10565,0,0
5,4,10566,0,0
6,2,10567,0,0
7,2,10568,0,0
0,2,10569,0,0
1,4,10570,0,0
2,8,10571,0,0
3,3,10572,0,0
4,4,10573,0,0
5,3,10574,0,0
6,5,10575,0,0
7,2,10576,0,0
0,2,10577,0,0
1,4,10578,0,0
2,8,10579,0,0
3,7,10580,0,0
4,4,10581,0,0
5,4,10582,0,0
6,5,10583,0,0
7,2,10584,0,0
0,2,10585,0,0
1,4,10586,0,0
2,8,10587,0,0
3,7,10588,0,0
4,4,10589,0,0
5,5,10590,0,0
6,5,10591,0,0
7,1,10592,0,0
0,2,10593,0,0
1,3,10594,0,0
2,8,10595,0,0
3,7,10596,0,0
4,2,10597,0,0
5,5,10598,0,0
6,5,10599,0,0
7,1,10600,0,0
0,2,10601,0,0
1,3,10602,0,0
2,8,10603,0,0
3,3,10604,0,0
4,4,10605,0,0
5,5,10606,0,0
6,5,10607,0,0
7,1,10608,0,0
0,2,10609,0,0
1,3,10610,0,0
2,8,10611,0,0
3,7,10612,0,0
4,4,10613,0,0
5,5,10614,0,0
6,5,10615,0,0
7,1,10616,0,0
0,2,10617,0,0
1,3,10618,0,0
2,8,10619,0,0
3,7,10620,0,0
4,4,10621,0,0
5,4,10622,0,0
6,3,10623,0,0
7,1,10624,0,0
0,2,10625,0,0
1,3,10626,0,0
2,8,10627,0,0
3,7,10628,0,0
4,4,10629,0,0
5,4,10630,0,0
6,5,10631,0,0
7,2,10632,0,0
0,2,10633,0,0
1,3,10634,0,0
2,8,10635,0,0
3,7,10636,0,0
4,4,10637,0,0
5,5,10638,0,0
6,3,10639,0,0
7,1,10640,0,0
0,2,10641,0,0
1,3,10642,0,0
2,8,10643,0,0
3,7,10644,0,0
4,4,10645,0,0
5,3,10646,0,0
6,3,10647,0,0
7,1,10648,0,0
0,2,10649,0,0
1,3,10650,0,0
2,8,10651,0,0
3,3,10652,0,0
4,4,10653,0,0
5,3,10654,0,0
6,3,10655,0,0
7,3,10656,0,0
0,3,10657,0,0
1,3,10658,0,0
2,8,10659,0,0
3,3,10660,0,0
4,4,10661,0,0
5,3,10662,0,0
6,3,10663,0,0
7,3,10664,0,0
0,3,10665,0,0
1,4,10666,0,0
2,8,10667,0,0
3,3,10668,0,0
4,2,10669,0,0
5,3,10670,0,0
6,3,10671,0,0
7,3,10672,0,0
0,3,10673,0,0
1,4,10674,0,0
2,8,10675,0,0
3,7,10676,0,0
4,4,10677,0,0
5,5,10678,0,0
6,4,10679,0,0
7,4,10680,0,0
0,2,10681,0,0
1,4,10682,0,0
2,8,10683,0,0
3,7,10684,0,0
4,2,10685,0,0
5,5,10686,0,0
6,4,10687,0,0
7,3,10688,0,0
0,3,10689,0,0
1,4,10690,0,0
2,8,10691,0,0
3,7,10692,0,0
4,1,10693,0,0
5,5,10694,0,0
6,2,10695,0,0
7,3,10696,0,0
0,3,10697,0,0
1,4,10698,0,0
2,8,10699,0,0
3,7,10700,0,0
4,1,10701,0,0
5,3,10702,0,0
6,5,10703,0,0
7,7,10704,0,0
0,3,10705,0,0
1,4,10706,0,0
2,8,10707,0,0
3,7,10708,0,0
4,1,10709,0,0
5,3,10710,0,0
6,5,10711,0,0
7,7,10712,0,0
0,3,10713,0,0
1,4,10714,0,0
2,8,10715,0,0
3,7,10716,0,0
4,1,10717,0,0
5,5,10718,0,0
6,5,10719,0,0
7,7,10720,0,0
0,3,10721,0,0
1,7,10722,0,0
2,8,10723,0,0
3,7,10724,0,0
4,4,10725,0,0
5,5,10726,0,0
6,5,10727,0,0
7,7,10728,0,0
0,3,10729,0,0
1,3,10730,0,0
2,8,10731,0,0
3,7,10732,0,0
4,4,10733,0,0
5,5,10734,0,0
6,2,10735,0,0
7,7,10736,0,0
0,3,10737,0,0
1,3,10738,0,0
2,8,10739,0,0
3,7,10740,0,0
4,3,10741,0,0
5,5,10742,0,0
6,5,10743,0,0
7,7,10744,0,0
0,3,10745,0,0
1,3,10746,0,0
2,8,10747,0,0
3,3,10748,0,0
4,3,10749,0,0
5,3,10750,0,0
6,3,10751,0,0
7,7,10752,0,0
0,3,10753,0,0
1,3,10754,0,0
2,8,10755,0,0
3,7,10756,0,0
4,4,10757,0,0
5,5,10758,0,0
6,6,10759,0,0
7,5,10760,0,0
0,3,10761,0,0
1,3,10762,0,0
2,1,10763,0,0
3,7,10764,0,0
4,2,10765,0,0
5,5,10766,0,0
6,2,10767,0,0
7,3,10768,0,0
0,2,10769,0,0
1,3,10770,0,0
2,2,10771,0,0
3,7,10772,0,0
4,4,10773,0,0
5,5,10774,0,0
6,2,10775,0,0
7,2,10776,0,0
0,2,10777,0,0
1,4,10778,0,0
2,2,10779,0,0
3,3,10780,0,0
4,4,10781,0,0
5,5,10782,0,0
6,5,10783,0,0
7,5,10784,0,0
0,2,10785,0,0
1,7,10786,0,0
2,8,10787,0,0
3,3,10788,0,0
4,4,10789,0,0
5,5,10790,0,0
6,2,10791,0,0
7,5,10792,0,0
0,2,10793,0,0
1,7,10794,0,0
2,7,10795,0,0
3,3,10796,0,0
4,4,10797,0,0
5,5,10798,0,0
6,2,10799,0,0
7,3,10800,0,0
0,2,10801,0,0
1,6,10802,0,0
2,8,10803,0,0
3,3,10804,0,0
4,4,10805,0,0
5,5,10806,0,0
6,1,10807,0,0
7,3,10808,0,0
0,2,10809,0,0
1,7,10810,0,0
2,7,10811,0,0
3,3,10812,0,0
4,4,10813,0,0
5,5,10814,0,0
6,2,10815,0,0
7,3,10816,0,0
0,3,10817,0,0
1,7,10818,0,0
2,7,10819,0,0
3,3,10820,0,0
4,4,10821,0,0
5,4,10822,0,0
6,2,10823,0,0
7,3,10824,0,0
0,6,10825,0,0
1,7,10826,0,0
2,7,10827,0,0
3,3,10828,0,0
4,1,10829,0,0
5,4,10830,0,0
6,6,10831,0,0
7,7,10832,0,0
0,5,10833,0,0
1,7,10834,0,0
2,7,10835,0,0
3,3,10836,0,0
4,1,10837,0,0
5,5,10838,0,0
6,1,10839,0,0
7,5,10840,0,0
0,5,10841,0,0
1,5,10842,0,0
2,8,10843,0,0
3,1,10844,0,0
4,7,10845,0,0
5,5,10846,0,0
6,1,10847,0,0
7,4,10848,0,0
0,4,10849,0,0
1,5,10850,0,0
2,4,10851,0,0
3,6,10852,0,0
4,7,10853,0,0
5,5,10854,0,0
6,1,10855,0,0
7,6,10856,0,0
0,2,10857,0,0
1,6,10858,0,0
2,4,10859,0,0
3,1,10860,0,0
4,8,10861,0,0
5,5,10862,0,0
6,1,10863,0,0
7,6,10864,0,0
0,4,10865,0,0
1,6,10866,0,0
2,4,10867,0,0
3,1,10868,0,0
4,8,10869,0,0
5,5,10870,0,0
6,1,10871,0,0
7,5,10872,0,0
0,4,10873,0,0
1,6,10874,0,0
2,5,10875,0,0
3,0,10876,0,0
4,8,10877,0,0
5,5,10878,0,0
6,1,10879,0,0
7,5,10880,0,0
0,4,10881,0,0
1,7,10882,0,0
2,7,10883,0,0
3,0,10884,0,0
4,4,10885,0,0
5,1,10886,0,0
6,0,10887,0,0
7,6,10888,0,0
0,4,10889,0,0
1,7,10890,0,0
2,7,10891,0,0
3,7,10892,0,0
4,4,10893,0,0
5,4,10894,0,0
6,0,10895,0,0
7,6,10896,0,0
0,4,10897,0,0
1,7,10898,0,0
2,7,10899,0,0
3,5,10900,0,0
4,8,10901,0,0
5,1,10902,0,0
6,0,10903,0,0
7,6,10904,0,0
0,4,10905,0,0
1,6,10906,0,0
2,7,10907,0,0
3,7,10908,0,0
4,8,10909,0,0
5,1,10910,0,0
6,0,10911,0,0
7,5,10912,0,0
0,4,10913,0,0
1,5,10914,0,0
2,7,10915,0,0
3,7,10916,0,0
4,8,10917,0,0
5,1,10918,0,0
6,0,10919,0,0
7,5,10920,0,0
0,4,10921,0,0
1,5,10922,0,0
2,2,10923,0,0
3,6,10924,0,0
4,8,10925,0,0
5,2,10926,0,0
6,1,10927,0,0
7,6,10928,0,0
0,4,10929,0,0
1,5,10930,0,0
2,7,10931,0,0
3,6,10932,0,0
4,1,10933,0,0
5,2,10934,0,0
6,1,10935,0,0
7,6,10936,0,0
0,4,10937,0,0
1,5,10938,0,0
2,7,10939,0,0
3,6,10940,0,0
4,1,10941,0,0
5,2,10942,0,0
6,1,10943,0,0
7,4,10944,0,0
0,4,10945,0,0
1,5,10946,0,0
2,7,10947,0,0
3,6,10948,0,0
4,6,10949,0,0
5,1,10950,0,0
6,1,10951,0,0
7,5,10952,0,0
0,4,10953,0,0
1,6,10954,0,0
2,7,10955,0,0
3,7,10956,0,0
4,2,10957,0,0
5,1,10958,0,0
6,1,10959,0,0
7,5,10960,0,0
0,4,10961,0,0
1,6,10962,0,0
2,8,10963,0,0
3,1,10964,0,0
4,2,10965,0,0
5,1,10966,0,0
6,1,10967,0,0
7,5,10968,0,0
0,4,10969,0,0
1,6,10970,0,0
2,1,10971,0,0
3,1,10972,0,0
4,2,10973,0,0
5,1,10974,0,0
6,1,10975,0,0
7,5,10976,0,0
0,4,10977,0,0
1,6,10978,0,0
2,1,10979,0,0
3,2,10980,0,0
4,2,10981,0,0
5,1,10982,0,0
6,2,10983,0,0
7,5,10984,0,0
0,4,10985,0,0
1,6,10986,0,0
2,2,10987,0,0
3,2,10988,0,0
4,2,10989,0,0
5,1,10990,0,0
6,8,10991,0,0
7,3,10992,0,0
0,4,10993,0,0
1,6,10994,0,0
2,1,10995,0,0
3,2,10996,0,0
4,2,10997,0,0
5,1,10998,0,0
6,3,10999,0,0
7,4,11000,0,0
0,5,11001,0,0
1,6,11002,0,0
2,8,11003,0,0
3,1,11004,0,0
4,2,11005,0,0
5,1,11006,0,0
6,0,11007,0,0
7,4,11008,0,0
0,5,11009,0,0
1,6,11010,0,0
2,8,11011,0,0
3,1,11012,0,0
4,2,11013,0,0
5,1,11014,0,0
6,0,11015,0,0
7,4,11016,0,0
0,4,11017,0,0
1,5,11018,0,0
2,8,11019,0,0
3,1,11020,0,0
4,2,11021,0,0
5,1,11022,0,0
6,4,11023,0,0
7,4,11024,0,0
0,4,11025,0,0
1,6,11026,0,0
2,8,11027,0,0
3,1,11028,0,0
4,2,11029,0,0
5,1,11030,0,0
6,4,11031,0,0
7,4,11032,0,0
0,6,11033,0,0
1,7,11034,0,0
2,8,11035,0,0
3,7,11036,0,0
4,2,11037,0,0
5,1,11038,0,0
6,3,11039,0,0
7,4,11040,0,0
0,4,11041,0,0
1,7,11042,0,0
2,8,11043,0,0
3,8,11044,0,0
4,2,11045,0,0
5,1,11046,0,0
6,3,11047,0,0
7,4,11048,0,0
0,4,11049,0,0
1,6,11050,0,0
2,8,11051,0,0
3,5,11052,0,0
4,2,11053,0,0
5,5,11054,0,0
6,4,11055,0,0
7,4,11056,0,0
0,4,11057,0,0
1,6,11058,0,0
2,8,11059,0,0
3,5,11060,0,0
4,2,11061,0,0
5,5,11062,0,0
6,5,11063,0,0
7,4,11064,0,0
0,4,11065,0,0
1,6,11066,0,0
2,8,11067,0,0
3,5,11068,0,0
4,2,11069,0,0
5,5,11070,0,0
6,8,11071,0,0
7,3,11072,0,0
0,2,11073,0,0
1,6,11074,0,0
2,8,11075,0,0
3,8,11076,0,0
4,2,11077,0,0
5,5,11078,0,0
6,8,11079,0,0
7,4,11080,0,0
0,4,11081,0,0
1,6,11082,0,0
2,8,11083,0,0
3,8,11084,0,0
4,2,11085,0,0
5,1,11086,0,0
6,2,11087,0,0
7,4,11088,0,0
0,2,11089,0,0
1,5,11090,0,0
2,8,11091,0,0
3,1,11092,0,0
4,2,11093,0,0
5,1,11094,0,0
6,2,11095,0,0
7,4,11096,0,0
0,4,11097,0,0
1,5,11098,0,0
2,6,11099,0,0
3,7,11100,0,0
4,2,11101,0,0
5,1,11102,0,0
6,8,11103,0,0
7,7,11104,0,0
0,3,11105,0,0
1,5,11106,0,0
2,8,11107,0,0
3,7,11108,0,0
4,2,11109,0,0
5,1,11110,0,0
6,8,11111,0,0
7,7,11112,0,0
0,4,11113,0,0
1,5,11114,0,0
2,8,11115,0,0
3,1,11116,0,0
4,2,11117,0,0
5,1,11118,0,0
6,2,11119,0,0
7,7,11120,0,0
0,2,11121,0,0
1,3,11122,0,0
2,8,11123,0,0
3,1,11124,0,0
4,2,11125,0,0
5,1,11126,0,0
6,5,11127,0,0
7,7,11128,0,0
0,2,11129,0,0
1,6,11130,0,0
2,8,11131,0,0
3,3,11132,0,0
4,2,11133,0,0
5,1,11134,0,0
6,5,11135,0,0
7,5,11136,0,0
0,4,11137,0,0
1,6,11138,0,0
2,8,11139,0,0
3,3,11140,0,0
4,2,11141,0,0
5,1,11142,0,0
6,2,11143,0,0
7,5,11144,0,0
0,4,11145,0,0
1,7,11146,0,0
2,7,11147,0,0
3,3,11148,0,0
4,2,11149,0,0
5,1,11150,0,0
6,2,11151,0,0
7,5,11152,0,0
0,4,11153,0,0
1,6,11154,0,0
2,7,11155,0,0
3,3,11156,0,0
4,1,11157,0,0
5,1,11158,0,0
6,8,11159,0,0
7,5,11160,0,0
0,4,11161,0,0
1,5,11162,0,0
2,4,11163,0,0
3,3,11164,0,0
4,4,11165,0,0
5,1,11166,0,0
6,8,11167,0,0
7,5,11168,0,0
0,2,11169,0,0
1,5,11170,0,0
2,4,11171,0,0
3,3,11172,0,0
4,2,11173,0,0
5,1,11174,0,0
6,0,11175,0,0
7,7,11176,0,0
0,2,11177,0,0
1,5,11178,0,0
2,4,11179,0,0
3,3,11180,0,0
4,2,11181,0,0
5,1,11182,0,0
6,0,11183,0,0
7,5,11184,0,0
0,2,11185,0,0
1,7,11186,0,0
2,4,11187,0,0
3,3,11188,0,0
4,2,11189,0,0
5,1,11190,0,0
6,0,11191,0,0
7,5,11192,0,0
0,2,11193,0,0
1,7,11194,0,0
2,4,11195,0,0
3,3,11196,0,0
4,2,11197,0,0
5,1,11198,0,0
6,8,11199,0,0
7,5,11200,0,0
0,2,11201,0,0
1,7,11202,0,0
2,4,11203,0,0
3,3,11204,0,0
4,2,11205,0,0
5,1,11206,0,0
6,8,11207,0,0
7,5,11208,0,0
0,3,11209,0,0
1,7,11210,0,0
2,7,11211,0,0
3,7,11212,0,0
4,1,11213,0,0
5,1,11214,0,0
6,1,11215,0,0
7,5,11216,0,0
0,3,11217,0,0
1,6,11218,0,0
2,4,11219,0,0
3,1,11220,0,0
4,1,11221,0,0
5,1,11222,0,0
6,2,11223,0,0
7,5,11224,0,0
0,3,11225,0,0
1,6,11226,0,0
2,4,11227,0,0
3,8,11228,0,0
4,7,11229,0,0
5,1,11230,0,0
6,2,11231,0,0
7,5,11232,0,0
0,3,11233,0,0
1,6,11234,0,0
2,4,11235,0,0
3,8,11236,0,0
4,0,11237,0,0
5,1,11238,0,0
6,1,11239,0,0
7,7,11240,0,0
0,3,11241,0,0
1,6,11242,0,0
2,4,11243,0,0
3,1,11244,0,0
4,0,11245,0,0
5,1,11246,0,0
6,2,11247,0,0
7,7,11248,0,0
0,3,11249,0,0
1,6,11250,0,0
2,4,11251,0,0
3,1,11252,0,0
4,0,11253,0,0
5,1,11254,0,0
6,2,11255,0,0
7,0,11256,0,0
0,2,11257,0,0
1,6,11258,0,0
2,7,11259,0,0
3,1,11260,0,0
4,0,11261,0,0
5,1,11262,0,0
6,1,11263,0,0
7,0,11264,0,0
0,2,11265,0,0
1,6,11266,0,0
2,7,11267,0,0
3,1,11268,0,0
4,0,11269,0,0
5,1,11270,0,0
6,2,11271,0,0
7,0,11272,0,0
0,2,11273,0,0
1,6,11274,0,0
2,6,11275,0,0
3,1,11276,0,0
4,0,11277,0,0
5,1,11278,0,0
6,3,11279,0,0
7,0,11280,0,0
0,2,11281,0,0
1,6,11282,0,0
2,4,11283,0,0
3,8,11284,0,0
4,0,11285,0,0
5,1,11286,0,0
6,8,11287,0,0
7,0,11288,0,0
0,2,11289,0,0
1,5,11290,0,0
2,4,11291,0,0
3,8,11292,0,0
4,0,11293,0,0
5,1,11294,0,0
6,8,11295,0,0
7,0,11296,0,0
0,4,11297,0,0
1,7,11298,0,0
2,4,11299,0,0
3,8,11300,0,0
4,0,11301,0,0
5,1,11302,0,0
6,8,11303,0,0
7,0,11304,0,0
0,4,11305,0,0
1,7,11306,0,0
2,8,11307,0,0
3,8,11308,0,0
4,4,11309,0,0
5,1,11310,0,0
6,1,11311,0,0
7,0,11312,0,0
0,4,11313,0,0
1,6,11314,0,0
2,8,11315,0,0
3,8,11316,0,0
4,4,11317,0,0
5,1,11318,0,0
6,1,11319,0,0
7,0,11320,0,0
0,4,11321,0,0
1,6,11322,0,0
2,8,11323,0,0
3,8,11324,0,0
4,4,11325,0,0
5,2,11326,0,0
6,1,11327,0,0
7,0,11328,0,0
0,2,11329,0,0
1,1,11330,0,0
2,8,11331,0,0
3,6,11332,0,0
4,1,11333,0,0
5,1,11334,0,0
6,1,11335,0,0
7,0,11336,0,0
0,2,11337,0,0
1,6,11338,0,0
2,8,11339,0,0
3,7,11340,0,0
4,1,11341,0,0
5,1,11342,0,0
6,1,11343,0,0
7,0,11344,0,0
0,4,11345,0,0
1,3,11346,0,0
2,8,11347,0,0
3,8,11348,0,0
4,2,11349,0,0
5,2,11350,0,0
6,1,11351,0,0
7,0,11352,0,0
0,4,11353,0,0
1,6,11354,0,0
2,8,11355,0,0
3,8,11356,0,0
4,2,11357,0,0
5,8,11358,0,0
6,1,11359,0,0
7,0,11360,0,0
0,2,11361,0,0
1,6,11362,0,0
2,8,11363,0,0
3,8,11364,0,0
4,2,11365,0,0
5,2,11366,0,0
6,2,11367,0,0
7,7,11368,0,0
0,2,11369,0,0
1,6,11370,0,0
2,8,11371,0,0
3,1,11372,0,0
4,2,11373,0,0
5,1,11374,0,0
6,1,11375,0,0
7,7,11376,0,0
0,2,11377,0,0
1,5,11378,0,0
2,8,11379,0,0
3,1,11380,0,0
4,2,11381,0,0
5,2,11382,0,0
6,1,11383,0,0
7,5,11384,0,0
0,2,11385,0,0
1,6,11386,0,0
2,8,11387,0,0
3,1,11388,0,0
4,2,11389,0,0
5,2,11390,0,0
6,1,11391,0,0
7,2,11392,0,0
0,2,11393,0,0
1,6,11394,0,0
2,8,11395,0,0
3,0,11396,0,0
4,2,11397,0,0
5,1,11398,0,0
6,1,11399,0,0
7,4,11400,0,0
0,4,11401,0,0
1,6,11402,0,0
2,8,11403,0,0
3,0,11404,0,0
4,2,11405,0,0
5,1,11406,0,0
6,1,11407,0,0
7,4,11408,0,0
0,4,11409,0,0
1,6,11410,0,0
2,8,11411,0,0
3,0,11412,0,0
4,2,11413,0,0
5,1,11414,0,0
6,8,11415,0,0
7,7,11416,0,0
0,4,11417,0,0
1,6,11418,0,0
2,8,11419,0,0
3,8,11420,0,0
4,2,11421,0,0
5,1,11422,0,0
6,5,11423,0,0
7,7,11424,0,0
0,4,11425,0,0
1,6,11426,0,0
2,8,11427,0,0
3,8,11428,0,0
4,2,11429,0,0
5,1,11430,0,0
6,2,11431,0,0
7,7,11432,0,0
0,4,11433,0,0
1,6,11434,0,0
2,8,11435,0,0
3,1,11436,0,0
4,4,11437,0,0
5,1,11438,0,0
6,0,11439,0,0
7,7,11440,0,0
0,2,11441,0,0
1,6,11442,0,0
2,8,11443,0,0
3,8,11444,0,0
4,2,11445,0,0
5,1,11446,0,0
6,4,11447,0,0
7,7,11448,0,0
0,2,11449,0,0
1,6,11450,0,0
2,8,11451,0,0
3,8,11452,0,0
4,4,11453,0,0
5,1,11454,0,0
6,3,11455,0,0
7,7,11456,0,0
0,2,11457,0,0
1,6,11458,0,0
2,8,11459,0,0
3,1,11460,0,0
4,4,11461,0,0
5,5,11462,0,0
6,0,11463,0,0
7,7,11464,0,0
0,5,11465,0,0
1,6,11466,0,0
2,8,11467,0,0
3,1,11468,0,0
4,4,11469,0,0
5,5,11470,0,0
6,5,11471,0,0
7,7,11472,0,0
0,5,11473,0,0
1,6,11474,0,0
2,1,11475,0,0
3,1,11476,0,0
4,4,11477,0,0
5,5,11478,0,0
6,5,11479,0,0
7,7,11480,0,0
0,4,11481,0,0
1,4,11482,0,0
2,8,11483,0,0
3,1,11484,0,0
4,4,11485,0,0
5,5,11486,0,0
6,2,11487,0,0
7,7,11488,0,0
0,5,11489,0,0
1,7,11490,0,0
2,8,11491,0,0
3,1,11492,0,0
4,2,11493,0,0
5,5,11494,0,0
6,2,11495,0,0
7,7,11496,0,0
0,5,11497,0,0
1,6,11498,0,0
2,7,11499,0,0
3,3,11500,0,0
4,4,11501,0,0
5,5,11502,0,0
6,2,11503,0,0
7,7,11504,0,0
0,5,11505,0,0
1,6,11506,0,0
2,4,11507,0,0
3,3,11508,0,0
4,2,11509,0,0
5,5,11510,0,0
6,1,11511,0,0
7,7,11512,0,0
0,5,11513,0,0
1,6,11514,0,0
2,4,11515,0,0
3,1,11516,0,0
4,2,11517,0,0
5,8,11518,0,0
6,1,11519,0,0
7,7,11520,0,0
0,5,11521,0,0
1,6,11522,0,0
2,7,11523,0,0
3,1,11524,0,0
4,4,11525,0,0
5,7,11526,0,0
6,1,11527,0,0
7,7,11528,0,0
0,7,11529,0,0
1,7,11530,0,0
2,7,11531,0,0
3,8,11532,0,0
4,2,11533,0,0
5,1,11534,0,0
6,8,11535,0,0
7,7,11536,0,0
0,6,11537,0,0
1,3,11538,0,0
2,7,11539,0,0
3,8,11540,0,0
4,4,11541,0,0
5,1,11542,0,0
6,8,11543,0,0
7,7,11544,0,0
0,4,11545,0,0
1,1,11546,0,0
2,7,11547,0,0
3,1,11548,0,0
4,2,11549,0,0
5,2,11550,0,0
6,8,11551,0,0
7,5,11552,0,0
0,2,11553,0,0
1,5,11554,0,0
2,7,11555,0,0
3,1,11556,0,0
4,2,11557,0,0
5,2,11558,0,0
6,4,11559,0,0
7,7,11560,0,0
0,4,11561,0,0
1,6,11562,0,0
2,7,11563,0,0
3,1,11564,0,0
4,2,11565,0,0
5,2,11566,0,0
6,4,11567,0,0
7,0,11568,0,0
0,2,11569,0,0
1,6,11570,0,0
2,7,11571,0,0
3,1,11572,0,0
4,2,11573,0,0
5,1,11574,0,0
6,4,11575,0,0
7,0,11576,0,0
0,2,11577,0,0
1,6,11578,0,0
2,8,11579,0,0
3,1,11580,0,0
4,2,11581,0,0
5,1,11582,0,0
6,4,11583,0,0
7,0,11584,0,0
0,2,11585,0,0
1,6,11586,0,0
2,8,11587,0,0
3,1,11588,0,0
4,2,11589,0,0
5,1,11590,0,0
6,0,11591,0,0
7,0,11592,0,0
0,2,11593,0,0
1,3,11594,0,0
2,2,11595,0,0
3,1,11596,0,0
4,4,11597,0,0
5,1,11598,0,0
6,0,11599,0,0
7,0,11600,0,0
0,2,11601,0,0
1,6,11602,0,0
2,0,11603,0,0
3,3,11604,0,0
4,4,11605,0,0
5,1,11606,0,0
6,0,11607,0,0
7,0,11608,0,0
0,4,11609,0,0
1,6,11610,0,0
2,0,11611,0,0
3,3,11612,0,0
4,2,11613,0,0
5,1,11614,0,0
6,0,11615,0,0
7,0,11616,0,0
0,4,11617,0,0
1,6,11618,0,0
2,8,11619,0,0
3,3,11620,0,0
4,2,11621,0,0
5,1,11622,0,0
6,8,11623,0,0
7,0,11624,0,0
0,2,11625,0,0
1,6,11626,0,0
2,8,11627,0,0
3,3,11628,0,0
4,2,11629,0,0
5,1,11630,0,0
6,8,11631,0,0
7,1,11632,0,0
0,2,11633,0,0
1,5,11634,0,0
2,8,11635,0,0
3,3,11636,0,0
4,2,11637,0,0
5,1,11638,0,0
6,8,11639,0,0
7,1,11640,0,0
0,4,11641,0,0
1,6,11642,0,0
2,8,11643,0,0
3,3,11644,0,0
4,2,11645,0,0
5,1,11646,0,0
6,0,11647,0,0
7,4,11648,0,0
0,4,11649,0,0
1,6,11650,0,0
2,8,11651,0,0
3,3,11652,0,0
4,2,11653,0,0
5,1,11654,0,0
6,0,11655,0,0
7,5,11656,0,0
0,2,11657,0,0
1,6,11658,0,0
2,8,11659,0,0
3,3,11660,0,0
4,2,11661,0,0
5,1,11662,0,0
6,8,11663,0,0
7,2,11664,0,0
0,4,11665,0,0
1,3,11666,0,0
2,7,11667,0,0
3,3,11668,0,0
4,2,11669,0,0
5,1,11670,0,0
6,8,11671,0,0
7,2,11672,0,0
0,4,11673,0,0
1,3,11674,0,0
2,7,11675,0,0
3,3,11676,0,0
4,2,11677,0,0
5,1,11678,0,0
6,8,11679,0,0
7,5,11680,0,0
0,4,11681,0,0
1,6,11682,0,0
2,7,11683,0,0
3,3,11684,0,0
4,2,11685,0,0
5,7,11686,0,0
6,8,11687,0,0
7,5,11688,0,0
0,2,11689,0,0
1,7,11690,0,0
2,0,11691,0,0
3,3,11692,0,0
4,2,11693,0,0
5,1,11694,0,0
6,8,11695,0,0
7,2,11696,0,0
0,4,11697,0,0
1,7,11698,0,0
2,7,11699,0,0
3,3,11700,0,0
4,2,11701,0,0
5,1,11702,0,0
6,8,11703,0,0
7,2,11704,0,0
0,4,11705,0,0
1,6,11706,0,0
2,8,11707,0,0
3,3,11708,0,0
4,2,11709,0,0
5,1,11710,0,0
6,1,11711,0,0
7,5,11712,0,0
0,4,11713,0,0
1,6,11714,0,0
2,8,11715,0,0
3,3,11716,0,0
4,2,11717,0,0
5,1,11718,0,0
6,1,11719,0,0
7,5,11720,0,0
0,4,11721,0,0
1,6,11722,0,0
2,8,11723,0,0
3,3,11724,0,0
4,2,11725,0,0
5,8,11726,0,0
6,1,11727,0,0
7,5,11728,0,0
0,6,11729,0,0
1,7,11730,0,0
2,8,11731,0,0
3,3,11732,0,0
4,2,11733,0,0
5,7,11734,0,0
6,8,11735,0,0
7,5,11736,0,0
0,6,11737,0,0
1,6,11738,0,0
2,8,11739,0,0
3,3,11740,0,0
4,2,11741,0,0
5,7,11742,0,0
6,8,11743,0,0
7,5,11744,0,0
0,4,11745,0,0
1,5,11746,0,0
2,8,11747,0,0
3,3,11748,0,0
4,2,11749,0,0
5,1,11750,0,0
6,8,11751,0,0
7,4,11752,0,0
0,2,11753,0,0
1,5,11754,0,0
2,8,11755,0,0
3,3,11756,0,0
4,2,11757,0,0
5,1,11758,0,0
6,8,11759,0,0
7,4,11760,0,0
0,2,11761,0,0
1,6,11762,0,0
2,8,11763,0,0
3,3,11764,0,0
4,2,11765,0,0
5,7,11766,0,0
6,8,11767,0,0
7,4,11768,0,0
0,4,11769,0,0
1,6,11770,0,0
2,0,11771,0,0
3,3,11772,0,0
4,2,11773,0,0
5,1,11774,0,0
6,0,11775,0,0
7,4,11776,0,0
0,6,11777,0,0
1,6,11778,0,0
2,0,11779,0,0
3,2,11780,0,0
4,2,11781,0,0
5,7,11782,0,0
6,0,11783,0,0
7,4,11784,0,0
0,6,11785,0,0
1,6,11786,0,0
2,0,11787,0,0
3,2,11788,0,0
4,2,11789,0,0
5,1,11790,0,0
6,8,11791,0,0
7,4,11792,0,0
0,5,11793,0,0
1,6,11794,0,0
2,8,11795,0,0
3,2,11796,0,0
4,2,11797,0,0
5,5,11798,0,0
6,8,11799,0,0
7,4,11800,0,0
0,5,11801,0,0
1,6,11802,0,0
2,8,11803,0,0
3,2,11804,0,0
4,4,11805,0,0
5,1,11806,0,0
6,1,11807,0,0
7,2,11808,0,0
0,6,11809,0,0
1,6,11810,0,0
2,8,11811,0,0
3,2,11812,0,0
4,4,11813,0,0
5,1,11814,0,0
6,1,11815,0,0
7,4,11816,0,0
0,6,11817,0,0
1,6,11818,0,0
2,8,11819,0,0
3,1,11820,0,0
4,2,11821,0,0
5,1,11822,0,0
6,8,11823,0,0
7,4,11824,0,0
0,5,11825,0,0
1,6,11826,0,0
2,8,11827,0,0
3,1,11828,0,0
4,2,11829,0,0
5,1,11830,0,0
6,8,11831,0,0
7,4,11832,0,0
0,5,11833,0,0
1,6,11834,0,0
2,8,11835,0,0
3,8,11836,0,0
4,4,11837,0,0
5,1,11838,0,0
6,0,11839,0,0
7,4,11840,0,0
0,5,11841,0,0
1,6,11842,0,0
2,8,11843,0,0
3,8,11844,0,0
4,4,11845,0,0
5,1,11846,0,0
6,8,11847,0,0
7,4,11848,0,0
0,6,11849,0,0
1,6,11850,0,0
2,8,11851,0,0
3,5,11852,0,0
4,4,11853,0,0
5,1,11854,0,0
6,8,11855,0,0
7,4,11856,0,0
0,6,11857,0,0
1,6,11858,0,0
2,8,11859,0,0
3,5,11860,0,0
4,4,11861,0,0
5,1,11862,0,0
6,8,11863,0,0
7,7,11864,0,0
0,6,11865,0,0
1,6,11866,0,0
2,8,11867,0,0
3,8,11868,0,0
4,2,11869,0,0
5,1,11870,0,0
6,8,11871,0,0
7,3,11872,0,0
0,6,11873,0,0
1,7,11874,0,0
2,8,11875,0,0
3,1,11876,0,0
4,2,11877,0,0
5,1,11878,0,0
6,8,11879,0,0
7,4,11880,0,0
0,5,11881,0,0
1,5,11882,0,0
2,8,11883,0,0
3,1,11884,0,0
4,2,11885,0,0
5,1,11886,0,0
6,0,11887,0,0
7,4,11888,0,0
0,5,11889,0,0
1,5,11890,0,0
2,8,11891,0,0
3,1,11892,0,0
4,4,11893,0,0
5,1,11894,0,0
6,8,11895,0,0
7,4,11896,0,0
0,6,11897,0,0
1,5,11898,0,0
2,8,11899,0,0
3,8,11900,0,0
4,2,11901,0,0
5,1,11902,0,0
6,8,11903,0,0
7,4,11904,0,0
0,4,11905,0,0
1,5,11906,0,0
2,8,11907,0,0
3,1,11908,0,0
4,2,11909,0,0
5,1,11910,0,0
6,8,11911,0,0
7,4,11912,0,0
0,6,11913,0,0
1,5,11914,0,0
2,8,11915,0,0
3,1,11916,0,0
4,4,11917,0,0
5,7,11918,0,0
6,5,11919,0,0
7,5,11920,0,0
0,5,11921,0,0
1,5,11922,0,0
2,8,11923,0,0
3,1,11924,0,0
4,2,11925,0,0
5,7,11926,0,0
6,2,11927,0,0
7,4,11928,0,0
0,5,11929,0,0
1,5,11930,0,0
2,8,11931,0,0
3,1,11932,0,0
4,2,11933,0,0
5,7,11934,0,0
6,2,11935,0,0
7,4,11936,0,0
0,4,11937,0,0
1,5,11938,0,0
2,7,11939,0,0
3,3,11940,0,0
4,4,11941,0,0
5,1,11942,0,0
6,1,11943,0,0
7,4,11944,0,0
0,6,11945,0,0
1,6,11946,0,0
2,8,11947,0,0
3,3,11948,0,0
4,4,11949,0,0
5,1,11950,0,0
6,1,11951,0,0
7,4,11952,0,0
0,5,11953,0,0
1,6,11954,0,0
2,8,11955,0,0
3,3,11956,0,0
4,4,11957,0,0
5,1,11958,0,0
6,1,11959,0,0
7,5,11960,0,0
0,4,11961,0,0
1,6,11962,0,0
2,8,11963,0,0
3,1,11964,0,0
4,2,11965,0,0
5,1,11966,0,0
6,1,11967,0,0
7,4,11968,0,0
0,2,11969,0,0
1,7,11970,0,0
2,8,11971,0,0
3,2,11972,0,0
4,2,11973,0,0
5,2,11974,0,0
6,1,11975,0,0
7,4,11976,0,0
0,2,11977,0,0
1,7,11978,0,0
2,8,11979,0,0
3,2,11980,0,0
4,4,11981,0,0
5,2,11982,0,0
6,1,11983,0,0
7,4,11984,0,0
0,4,11985,0,0
1,7,11986,0,0
2,8,11987,0,0
3,2,11988,0,0
4,2,11989,0,0
5,2,11990,0,0
6,1,11991,0,0
7,2,11992,0,0
0,5,11993,0,0
1,5,11994,0,0
2,0,11995,0,0
3,2,11996,0,0
4,4,11997,0,0
5,1,11998,0,0
6,8,11999,0,0
7,4,12000,0,0
0,5,12001,0,0
1,5,12002,0,0
2,8,12003,0,0
3,1,12004,0,0
4,4,12005,0,0
5,1,12006,0,0
6,0,12007,0,0
7,4,12008,0,0
0,5,12009,0,0
1,5,12010,0,0
2,8,12011,0,0
3,1,12012,0,0
4,4,12013,0,0
5,1,12014,0,0
6,8,12015,0,0
7,4,12016,0,0
0,5,12017,0,0
1,5,12018,0,0
2,8,12019,0,0
3,1,12020,0,0
4,4,12021,0,0
5,1,12022,0,0
6,0,12023,0,0
7,4,12024,0,0
0,5,12025,0,0
1,6,12026,0,0
2,8,12027,0,0
3,1,12028,0,0
4,4,12029,0,0
5,8,12030,0,0
6,1,12031,0,0
7,4,12032,0,0
0,5,12033,0,0
1,6,12034,0,0
2,8,12035,0,0
3,1,12036,0,0
4,6,12037,0,0
5,8,12038,0,0
6,8,12039,0,0
7,4,12040,0,0
0,6,12041,0,0
1,7,12042,0,0
2,8,12043,0,0
3,8,12044,0,0
4,6,12045,0,0
5,8,12046,0,0
6,1,12047,0,0
7,6,12048,0,0
0,2,12049,0,0
1,1,12050,0,0
2,8,12051,0,0
3,8,12052,0,0
4,2,12053,0,0
5,4,12054,0,0
6,1,12055,0,0
7,6,12056,0,0
0,2,12057,0,0
1,7,12058,0,0
2,2,12059,0,0
3,8,12060,0,0
4,2,12061,0,0
5,4,12062,0,0
6,1,12063,0,0
7,4,12064,0,0
0,2,12065,0,0
1,6,12066,0,0
2,1,12067,0,0
3,8,12068,0,0
4,2,12069,0,0
5,4,12070,0,0
6,1,12071,0,0
7,5,12072,0,0
0,2,12073,0,0
1,6,12074,0,0
2,1,12075,0,0
3,8,12076,0,0
4,2,12077,0,0
5,8,12078,0,0
6,0,12079,0,0
7,5,12080,0,0
0,3,12081,0,0
1,7,12082,0,0
2,1,12083,0,0
3,8,12084,0,0
4,4,12085,0,0
5,8,12086,0,0
6,0,12087,0,0
7,3,12088,0,0
0,3,12089,0,0
1,7,12090,0,0
2,1,12091,0,0
3,8,12092,0,0
4,2,12093,0,0
5,8,12094,0,0
6,0,12095,0,0
7,3,12096,0,0
0,3,12097,0,0
1,7,12098,0,0
2,2,12099,0,0
3,8,12100,0,0
4,2,12101,0,0
5,3,12102,0,0
6,8,12103,0,0
7,0,12104,0,0
0,2,12105,0,0
1,7,12106,0,0
2,8,12107,0,0
3,8,12108,0,0
4,4,12109,0,0
5,3,12110,0,0
6,0,12111,0,0
7,4,12112,0,0
0,2,12113,0,0
1,7,12114,0,0
2,8,12115,0,0
3,8,12116,0,0
4,4,12117,0,0
5,8,12118,0,0
6,0,12119,0,0
7,1,12120,0,0
0,3,12121,0,0
1,6,12122,0,0
2,7,12123,0,0
3,8,12124,0,0
4,4,12125,0,0
5,8,12126,0,0
6,0,12127,0,0
7,1,12128,0,0
0,2,12129,0,0
1,4,12130,0,0
2,7,12131,0,0
3,8,12132,0,0
4,4,12133,0,0
5,3,12134,0,0
6,8,12135,0,0
7,5,12136,0,0
0,2,12137,0,0
1,4,12138,0,0
2,8,12139,0,0
3,1,12140,0,0
4,4,12141,0,0
5,8,12142,0,0
6,0,12143,0,0
7,4,12144,0,0
0,2,12145,0,0
1,4,12146,0,0
2,4,12147,0,0
3,1,12148,0,0
4,2,12149,0,0
5,8,12150,0,0
6,8,12151,0,0
7,4,12152,0,0
0,2,12153,0,0
1,4,12154,0,0
2,7,12155,0,0
3,1,12156,0,0
4,4,12157,0,0
5,7,12158,0,0
6,8,12159,0,0
7,3,12160,0,0
0,2,12161,0,0
1,4,12162,0,0
2,4,12163,0,0
3,1,12164,0,0
4,1,12165,0,0
5,8,12166,0,0
6,8,12167,0,0
7,3,12168,0,0
0,6,12169,0,0
1,4,12170,0,0
2,4,12171,0,0
3,1,12172,0,0
4,4,12173,0,0
5,8,12174,0,0
6,8,12175,0,0
7,3,12176,0,0
0,6,12177,0,0
1,6,12178,0,0
2,4,12179,0,0
3,1,12180,0,0
4,4,12181,0,0
5,8,12182,0,0
6,8,12183,0,0
7,4,12184,0,0
0,5,12185,0,0
1,6,12186,0,0
2,4,12187,0,0
3,1,12188,0,0
4,1,12189,0,0
5,3,12190,0,0
6,0,12191,0,0
7,3,12192,0,0
0,5,12193,0,0
1,6,12194,0,0
2,4,12195,0,0
3,1,12196,0,0
4,1,12197,0,0
5,4,12198,0,0
6,8,12199,0,0
7,4,12200,0,0
0,6,12201,0,0
1,4,12202,0,0
2,4,12203,0,0
3,1,12204,0,0
4,1,12205,0,0
5,4,12206,0,0
6,3,12207,0,0
7,7,12208,0,0
0,6,12209,0,0
1,4,12210,0,0
2,4,12211,0,0
3,1,12212,0,0
4,1,12213,0,0
5,4,12214,0,0
6,8,12215,0,0
7,4,12216,0,0
0,3,12217,0,0
1,7,12218,0,0
2,7,12219,0,0
3,1,12220,0,0
4,1,12221,0,0
5,4,12222,0,0
6,0,12223,0,0
7,4,12224,0,0
0,2,12225,0,0
1,7,12226,0,0
2,4,12227,0,0
3,8,12228,0,0
4,1,12229,0,0
5,5,12230,0,0
6,0,12231,0,0
7,4,12232,0,0
0,2,12233,0,0
1,7,12234,0,0
2,7,12235,0,0
3,8,12236,0,0
4,1,12237,0,0
5,5,12238,0,0
6,3,12239,0,0
7,4,12240,0,0
0,6,12241,0,0
1,7,12242,0,0
2,4,12243,0,0
3,1,12244,0,0
4,1,12245,0,0
5,4,12246,0,0
6,3,12247,0,0
7,4,12248,0,0
0,6,12249,0,0
1,7,12250,0,0
2,8,12251,0,0
3,8,12252,0,0
4,1,12253,0,0
5,4,12254,0,0
6,2,12255,0,0
7,4,12256,0,0
0,6,12257,0,0
1,7,12258,0,0
2,0,12259,0,0
3,8,12260,0,0
4,1,12261,0,0
5,4,12262,0,0
6,8,12263,0,0
7,4,12264,0,0
0,6,12265,0,0
1,6,12266,0,0
2,7,12267,0,0
3,8,12268,0,0
4,1,12269,0,0
5,5,12270,0,0
6,8,12271,0,0
7,4,12272,0,0
0,5,12273,0,0
1,5,12274,0,0
2,7,12275,0,0
3,1,12276,0,0
4,1,12277,0,0
5,3,12278,0,0
6,8,12279,0,0
7,4,12280,0,0
0,2,12281,0,0
1,7,12282,0,0
2,7,12283,0,0
3,1,12284,0,0
4,4,12285,0,0
5,3,12286,0,0
6,8,12287,0,0
7,3,12288,0,0
0,4,12289,0,0
1,5,12290,0,0
2,7,12291,0,0
3,1,12292,0,0
4,4,12293,0,0
5,5,12294,0,0
6,0,12295,0,0
7,4,12296,0,0
0,6,12297,0,0
1,3,12298,0,0
2,7,12299,0,0
3,1,12300,0,0
4,4,12301,0,0
5,3,12302,0,0
6,0,12303,0,0
7,3,12304,0,0
0,5,12305,0,0
1,3,12306,0,0
2,7,12307,0,0
3,1,12308,0,0
4,1,12309,0,0
5,5,12310,0,0
6,0,12311,0,0
7,3,12312,0,0
0,6,12313,0,0
1,4,12314,0,0
2,7,12315,0,0
3,1,12316,0,0
4,7,12317,0,0
5,5,12318,0,0
6,0,12319,0,0
7,3,12320,0,0
0,6,12321,0,0
1,4,12322,0,0
2,7,12323,0,0
3,1,12324,0,0
4,1,12325,0,0
5,5,12326,0,0
6,0,12327,0,0
7,4,12328,0,0
0,6,12329,0,0
1,4,12330,0,0
2,4,12331,0,0
3,1,12332,0,0
4,1,12333,0,0
5,7,12334,0,0
6,0,12335,0,0
7,3,12336,0,0
0,5,12337,0,0
1,6,12338,0,0
2,4,12339,0,0
3,8,12340,0,0
4,1,12341,0,0
5,5,12342,0,0
6,0,12343,0,0
7,3,12344,0,0
0,5,12345,0,0
1,5,12346,0,0
2,4,12347,0,0
3,8,12348,0,0
4,1,12349,0,0
5,5,12350,0,0
6,8,12351,0,0
7,4,12352,0,0
0,3,12353,0,0
1,6,12354,0,0
2,4,12355,0,0
3,1,12356,0,0
4,4,12357,0,0
5,1,12358,0,0
6,0,12359,0,0
7,4,12360,0,0
0,3,12361,0,0
1,6,12362,0,0
2,4,12363,0,0
3,1,12364,0,0
4,4,12365,0,0
5,1,12366,0,0
6,0,12367,0,0
7,1,12368,0,0
0,5,12369,0,0
1,5,12370,0,0
2,4,12371,0,0
3,1,12372,0,0
4,1,12373,0,0
5,1,12374,0,0
6,4,12375,0,0
7,1,12376,0,0
0,5,12377,0,0
1,5,12378,0,0
2,4,12379,0,0
3,1,12380,0,0
4,1,12381,0,0
5,1,12382,0,0
6,0,12383,0,0
7,0,12384,0,0
0,6,12385,0,0
1,5,12386,0,0
2,4,12387,0,0
3,1,12388,0,0
4,1,12389,0,0
5,1,12390,0,0
6,0,12391,0,0
7,0,12392,0,0
0,2,12393,0,0
1,6,12394,0,0
2,4,12395,0,0
3,1,12396,0,0
4,1,12397,0,0
5,1,12398,0,0
6,3,12399,0,0
7,2,12400,0,0
0,2,12401,0,0
1,6,12402,0,0
2,4,12403,0,0
3,1,12404,0,0
4,1,12405,0,0
5,1,12406,0,0
6,3,12407,0,0
7,3,12408,0,0
0,2,12409,0,0
1,5,12410,0,0
2,4,12411,0,0
3,1,12412,0,0
4,1,12413,0,0
5,1,12414,0,0
6,0,12415,0,0
7,3,12416,0,0
0,2,12417,0,0
1,5,12418,0,0
2,4,12419,0,0
3,1,12420,0,0
4,1,12421,0,0
5,1,12422,0,0
6,3,12423,0,0
7,3,12424,0,0
0,2,12425,0,0
1,5,12426,0,0
2,4,12427,0,0
3,1,12428,0,0
4,1,12429,0,0
5,1,12430,0,0
6,3,12431,0,0
7,3,12432,0,0
0,2,12433,0,0
1,5,12434,0,0
2,4,12435,0,0
3,1,12436,0,0
4,1,12437,0,0
5,1,12438,0,0
6,4,12439,0,0
7,3,12440,0,0
0,2,12441,0,0
1,3,12442,0,0
2,4,12443,0,0
3,1,12444,0,0
4,1,12445,0,0
5,1,12446,0,0
6,4,12447,0,0
7,3,12448,0,0
0,2,12449,0,0
1,7,12450,0,0
2,4,12451,0,0
3,8,12452,0,0
4,1,12453,0,0
5,1,12454,0,0
6,3,12455,0,0
7,3,12456,0,0
0,2,12457,0,0
1,5,12458,0,0
2,4,12459,0,0
3,8,12460,0,0
4,4,12461,0,0
5,1,12462,0,0
6,6,12463,0,0
7,3,12464,0,0
0,2,12465,0,0
1,5,12466,0,0
2,7,12467,0,0
3,8,12468,0,0
4,4,12469,0,0
5,2,12470,0,0
6,8,12471,0,0
7,3,12472,0,0
0,2,12473,0,0
1,5,12474,0,0
2,7,12475,0,0
3,8,12476,0,0
4,2,12477,0,0
5,2,12478,0,0
6,0,12479,0,0
7,3,12480,0,0
0,2,12481,0,0
1,5,12482,0,0
2,4,12483,0,0
3,8,12484,0,0
4,2,12485,0,0
5,5,12486,0,0
6,0,12487,0,0
7,3,12488,0,0
0,2,12489,0,0
1,7,12490,0,0
2,4,12491,0,0
3,8,12492,0,0
4,2,12493,0,0
5,5,12494,0,0
6,3,12495,0,0
7,4,12496,0,0
0,2,12497,0,0
1,1,12498,0,0
2,4,12499,0,0
3,1,12500,0,0
4,2,12501,0,0
5,2,12502,0,0
6,8,12503,0,0
7,3,12504,0,0
0,2,12505,0,0
1,7,12506,0,0
2,8,12507,0,0
3,1,12508,0,0
4,2,12509,0,0
5,7,12510,0,0
6,6,12511,0,0
7,3,12512,0,0
0,4,12513,0,0
1,6,12514,0,0
2,8,12515,0,0
3,1,12516,0,0
4,2,12517,0,0
5,4,12518,0,0
6,6,12519,0,0
7,3,12520,0,0
0,4,12521,0,0
1,6,12522,0,0
2,8,12523,0,0
3,1,12524,0,0
4,2,12525,0,0
5,7,12526,0,0
6,2,12527,0,0
7,3,12528,0,0
0,4,12529,0,0
1,6,12530,0,0
2,8,12531,0,0
3,3,12532,0,0
4,2,12533,0,0
5,7,12534,0,0
6,1,12535,0,0
7,3,12536,0,0
0,2,12537,0,0
1,7,12538,0,0
2,8,12539,0,0
3,3,12540,0,0
4,2,12541,0,0
5,7,12542,0,0
6,1,12543,0,0
7,3,12544,0,0
0,2,12545,0,0
1,7,12546,0,0
2,8,12547,0,0
3,3,12548,0,0
4,2,12549,0,0
5,7,12550,0,0
6,1,12551,0,0
7,3,12552,0,0
0,4,12553,0,0
1,1,12554,0,0
2,8,12555,0,0
3,3,12556,0,0
4,2,12557,0,0
5,7,12558,0,0
6,8,12559,0,0
7,3,12560,0,0
0,4,12561,0,0
1,1,12562,0,0
2,8,12563,0,0
3,2,12564,0,0
4,2,12565,0,0
5,7,12566,0,0
6,0,12567,0,0
7,3,12568,0,0
0,4,12569,0,0
1,6,12570,0,0
2,0,12571,0,0
3,3,12572,0,0
4,2,12573,0,0
5,4,12574,0,0
6,4,12575,0,0
7,3,12576,0,0
0,4,12577,0,0
1,7,12578,0,0
2,0,12579,0,0
3,2,12580,0,0
4,2,12581,0,0
5,5,12582,0,0
6,0,12583,0,0
7,3,12584,0,0
0,4,12585,0,0
1,5,12586,0,0
2,0,12587,0,0
3,2,12588,0,0
4,2,12589,0,0
5,5,12590,0,0
6,0,12591,0,0
7,3,12592,0,0
0,4,12593,0,0
1,5,12594,0,0
2,0,12595,0,0
3,2,12596,0,0
4,2,12597,0,0
5,5,12598,0,0
6,0,12599,0,0
7,3,12600,0,0
0,4,12601,0,0
1,6,12602,0,0
2,0,12603,0,0
3,3,12604,0,0
4,2,12605,0,0
5,5,12606,0,0
6,0,12607,0,0
7,3,12608,0,0
0,4,12609,0,0
1,6,12610,0,0
2,0,12611,0,0
3,3,12612,0,0
4,2,12613,0,0
5,7,12614,0,0
6,0,12615,0,0
7,3,12616,0,0
0,4,12617,0,0
1,7,12618,0,0
2,0,12619,0,0
3,3,12620,0,0
4,2,12621,0,0
5,8,12622,0,0
6,0,12623,0,0
7,3,12624,0,0
0,4,12625,0,0
1,7,12626,0,0
2,0,12627,0,0
3,3,12628,0,0
4,2,12629,0,0
5,8,12630,0,0
6,0,12631,0,0
7,3,12632,0,0
0,6,12633,0,0
1,6,12634,0,0
2,0,12635,0,0
3,3,12636,0,0
4,2,12637,0,0
5,8,12638,0,0
6,0,12639,0,0
7,3,12640,0,0
0,6,12641,0,0
1,5,12642,0,0
2,8,12643,0,0
3,3,12644,0,0
4,2,12645,0,0
5,8,12646,0,0
6,0,12647,0,0
7,3,12648,0,0
0,4,12649,0,0
1,5,12650,0,0
2,8,12651,0,0
3,3,12652,0,0
4,2,12653,0,0
5,8,12654,0,0
6,8,12655,0,0
7,3,12656,0,0
0,6,12657,0,0
1,5,12658,0,0
2,8,12659,0,0
3,1,12660,0,0
4,2,12661,0,0
5,8,12662,0,0
6,8,12663,0,0
7,4,12664,0,0
0,5,12665,0,0
1,5,12666,0,0
2,8,12667,0,0
3,1,12668,0,0
4,2,12669,0,0
5,5,12670,0,0
6,1,12671,0,0
7,4,12672,0,0
0,6,12673,0,0
1,5,12674,0,0
2,8,12675,0,0
3,1,12676,0,0
4,2,12677,0,0
5,8,12678,0,0
6,1,12679,0,0
7,4,12680,0,0
0,6,12681,0,0
1,6,12682,0,0
2,0,12683,0,0
3,1,12684,0,0
4,2,12685,0,0
5,5,12686,0,0
6,8,12687,0,0
7,3,12688,0,0
0,4,12689,0,0
1,7,12690,0,0
2,0,12691,0,0
3,1,12692,0,0
4,2,12693,0,0
5,5,12694,0,0
6,1,12695,0,0
7,3,12696,0,0
0,4,12697,0,0
1,5,12698,0,0
2,8,12699,0,0
3,1,12700,0,0
4,2,12701,0,0
5,3,12702,0,0
6,0,12703,0,0
7,3,12704,0,0
0,4,12705,0,0
1,5,12706,0,0
2,8,12707,0,0
3,1,12708,0,0
4,2,12709,0,0
5,4,12710,0,0
6,0,12711,0,0
7,3,12712,0,0
0,2,12713,0,0
1,7,12714,0,0
2,8,12715,0,0
3,1,12716,0,0
4,2,12717,0,0
5,4,12718,0,0
6,0,12719,0,0
7,3,12720,0,0
0,2,12721,0,0
1,7,12722,0,0
2,1,12723,0,0
3,1,12724,0,0
4,2,12725,0,0
5,4,12726,0,0
6,0,12727,0,0
7,1,12728,0,0
0,4,12729,0,0
1,5,12730,0,0
2,6,12731,0,0
3,1,12732,0,0
4,2,12733,0,0
5,4,12734,0,0
6,8,12735,0,0
7,3,12736,0,0
0,6,12737,0,0
1,5,12738,0,0
2,7,12739,0,0
3,1,12740,0,0
4,2,12741,0,0
5,4,12742,0,0
6,8,12743,0,0
7,3,12744,0,0
0,6,12745,0,0
1,5,12746,0,0
2,1,12747,0,0
3,1,12748,0,0
4,2,12749,0,0
5,5,12750,0,0
6,8,12751,0,0
7,4,12752,0,0
0,6,12753,0,0
1,5,12754,0,0
2,7,12755,0,0
3,1,12756,0,0
4,2,12757,0,0
5,5,12758,0,0
6,3,12759,0,0
7,4,12760,0,0
0,6,12761,0,0
1,7,12762,0,0
2,1,12763,0,0
3,1,12764,0,0
4,2,12765,0,0
5,8,12766,0,0
6,0,12767,0,0
7,3,12768,0,0
0,6,12769,0,0
1,7,12770,0,0
2,7,12771,0,0
3,8,12772,0,0
4,2,12773,0,0
5,4,12774,0,0
6,0,12775,0,0
7,5,12776,0,0
0,5,12777,0,0
1,5,12778,0,0
2,7,12779,0,0
3,1,12780,0,0
4,2,12781,0,0
5,5,12782,0,0
6,0,12783,0,0
7,5,12784,0,0
0,6,12785,0,0
1,6,12786,0,0
2,7,12787,0,0
3,8,12788,0,0
4,2,12789,0,0
5,4,12790,0,0
6,0,12791,0,0
7,7,12792,0,0
0,6,12793,0,0
1,5,12794,0,0
2,8,12795,0,0
3,1,12796,0,0
4,2,12797,0,0
5,5,12798,0,0
6,4,12799,0,0
7,5,12800,0,0
0,4,12801,0,0
1,7,12802,0,0
2,8,12803,0,0
3,1,12804,0,0
4,2,12805,0,0
5,7,12806,0,0
6,0,12807,0,0
7,5,12808,0,0
0,6,12809,0,0
1,7,12810,0,0
2,8,12811,0,0
3,1,12812,0,0
4,2,12813,0,0
5,7,12814,0,0
6,0,12815,0,0
7,5,12816,0,0
0,5,12817,0,0
1,6,12818,0,0
2,8,12819,0,0
3,1,12820,0,0
4,4,12821,0,0
5,5,12822,0,0
6,0,12823,0,0
7,4,12824,0,0
0,6,12825,0,0
1,6,12826,0,0
2,8,12827,0,0
3,1,12828,0,0
4,2,12829,0,0
5,8,12830,0,0
6,0,12831,0,0
7,4,12832,0,0
0,6,12833,0,0
1,6,12834,0,0
2,8,12835,0,0
3,1,12836,0,0
4,2,12837,0,0
5,5,12838,0,0
6,5,12839,0,0
7,4,12840,0,0
0,4,12841,0,0
1,7,12842,0,0
2,8,12843,0,0
3,1,12844,0,0
4,2,12845,0,0
5,4,12846,0,0
6,0,12847,0,0
7,4,12848,0,0
0,4,12849,0,0
1,6,12850,0,0
2,8,12851,0,0
3,1,12852,0,0
4,2,12853,0,0
5,4,12854,0,0
6,0,12855,0,0
7,4,12856,0,0
0,4,12857,0,0
1,6,12858,0,0
2,8,12859,0,0
3,1,12860,0,0
4,2,12861,0,0
5,4,12862,0,0
6,0,12863,0,0
7,4,12864,0,0
0,6,12865,0,0
1,6,12866,0,0
2,8,12867,0,0
3,6,12868,0,0
4,2,12869,0,0
5,4,12870,0,0
6,0,12871,0,0
7,4,12872,0,0
0,6,12873,0,0
1,6,12874,0,0
2,8,12875,0,0
3,1,12876,0,0
4,2,12877,0,0
5,4,12878,0,0
6,0,12879,0,0
7,4,12880,0,0
0,6,12881,0,0
1,6,12882,0,0
2,8,12883,0,0
3,1,12884,0,0
4,2,12885,0,0
5,8,12886,0,0
6,3,12887,0,0
7,4,12888,0,0
0,2,12889,0,0
1,6,12890,0,0
2,8,12891,0,0
3,1,12892,0,0
4,2,12893,0,0
5,5,12894,0,0
6,4,12895,0,0
7,4,12896,0,0
0,4,12897,0,0
1,7,12898,0,0
2,8,12899,0,0
3,1,12900,0,0
4,2,12901,0,0
5,5,12902,0,0
6,4,12903,0,0
7,4,12904,0,0
0,4,12905,0,0
1,7,12906,0,0
2,8,12907,0,0
3,1,12908,0,0
4,4,12909,0,0
5,5,12910,0,0
6,0,12911,0,0
7,4,12912,0,0
0,2,12913,0,0
1,7,12914,0,0
2,8,12915,0,0
3,1,12916,0,0
4,4,12917,0,0
5,8,12918,0,0
6,0,12919,0,0
7,4,12920,0,0
0,2,12921,0,0
1,6,12922,0,0
2,8,12923,0,0
3,1,12924,0,0
4,4,12925,0,0
5,7,12926,0,0
6,0,12927,0,0
7,4,12928,0,0
0,2,12929,0,0
1,6,12930,0,0
2,8,12931,0,0
3,1,12932,0,0
4,4,12933,0,0
5,5,12934,0,0
6,5,12935,0,0
7,4,12936,0,0
0,4,12937,0,0
1,7,12938,0,0
2,8,12939,0,0
3,1,12940,0,0
4,4,12941,0,0
5,5,12942,0,0
6,8,12943,0,0
7,4,12944,0,0
0,6,12945,0,0
1,7,12946,0,0
2,7,12947,0,0
3,1,12948,0,0
4,4,12949,0,0
5,5,12950,0,0
6,5,12951,0,0
7,4,12952,0,0
0,4,12953,0,0
1,7,12954,0,0
2,8,12955,0,0
3,1,12956,0,0
4,1,12957,0,0
5,7,12958,0,0
6,4,12959,0,0
7,4,12960,0,0
0,6,12961,0,0
1,7,12962,0,0
2,8,12963,0,0
3,1,12964,0,0
4,4,12965,0,0
5,5,12966,0,0
6,0,12967,0,0
7,4,12968,0,0
0,4,12969,0,0
1,7,12970,0,0
2,8,12971,0,0
3,1,12972,0,0
4,2,12973,0,0
5,5,12974,0,0
6,5,12975,0,0
7,4,12976,0,0
0,4,12977,0,0
1,5,12978,0,0
2,4,12979,0,0
3,1,12980,0,0
4,4,12981,0,0
5,3,12982,0,0
6,0,12983,0,0
7,4,12984,0,0
0,2,12985,0,0
1,7,12986,0,0
2,4,12987,0,0
3,3,12988,0,0
4,4,12989,0,0
5,5,12990,0,0
6,0,12991,0,0
7,4,12992,0,0
0,2,12993,0,0
1,7,12994,0,0
2,7,12995,0,0
3,3,12996,0,0
4,4,12997,0,0
5,5,12998,0,0
6,0,12999,0,0
7,4,13000,0,0
0,2,13001,0,0
1,5,13002,0,0
2,4,13003,0,0
3,0,13004,0,0
4,4,13005,0,0
5,3,13006,0,0
6,5,13007,0,0
7,4,13008,0,0
0,5,13009,0,0
1,7,13010,0,0
2,7,13011,0,0
3,0,13012,0,0
4,7,13013,0,0
5,3,13014,0,0
6,2,13015,0,0
7,4,13016,0,0
0,6,13017,0,0
1,7,13018,0,0
2,7,13019,0,0
3,7,13020,0,0
4,0,13021,0,0
5,3,13022,0,0
6,2,13023,0,0
7,4,13024,0,0
0,7,13025,0,0
1,6,13026,0,0
2,8,13027,0,0
3,0,13028,0,0
4,7,13029,0,0
5,5,13030,0,0
6,8,13031,0,0
7,4,13032,0,0
0,7,13033,0,0
1,6,13034,0,0
2,7,13035,0,0
3,0,13036,0,0
4,0,13037,0,0
5,5,13038,0,0
6,0,13039,0,0
7,4,13040,0,0
0,6,13041,0,0
1,4,13042,0,0
2,5,13043,0,0
3,0,13044,0,0
4,7,13045,0,0
5,5,13046,0,0
6,8,13047,0,0
7,7,13048,0,0
0,3,13049,0,0
1,6,13050,0,0
2,6,13051,0,0
3,0,13052,0,0
4,6,13053,0,0
5,1,13054,0,0
6,1,13055,0,0
7,1,13056,0,0
0,3,13057,0,0
1,6,13058,0,0
2,7,13059,0,0
3,5,13060,0,0
4,8,13061,0,0
5,1,13062,0,0
6,1,13063,0,0
7,1,13064,0,0
0,6,13065,0,0
1,6,13066,0,0
2,7,13067,0,0
3,6,13068,0,0
4,1,13069,0,0
5,1,13070,0,0
6,8,13071,0,0
7,1,13072,0,0
0,6,13073,0,0
1,6,13074,0,0
2,7,13075,0,0
3,1,13076,0,0
4,7,13077,0,0
5,8,13078,0,0
6,0,13079,0,0
7,3,13080,0,0
0,5,13081,0,0
1,7,13082,0,0
2,6,13083,0,0
3,1,13084,0,0
4,4,13085,0,0
5,2,13086,0,0
6,0,13087,0,0
7,5,13088,0,0
0,4,13089,0,0
1,7,13090,0,0
2,7,13091,0,0
3,8,13092,0,0
4,4,13093,0,0
5,8,13094,0,0
6,0,13095,0,0
7,4,13096,0,0
0,2,13097,0,0
1,7,13098,0,0
2,6,13099,0,0
3,1,13100,0,0
4,4,13101,0,0
5,1,13102,0,0
6,1,13103,0,0
7,4,13104,0,0
0,2,13105,0,0
1,7,13106,0,0
2,6,13107,0,0
3,1,13108,0,0
4,4,13109,0,0
5,2,13110,0,0
6,1,13111,0,0
7,4,13112,0,0
0,2,13113,0,0
1,7,13114,0,0
2,8,13115,0,0
3,1,13116,0,0
4,4,13117,0,0
5,8,13118,0,0
6,0,13119,0,0
7,5,13120,0,0
0,6,13121,0,0
1,7,13122,0,0
2,6,13123,0,0
3,1,13124,0,0
4,4,13125,0,0
5,7,13126,0,0
6,0,13127,0,0
7,5,13128,0,0
0,6,13129,0,0
1,7,13130,0,0
2,6,13131,0,0
3,1,13132,0,0
4,4,13133,0,0
5,3,13134,0,0
6,8,13135,0,0
7,7,13136,0,0
0,6,13137,0,0
1,7,13138,0,0
2,6,13139,0,0
3,1,13140,0,0
4,4,13141,0,0
5,3,13142,0,0
6,1,13143,0,0
7,5,13144,0,0
0,4,13145,0,0
1,7,13146,0,0
2,6,13147,0,0
3,1,13148,0,0
4,4,13149,0,0
5,2,13150,0,0
6,1,13151,0,0
7,5,13152,0,0
0,6,13153,0,0
1,7,13154,0,0
2,6,13155,0,0
3,1,13156,0,0
4,4,13157,0,0
5,8,13158,0,0
6,8,13159,0,0
7,3,13160,0,0
0,6,13161,0,0
1,7,13162,0,0
2,7,13163,0,0
3,8,13164,0,0
4,1,13165,0,0
5,8,13166,0,0
6,1,13167,0,0
7,4,13168,0,0
0,6,13169,0,0
1,7,13170,0,0
2,6,13171,0,0
3,8,13172,0,0
4,1,13173,0,0
5,3,13174,0,0
6,1,13175,0,0
7,4,13176,0,0
0,4,13177,0,0
1,7,13178,0,0
2,6,13179,0,0
3,8,13180,0,0
4,4,13181,0,0
5,4,13182,0,0
6,1,13183,0,0
7,4,13184,0,0
0,2,13185,0,0
1,7,13186,0,0
2,8,13187,0,0
3,8,13188,0,0
4,4,13189,0,0
5,4,13190,0,0
6,8,13191,0,0
7,4,13192,0,0
0,2,13193,0,0
1,7,13194,0,0
2,8,13195,0,0
3,1,13196,0,0
4,1,13197,0,0
5,5,13198,0,0
6,5,13199,0,0
7,4,13200,0,0
0,2,13201,0,0
1,7,13202,0,0
2,8,13203,0,0
3,1,13204,0,0
4,7,13205,0,0
5,4,13206,0,0
6,5,13207,0,0
7,5,13208,0,0
0,2,13209,0,0
1,7,13210,0,0
2,8,13211,0,0
3,1,13212,0,0
4,1,13213,0,0
5,4,13214,0,0
6,8,13215,0,0
7,5,13216,0,0
0,3,13217,0,0
1,7,13218,0,0
2,8,13219,0,0
3,1,13220,0,0
4,1,13221,0,0
5,4,13222,0,0
6,1,13223,0,0
7,5,13224,0,0
0,2,13225,0,0
1,7,13226,0,0
2,8,13227,0,0
3,1,13228,0,0
4,7,13229,0,0
5,4,13230,0,0
6,1,13231,0,0
7,5,13232,0,0
0,2,13233,0,0
1,7,13234,0,0
2,8,13235,0,0
3,1,13236,0,0
4,7,13237,0,0
5,1,13238,0,0
6,1,13239,0,0
7,5,13240,0,0
0,3,13241,0,0
1,7,13242,0,0
2,8,13243,0,0
3,1,13244,0,0
4,7,13245,0,0
5,8,13246,0,0
6,1,13247,0,0
7,4,13248,0,0
0,3,13249,0,0
1,7,13250,0,0
2,8,13251,0,0
3,1,13252,0,0
4,7,13253,0,0
5,1,13254,0,0
6,1,13255,0,0
7,4,13256,0,0
0,3,13257,0,0
1,7,13258,0,0
2,8,13259,0,0
3,1,13260,0,0
4,1,13261,0,0
5,1,13262,0,0
6,1,13263,0,0
7,5,13264,0,0
0,2,13265,0,0
1,1,13266,0,0
2,8,13267,0,0
3,1,13268,0,0
4,1,13269,0,0
5,1,13270,0,0
6,1,13271,0,0
7,5,13272,0,0
0,5,13273,0,0
1,7,13274,0,0
2,8,13275,0,0
3,2,13276,0,0
4,1,13277,0,0
5,1,13278,0,0
6,8,13279,0,0
7,5,13280,0,0
0,2,13281,0,0
1,7,13282,0,0
2,6,13283,0,0
3,1,13284,0,0
4,1,13285,0,0
5,1,13286,0,0
6,4,13287,0,0
7,4,13288,0,0
0,3,13289,0,0
1,7,13290,0,0
2,6,13291,0,0
3,2,13292,0,0
4,2,13293,0,0
5,8,13294,0,0
6,0,13295,0,0
7,6,13296,0,0
0,3,13297,0,0
1,7,13298,0,0
2,7,13299,0,0
3,2,13300,0,0
4,1,13301,0,0
5,8,13302,0,0
6,0,13303,0,0
7,6,13304,0,0
0,5,13305,0,0
1,6,13306,0,0
2,8,13307,0,0
3,1,13308,0,0
4,1,13309,0,0
5,1,13310,0,0
6,4,13311,0,0
7,4,13312,0,0
0,3,13313,0,0
1,6,13314,0,0
2,8,13315,0,0
3,7,13316,0,0
4,7,13317,0,0
5,4,13318,0,0
6,4,13319,0,0
7,4,13320,0,0
0,2,13321,0,0
1,7,13322,0,0
2,8,13323,0,0
3,7,13324,0,0
4,8,13325,0,0
5,5,13326,0,0
6,3,13327,0,0
7,5,13328,0,0
0,2,13329,0,0
1,7,13330,0,0
2,8,13331,0,0
3,7,13332,0,0
4,8,13333,0,0
5,3,13334,0,0
6,3,13335,0,0
7,5,13336,0,0
0,3,13337,0,0
1,7,13338,0,0
2,8,13339,0,0
3,7,13340,0,0
4,8,13341,0,0
5,3,13342,0,0
6,1,13343,0,0
7,6,13344,0,0
0,5,13345,0,0
1,7,13346,0,0
2,8,13347,0,0
3,6,13348,0,0
4,7,13349,0,0
5,8,13350,0,0
6,1,13351,0,0
7,4,13352,0,0
0,6,13353,0,0
1,7,13354,0,0
2,7,13355,0,0
3,7,13356,0,0
4,1,13357,0,0
5,8,13358,0,0
6,1,13359,0,0
7,4,13360,0,0
0,5,13361,0,0
1,7,13362,0,0
2,8,13363,0,0
3,7,13364,0,0
4,1,13365,0,0
5,8,13366,0,0
6,1,13367,0,0
7,4,13368,0,0
0,3,13369,0,0
1,7,13370,0,0
2,8,13371,0,0
3,7,13372,0,0
4,7,13373,0,0
5,8,13374,0,0
6,1,13375,0,0
7,5,13376,0,0
0,5,13377,0,0
1,1,13378,0,0
2,8,13379,0,0
3,5,13380,0,0
4,1,13381,0,0
5,2,13382,0,0
6,1,13383,0,0
7,6,13384,0,0
0,3,13385,0,0
1,6,13386,0,0
2,8,13387,0,0
3,5,13388,0,0
4,7,13389,0,0
5,1,13390,0,0
6,2,13391,0,0
7,6,13392,0,0
0,6,13393,0,0
1,7,13394,0,0
2,8,13395,0,0
3,5,13396,0,0
4,7,13397,0,0
5,1,13398,0,0
6,8,13399,0,0
7,6,13400,0,0
0,5,13401,0,0
1,7,13402,0,0
2,8,13403,0,0
3,5,13404,0,0
4,7,13405,0,0
5,1,13406,0,0
6,8,13407,0,0
7,7,13408,0,0
0,5,13409,0,0
1,7,13410,0,0
2,8,13411,0,0
3,5,13412,0,0
4,6,13413,0,0
5,1,13414,0,0
6,8,13415,0,0
7,7,13416,0,0
0,5,13417,0,0
1,7,13418,0,0
2,8,13419,0,0
3,5,13420,0,0
4,1,13421,0,0
5,1,13422,0,0
6,6,13423,0,0
7,1,13424,0,0
0,5,13425,0,0
1,7,13426,0,0
2,8,13427,0,0
3,5,13428,0,0
4,1,13429,0,0
5,1,13430,0,0
6,4,13431,0,0
7,1,13432,0,0
0,5,13433,0,0
1,7,13434,0,0
2,8,13435,0,0
3,1,13436,0,0
4,1,13437,0,0
5,1,13438,0,0
6,8,13439,0,0
7,1,13440,0,0
0,5,13441,0,0
1,7,13442,0,0
2,8,13443,0,0
3,1,13444,0,0
4,1,13445,0,0
5,1,13446,0,0
6,8,13447,0,0
7,1,13448,0,0
0,5,13449,0,0
1,7,13450,0,0
2,1,13451,0,0
3,1,13452,0,0
4,1,13453,0,0
5,1,13454,0,0
6,1,13455,0,0
7,1,13456,0,0
0,3,13457,0,0
1,7,13458,0,0
2,1,13459,0,0
3,1,13460,0,0
4,1,13461,0,0
5,8,13462,0,0
6,1,13463,0,0
7,1,13464,0,0
0,7,13465,0,0
1,7,13466,0,0
2,1,13467,0,0
3,1,13468,0,0
4,1,13469,0,0
5,8,13470,0,0
6,1,13471,0,0
7,1,13472,0,0
0,3,13473,0,0
1,7,13474,0,0
2,1,13475,0,0
3,1,13476,0,0
4,1,13477,0,0
5,8,13478,0,0
6,1,13479,0,0
7,1,13480,0,0
0,3,13481,0,0
1,7,13482,0,0
2,8,13483,0,0
3,1,13484,0,0
4,7,13485,0,0
5,1,13486,0,0
6,5,13487,0,0
7,1,13488,0,0
0,7,13489,0,0
1,7,13490,0,0
2,8,13491,0,0
3,1,13492,0,0
4,1,13493,0,0
5,1,13494,0,0
6,3,13495,0,0
7,7,13496,0,0
0,7,13497,0,0
1,7,13498,0,0
2,7,13499,0,0
3,5,13500,0,0
4,1,13501,0,0
5,1,13502,0,0
6,3,13503,0,0
7,1,13504,0,0
0,6,13505,0,0
1,7,13506,0,0
2,1,13507,0,0
3,5,13508,0,0
4,1,13509,0,0
5,1,13510,0,0
6,4,13511,0,0
7,1,13512,0,0
0,6,13513,0,0
1,7,13514,0,0
2,1,13515,0,0
3,5,13516,0,0
4,1,13517,0,0
5,8,13518,0,0
6,5,13519,0,0
7,1,13520,0,0
0,3,13521,0,0
1,7,13522,0,0
2,6,13523,0,0
3,5,13524,0,0
4,1,13525,0,0
5,8,13526,0,0
6,3,13527,0,0
7,1,13528,0,0
0,3,13529,0,0
1,7,13530,0,0
2,6,13531,0,0
3,5,13532,0,0
4,1,13533,0,0
5,8,13534,0,0
6,8,13535,0,0
7,1,13536,0,0
0,5,13537,0,0
1,7,13538,0,0
2,8,13539,0,0
3,6,13540,0,0
4,1,13541,0,0
5,8,13542,0,0
6,8,13543,0,0
7,5,13544,0,0
0,5,13545,0,0
1,1,13546,0,0
2,8,13547,0,0
3,6,13548,0,0
4,1,13549,0,0
5,3,13550,0,0
6,2,13551,0,0
7,1,13552,0,0
0,6,13553,0,0
1,7,13554,0,0
2,8,13555,0,0
3,6,13556,0,0
4,1,13557,0,0
5,3,13558,0,0
6,2,13559,0,0
7,5,13560,0,0
0,6,13561,0,0
1,6,13562,0,0
2,6,13563,0,0
3,6,13564,0,0
4,1,13565,0,0
5,3,13566,0,0
6,2,13567,0,0
7,1,13568,0,0
0,6,13569,0,0
1,7,13570,0,0
2,8,13571,0,0
3,6,13572,0,0
4,1,13573,0,0
5,4,13574,0,0
6,1,13575,0,0
7,5,13576,0,0
0,5,13577,0,0
1,7,13578,0,0
2,8,13579,0,0
3,5,13580,0,0
4,4,13581,0,0
5,8,13582,0,0
6,1,13583,0,0
7,1,13584,0,0
0,5,13585,0,0
1,7,13586,0,0
2,8,13587,0,0
3,5,13588,0,0
4,7,13589,0,0
5,8,13590,0,0
6,1,13591,0,0
7,1,13592,0,0
0,6,13593,0,0
1,7,13594,0,0
2,8,13595,0,0
3,5,13596,0,0
4,7,13597,0,0
5,8,13598,0,0
6,8,13599,0,0
7,3,13600,0,0
0,8,13601,0,0
1,1,13602,0,0
2,8,13603,0,0
3,5,13604,0,0
4,7,13605,0,0
5,5,13606,0,0
6,8,13607,0,0
7,3,13608,0,0
0,8,13609,0,0
1,1,13610,0,0
2,8,13611,0,0
3,5,13612,0,0
4,7,13613,0,0
5,5,13614,0,0
6,8,13615,0,0
7,3,13616,0,0
0,6,13617,0,0
1,1,13618,0,0
2,6,13619,0,0
3,6,13620,0,0
4,7,13621,0,0
5,8,13622,0,0
6,8,13623,0,0
7,1,13624,0,0
0,2,13625,0,0
1,3,13626,0,0
2,5,13627,0,0
3,6,13628,0,0
4,8,13629,0,0
5,5,13630,0,0
6,8,13631,0,0
7,1,13632,0,0
0,3,13633,0,0
1,4,13634,0,0
2,5,13635,0,0
3,1,13636,0,0
4,8,13637,0,0
5,4,13638,0,0
6,8,13639,0,0
7,1,13640,0,0
0,5,13641,0,0
1,4,13642,0,0
2,8,13643,0,0
3,6,13644,0,0
4,7,13645,0,0
5,3,13646,0,0
6,8,13647,0,0
7,1,13648,0,0
0,5,13649,0,0
1,4,13650,0,0
2,8,13651,0,0
3,5,13652,0,0
4,8,13653,0,0
5,8,13654,0,0
6,8,13655,0,0
7,1,13656,0,0
0,5,13657,0,0
1,1,13658,0,0
2,1,13659,0,0
3,6,13660,0,0
4,7,13661,0,0
5,1,13662,0,0
6,8,13663,0,0
7,1,13664,0,0
0,5,13665,0,0
1,1,13666,0,0
2,1,13667,0,0
3,1,13668,0,0
4,7,13669,0,0
5,1,13670,0,0
6,8,13671,0,0
7,1,13672,0,0
0,8,13673,0,0
1,1,13674,0,0
2,8,13675,0,0
3,1,13676,0,0
4,8,13677,0,0
5,1,13678,0,0
6,8,13679,0,0
7,1,13680,0,0
0,8,13681,0,0
1,1,13682,0,0
2,8,13683,0,0
3,1,13684,0,0
4,8,13685,0,0
5,8,13686,0,0
6,8,13687,0,0
7,1,13688,0,0
0,8,13689,0,0
1,1,13690,0,0
2,8,13691,0,0
3,1,13692,0,0
4,8,13693,0,0
5,8,13694,0,0
6,8,13695,0,0
7,3,13696,0,0
0,8,13697,0,0
1,1,13698,0,0
2,1,13699,0,0
3,1,13700,0,0
4,1,13701,0,0
5,1,13702,0,0
6,8,13703,0,0
7,1,13704,0,0
0,8,13705,0,0
1,1,13706,0,0
2,1,13707,0,0
3,1,13708,0,0
4,1,13709,0,0
5,1,13710,0,0
6,8,13711,0,0
7,2,13712,0,0
0,8,13713,0,0
1,1,13714,0,0
2,1,13715,0,0
3,1,13716,0,0
4,1,13717,0,0
5,8,13718,0,0
6,8,13719,0,0
7,5,13720,0,0
0,8,13721,0,0
1,1,13722,0,0
2,1,13723,0,0
3,1,13724,0,0
4,1,13725,0,0
5,8,13726,0,0
6,8,13727,0,0
7,5,13728,0,0
0,8,13729,0,0
1,1,13730,0,0
2,8,13731,0,0
3,1,13732,0,0
4,1,13733,0,0
5,8,13734,0,0
6,8,13735,0,0
7,2,13736,0,0
0,6,13737,0,0
1,1,13738,0,0
2,8,13739,0,0
3,1,13740,0,0
4,1,13741,0,0
5,1,13742,0,0
6,8,13743,0,0
7,4,13744,0,0
0,6,13745,0,0
1,1,13746,0,0
2,1,13747,0,0
3,1,13748,0,0
4,1,13749,0,0
5,1,13750,0,0
6,8,13751,0,0
7,1,13752,0,0
0,6,13753,0,0
1,1,13754,0,0
2,1,13755,0,0
3,1,13756,0,0
4,1,13757,0,0
5,8,13758,0,0
6,8,13759,0,0
7,1,13760,0,0
0,6,13761,0,0
1,1,13762,0,0
2,1,13763,0,0
3,1,13764,0,0
4,1,13765,0,0
5,1,13766,0,0
6,8,13767,0,0
7,1,13768,0,0
0,6,13769,0,0
1,1,13770,0,0
2,1,13771,0,0
3,1,13772,0,0
4,1,13773,0,0
5,1,13774,0,0
6,8,13775,0,0
7,1,13776,0,0
0,6,13777,0,0
1,1,13778,0,0
2,1,13779,0,0
3,1,13780,0,0
4,1,13781,0,0
5,1,13782,0,0
6,8,13783,0,0
7,1,13784,0,0
0,8,13785,0,0
1,1,13786,0,0
2,1,13787,0,0
3,1,13788,0,0
4,8,13789,0,0
5,5,13790,0,0
6,8,13791,0,0
7,4,13792,0,0
0,6,13793,0,0
1,1,13794,0,0
2,1,13795,0,0
3,1,13796,0,0
4,7,13797,0,0
5,5,13798,0,0
6,8,13799,0,0
7,4,13800,0,0
0,6,13801,0,0
1,1,13802,0,0
2,1,13803,0,0
3,1,13804,0,0
4,8,13805,0,0
5,5,13806,0,0
6,8,13807,0,0
7,7,13808,0,0
0,8,13809,0,0
1,1,13810,0,0
2,1,13811,0,0
3,1,13812,0,0
4,8,13813,0,0
5,5,13814,0,0
6,8,13815,0,0
7,4,13816,0,0
0,5,13817,0,0
1,1,13818,0,0
2,1,13819,0,0
3,1,13820,0,0
4,8,13821,0,0
5,1,13822,0,0
6,8,13823,0,0
7,1,13824,0,0
0,5,13825,0,0
1,1,13826,0,0
2,1,13827,0,0
3,1,13828,0,0
4,8,13829,0,0
5,8,13830,0,0
6,8,13831,0,0
7,1,13832,0,0
0,5,13833,0,0
1,1,13834,0,0
2,1,13835,0,0
3,1,13836,0,0
4,8,13837,0,0
5,1,13838,0,0
6,1,13839,0,0
7,1,13840,0,0
0,5,13841,0,0
1,1,13842,0,0
2,1,13843,0,0
3,1,13844,0,0
4,8,13845,0,0
5,8,13846,0,0
6,8,13847,0,0
7,1,13848,0,0
0,5,13849,0,0
1,1,13850,0,0
2,1,13851,0,0
3,1,13852,0,0
4,1,13853,0,0
5,5,13854,0,0
6,1,13855,0,0
7,1,13856,0,0
0,6,13857,0,0
1,1,13858,0,0
2,1,13859,0,0
3,1,13860,0,0
4,1,13861,0,0
5,1,13862,0,0
6,1,13863,0,0
7,1,13864,0,0
0,6,13865,0,0
1,1,13866,0,0
2,1,13867,0,0
3,1,13868,0,0
4,8,13869,0,0
5,8,13870,0,0
6,2,13871,0,0
7,1,13872,0,0
0,6,13873,0,0
1,1,13874,0,0
2,8,13875,0,0
3,1,13876,0,0
4,8,13877,0,0
5,8,13878,0,0
6,3,13879,0,0
7,1,13880,0,0
0,6,13881,0,0
1,1,13882,0,0
2,8,13883,0,0
3,1,13884,0,0
4,6,13885,0,0
5,5,13886,0,0
6,4,13887,0,0
7,1,13888,0,0
0,6,13889,0,0
1,1,13890,0,0
2,8,13891,0,0
3,1,13892,0,0
4,1,13893,0,0
5,8,13894,0,0
6,4,13895,0,0
7,4,13896,0,0
0,6,13897,0,0
1,1,13898,0,0
2,8,13899,0,0
3,1,13900,0,0
4,1,13901,0,0
5,3,13902,0,0
6,4,13903,0,0
7,4,13904,0,0
0,6,13905,0,0
1,1,13906,0,0
2,1,13907,0,0
3,8,13908,0,0
4,7,13909,0,0
5,5,13910,0,0
6,4,13911,0,0
7,4,13912,0,0
0,6,13913,0,0
1,1,13914,0,0
2,1,13915,0,0
3,1,13916,0,0
4,6,13917,0,0
5,5,13918,0,0
6,4,13919,0,0
7,4,13920,0,0
0,6,13921,0,0
1,1,13922,0,0
2,1,13923,0,0
3,8,13924,0,0
4,8,13925,0,0
5,3,13926,0,0
6,4,13927,0,0
7,4,13928,0,0
0,6,13929,0,0
1,1,13930,0,0
2,1,13931,0,0
3,1,13932,0,0
4,8,13933,0,0
5,3,13934,0,0
6,2,13935,0,0
7,4,13936,0,0
0,6,13937,0,0
1,1,13938,0,0
2,1,13939,0,0
3,1,13940,0,0
4,8,13941,0,0
5,3,13942,0,0
6,6,13943,0,0
7,5,13944,0,0
0,6,13945,0,0
1,1,13946,0,0
2,1,13947,0,0
3,1,13948,0,0
4,7,13949,0,0
5,8,13950,0,0
6,4,13951,0,0
7,5,13952,0,0
0,6,13953,0,0
1,1,13954,0,0
2,1,13955,0,0
3,1,13956,0,0
4,8,13957,0,0
5,8,13958,0,0
6,4,13959,0,0
7,4,13960,0,0
0,6,13961,0,0
1,1,13962,0,0
2,1,13963,0,0
3,2,13964,0,0
4,8,13965,0,0
5,8,13966,0,0
6,2,13967,0,0
7,4,13968,0,0
0,6,13969,0,0
1,1,13970,0,0
2,1,13971,0,0
3,1,13972,0,0
4,8,13973,0,0
5,8,13974,0,0
6,1,13975,0,0
7,1,13976,0,0
0,6,13977,0,0
1,1,13978,0,0
2,1,13979,0,0
3,1,13980,0,0
4,8,13981,0,0
5,8,13982,0,0
6,1,13983,0,0
7,5,13984,0,0
0,6,13985,0,0
1,1,13986,0,0
2,8,13987,0,0
3,1,13988,0,0
4,8,13989,0,0
5,3,13990,0,0
6,1,13991,0,0
7,5,13992,0,0
0,6,13993,0,0
1,1,13994,0,0
2,8,13995,0,0
3,1,13996,0,0
4,8,13997,0,0
5,8,13998,0,0
6,8,13999,0,0
7,5,14000,0,0
0,7,14001,0,0
1,1,14002,0,0
2,8,14003,0,0
3,1,14004,0,0
4,8,14005,0,0
5,8,14006,0,0
6,8,14007,0,0
7,4,14008,0,0
0,8,14009,0,0
1,1,14010,0,0
2,8,14011,0,0
3,8,14012,0,0
4,8,14013,0,0
5,8,14014,0,0
6,8,14015,0,0
7,4,14016,0,0
0,5,14017,0,0
1,1,14018,0,0
2,1,14019,0,0
3,1,14020,0,0
4,8,14021,0,0
5,4,14022,0,0
6,8,14023,0,0
7,4,14024,0,0
0,6,14025,0,0
1,1,14026,0,0
2,1,14027,0,0
3,1,14028,0,0
4,1,14029,0,0
5,8,14030,0,0
6,1,14031,0,0
7,4,14032,0,0
0,6,14033,0,0
1,1,14034,0,0
2,1,14035,0,0
3,1,14036,0,0
4,1,14037,0,0
5,8,14038,0,0
6,1,14039,0,0
7,4,14040,0,0
0,6,14041,0,0
1,1,14042,0,0
2,1,14043,0,0
3,1,14044,0,0
4,1,14045,0,0
5,8,14046,0,0
6,1,14047,0,0
7,4,14048,0,0
0,7,14049,0,0
1,1,14050,0,0
2,1,14051,0,0
3,1,14052,0,0
4,1,14053,0,0
5,8,14054,0,0
6,1,14055,0,0
7,1,14056,0,0
0,5,14057,0,0
1,1,14058,0,0
2,1,14059,0,0
3,1,14060,0,0
4,1,14061,0,0
5,4,14062,0,0
6,1,14063,0,0
7,5,14064,0,0
0,5,14065,0,0
1,1,14066,0,0
2,1,14067,0,0
3,1,14068,0,0
4,1,14069,0,0
5,8,14070,0,0
6,1,14071,0,0
7,5,14072,0,0
0,8,14073,0,0
1,1,14074,0,0
2,1,14075,0,0
3,1,14076,0,0
4,1,14077,0,0
5,8,14078,0,0
6,1,14079,0,0
7,5,14080,0,0
0,5,14081,0,0
1,1,14082,0,0
2,1,14083,0,0
3,8,14084,0,0
4,7,14085,0,0
5,8,14086,0,0
6,1,14087,0,0
7,5,14088,0,0
0,8,14089,0,0
1,1,14090,0,0
2,1,14091,0,0
3,8,14092,0,0
4,7,14093,0,0
5,8,14094,0,0
6,8,14095,0,0
7,5,14096,0,0
0,5,14097,0,0
1,1,14098,0,0
2,1,14099,0,0
3,6,14100,0,0
4,7,14101,0,0
5,5,14102,0,0
6,8,14103,0,0
7,5,14104,0,0
0,8,14105,0,0
1,1,14106,0,0
2,1,14107,0,0
3,6,14108,0,0
4,7,14109,0,0
5,1,14110,0,0
6,8,14111,0,0
7,5,14112,0,0
0,8,14113,0,0
1,1,14114,0,0
2,1,14115,0,0
3,6,14116,0,0
4,7,14117,0,0
5,5,14118,0,0
6,8,14119,0,0
7,5,14120,0,0
0,8,14121,0,0
1,1,14122,0,0
2,1,14123,0,0
3,6,14124,0,0
4,8,14125,0,0
5,5,14126,0,0
6,8,14127,0,0
7,5,14128,0,0
0,8,14129,0,0
1,1,14130,0,0
2,1,14131,0,0
3,6,14132,0,0
4,6,14133,0,0
5,5,14134,0,0
6,8,14135,0,0
7,5,14136,0,0
0,8,14137,0,0
1,1,14138,0,0
2,1,14139,0,0
3,6,14140,0,0
4,6,14141,0,0
5,5,14142,0,0
6,8,14143,0,0
7,5,14144,0,0
0,8,14145,0,0
1,1,14146,0,0
2,1,14147,0,0
3,6,14148,0,0
4,6,14149,0,0
5,5,14150,0,0
6,8,14151,0,0
7,5,14152,0,0
0,8,14153,0,0
1,1,14154,0,0
2,1,14155,0,0
3,6,14156,0,0
4,6,14157,0,0
5,5,14158,0,0
6,8,14159,0,0
7,1,14160,0,0
0,8,14161,0,0
1,1,14162,0,0
2,1,14163,0,0
3,6,14164,0,0
4,6,14165,0,0
5,5,14166,0,0
6,8,14167,0,0
7,1,14168,0,0
0,8,14169,0,0
1,1,14170,0,0
2,1,14171,0,0
3,6,14172,0,0
4,1,14173,0,0
5,8,14174,0,0
6,8,14175,0,0
7,1,14176,0,0
0,8,14177,0,0
1,1,14178,0,0
2,1,14179,0,0
3,6,14180,0,0
4,1,14181,0,0
5,1,14182,0,0
6,1,14183,0,0
7,1,14184,0,0
0,8,14185,0,0
1,1,14186,0,0
2,1,14187,0,0
3,6,14188,0,0
4,6,14189,0,0
5,5,14190,0,0
6,4,14191,0,0
7,1,14192,0,0
0,8,14193,0,0
1,1,14194,0,0
2,2,14195,0,0
3,6,14196,0,0
4,6,14197,0,0
5,5,14198,0,0
6,4,14199,0,0
7,1,14200,0,0
0,8,14201,0,0
1,1,14202,0,0
2,2,14203,0,0
3,1,14204,0,0
4,8,14205,0,0
5,1,14206,0,0
6,0,14207,0,0
7,5,14208,0,0
0,8,14209,0,0
1,1,14210,0,0
2,2,14211,0,0
3,8,14212,0,0
4,8,14213,0,0
5,8,14214,0,0
6,0,14215,0,0
7,5,14216,0,0
0,8,14217,0,0
1,1,14218,0,0
2,2,14219,0,0
3,8,14220,0,0
4,8,14221,0,0
5,2,14222,0,0
6,0,14223,0,0
7,5,14224,0,0
0,8,14225,0,0
1,1,14226,0,0
2,2,14227,0,0
3,8,14228,0,0
4,8,14229,0,0
5,2,14230,0,0
6,8,14231,0,0
7,1,14232,0,0
0,5,14233,0,0
1,1,14234,0,0
2,2,14235,0,0
3,6,14236,0,0
4,8,14237,0,0
5,8,14238,0,0
6,2,14239,0,0
7,1,14240,0,0
0,5,14241,0,0
1,1,14242,0,0
2,1,14243,0,0
3,6,14244,0,0
4,8,14245,0,0
5,8,14246,0,0
6,2,14247,0,0
7,1,14248,0,0
0,5,14249,0,0
1,1,14250,0,0
2,2,14251,0,0
3,6,14252,0,0
4,8,14253,0,0
5,8,14254,0,0
6,2,14255,0,0
7,3,14256,0,0
0,5,14257,0,0
1,1,14258,0,0
2,1,14259,0,0
3,6,14260,0,0
4,6,14261,0,0
5,2,14262,0,0
6,2,14263,0,0
7,5,14264,0,0
0,5,14265,0,0
1,1,14266,0,0
2,1,14267,0,0
3,6,14268,0,0
4,6,14269,0,0
5,2,14270,0,0
6,1,14271,0,0
7,1,14272,0,0
0,5,14273,0,0
1,1,14274,0,0
2,1,14275,0,0
3,1,14276,0,0
4,1,14277,0,0
5,1,14278,0,0
6,1,14279,0,0
7,5,14280,0,0
0,5,14281,0,0
1,1,14282,0,0
2,1,14283,0,0
3,1,14284,0,0
4,1,14285,0,0
5,1,14286,0,0
6,1,14287,0,0
7,1,14288,0,0
0,5,14289,0,0
1,1,14290,0,0
2,1,14291,0,0
3,1,14292,0,0
4,8,14293,0,0
5,1,14294,0,0
6,1,14295,0,0
7,1,14296,0,0
0,3,14297,0,0
1,1,14298,0,0
2,1,14299,0,0
3,6,14300,0,0
4,8,14301,0,0
5,1,14302,0,0
6,1,14303,0,0
7,1,14304,0,0
0,5,14305,0,0
1,1,14306,0,0
2,1,14307,0,0
3,1,14308,0,0
4,1,14309,0,0
5,1,14310,0,0
6,1,14311,0,0
7,1,14312,0,0
0,8,14313,0,0
1,1,14314,0,0
2,1,14315,0,0
3,1,14316,0,0
4,1,14317,0,0
5,1,14318,0,0
6,1,14319,0,0
7,1,14320,0,0
0,8,14321,0,0
1,1,14322,0,0
2,1,14323,0,0
3,1,14324,0,0
4,8,14325,0,0
5,1,14326,0,0
6,1,14327,0,0
7,1,14328,0,0
0,5,14329,0,0
1,1,14330,0,0
2,1,14331,0,0
3,1,14332,0,0
4,8,14333,0,0
5,1,14334,0,0
6,1,14335,0,0
7,1,14336,0,0
0,5,14337,0,0
1,1,14338,0,0
2,1,14339,0,0
3,1,14340,0,0
4,1,14341,0,0
5,1,14342,0,0
6,1,14343,0,0
7,1,14344,0,0
0,8,14345,0,0
1,1,14346,0,0
2,1,14347,0,0
3,1,14348,0,0
4,1,14349,0,0
5,1,14350,0,0
6,1,14351,0,0
7,1,14352,0,0
0,8,14353,0,0
1,1,14354,0,0
2,1,14355,0,0
3,1,14356,0,0
4,1,14357,0,0
5,1,14358,0,0
6,1,14359,0,0
7,1,14360,0,0
0,8,14361,0,0
1,1,14362,0,0
2,1,14363,0,0
3,1,14364,0,0
4,1,14365,0,0
5,1,14366,0,0
6,1,14367,0,0
7,1,14368,0,0
0,8,14369,0,0
1,1,14370,0,0
2,1,14371,0,0
3,1,14372,0,0
4,1,14373,0,0
5,1,14374,0,0
6,1,14375,0,0
7,7,14376,0,0
0,8,14377,0,0
1,1,14378,0,0
2,1,14379,0,0
3,1,14380,0,0
4,1,14381,0,0
5,1,14382,0,0
6,1,14383,0,0
7,7,14384,0,0
0,5,14385,0,0
1,1,14386,0,0
2,1,14387,0,0
3,1,14388,0,0
4,1,14389,0,0
5,1,14390,0,0
6,8,14391,0,0
7,1,14392,0,0
0,5,14393,0,0
1,1,14394,0,0
2,1,14395,0,0
3,1,14396,0,0
4,1,14397,0,0
5,1,14398,0,0
6,1,14399,0,0
7,1,14400,0,0
0,5,14401,0,0
1,1,14402,0,0
2,1,14403,0,0
3,1,14404,0,0
4,1,14405,0,0
5,1,14406,0,0
6,1,14407,0,0
7,0,14408,0,0
0,8,14409,0,0
1,1,14410,0,0
2,1,14411,0,0
3,1,14412,0,0
4,1,14413,0,0
5,1,14414,0,0
6,1,14415,0,0
7,4,14416,0,0
0,5,14417,0,0
1,1,14418,0,0
2,1,14419,0,0
3,1,14420,0,0
4,1,14421,0,0
5,1,14422,0,0
6,1,14423,0,0
7,1,14424,0,0
0,0,14425,0,0
1,1,14426,0,0
2,1,14427,0,0
3,1,14428,0,0
4,1,14429,0,0
5,1,14430,0,0
6,1,14431,0,0
7,1,14432,0,0
0,0,14433,0,0
1,1,14434,0,0
2,1,14435,0,0
3,1,14436,0,0
4,7,14437,0,0
5,1,14438,0,0
6,1,14439,0,0
7,4,14440,0,0
0,8,14441,0,0
1,1,14442,0,0
2,1,14443,0,0
3,1,14444,0,0
4,1,14445,0,0
5,1,14446,0,0
6,1,14447,0,0
7,4,14448,0,0
0,5,14449,0,0
1,1,14450,0,0
2,1,14451,0,0
3,1,14452,0,0
4,8,14453,0,0
5,1,14454,0,0
6,1,14455,0,0
7,4,14456,0,0
0,8,14457,0,0
1,1,14458,0,0
2,1,14459,0,0
3,1,14460,0,0
4,1,14461,0,0
5,1,14462,0,0
6,1,14463,0,0
7,4,14464,0,0
0,8,14465,0,0
1,1,14466,0,0
2,1,14467,0,0
3,1,14468,0,0
4,1,14469,0,0
5,1,14470,0,0
6,1,14471,0,0
7,4,14472,0,0
0,5,14473,0,0
1,1,14474,0,0
2,1,14475,0,0
3,1,14476,0,0
4,1,14477,0,0
5,1,14478,0,0
6,1,14479,0,0
7,5,14480,0,0
0,8,14481,0,0
1,1,14482,0,0
2,1,14483,0,0
3,1,14484,0,0
4,1,14485,0,0
5,1,14486,0,0
6,1,14487,0,0
7,5,14488,0,0
0,8,14489,0,0
1,1,14490,0,0
2,1,14491,0,0
3,1,14492,0,0
4,1,14493,0,0
5,1,14494,0,0
6,1,14495,0,0
7,5,14496,0,0
0,5,14497,0,0
1,1,14498,0,0
2,8,14499,0,0
3,1,14500,0,0
4,1,14501,0,0
5,1,14502,0,0
6,0,14503,0,0
7,5,14504,0,0
0,8,14505,0,0
1,1,14506,0,0
2,1,14507,0,0
3,1,14508,0,0
4,1,14509,0,0
5,1,14510,0,0
6,0,14511,0,0
7,4,14512,0,0
0,8,14513,0,0
1,1,14514,0,0
2,1,14515,0,0
3,1,14516,0,0
4,1,14517,0,0
5,1,14518,0,0
6,8,14519,0,0
7,4,14520,0,0
0,5,14521,0,0
1,1,14522,0,0
2,8,14523,0,0
3,1,14524,0,0
4,1,14525,0,0
5,1,14526,0,0
6,8,14527,0,0
7,4,14528,0,0
0,5,14529,0,0
1,1,14530,0,0
2,1,14531,0,0
3,8,14532,0,0
4,1,14533,0,0
5,1,14534,0,0
6,8,14535,0,0
7,4,14536,0,0
0,8,14537,0,0
1,1,14538,0,0
2,1,14539,0,0
3,1,14540,0,0
4,1,14541,0,0
5,1,14542,0,0
6,1,14543,0,0
7,4,14544,0,0
0,5,14545,0,0
1,1,14546,0,0
2,1,14547,0,0
3,1,14548,0,0
4,1,14549,0,0
5,1,14550,0,0
6,1,14551,0,0
7,6,14552,0,0
0,8,14553,0,0
1,1,14554,0,0
2,1,14555,0,0
3,1,14556,0,0
4,1,14557,0,0
5,1,14558,0,0
6,4,14559,0,0
7,6,14560,0,0
0,5,14561,0,0
1,1,14562,0,0
2,8,14563,0,0
3,1,14564,0,0
4,1,14565,0,0
5,1,14566,0,0
6,1,14567,0,0
7,4,14568,0,0
0,5,14569,0,0
1,1,14570,0,0
2,8,14571,0,0
3,1,14572,0,0
4,1,14573,0,0
5,1,14574,0,0
6,6,14575,0,0
7,6,14576,0,0
0,8,14577,0,0
1,1,14578,0,0
2,8,14579,0,0
3,5,14580,0,0
4,7,14581,0,0
5,1,14582,0,0
6,6,14583,0,0
7,6,14584,0,0
0,8,14585,0,0
1,1,14586,0,0
2,8,14587,0,0
3,7,14588,0,0
4,7,14589,0,0
5,1,14590,0,0
6,4,14591,0,0
7,6,14592,0,0
0,8,14593,0,0
1,1,14594,0,0
2,8,14595,0,0
3,8,14596,0,0
4,7,14597,0,0
5,1,14598,0,0
6,4,14599,0,0
7,4,14600,0,0
0,5,14601,0,0
1,1,14602,0,0
2,1,14603,0,0
3,5,14604,0,0
4,1,14605,0,0
5,1,14606,0,0
6,1,14607,0,0
7,6,14608,0,0
0,8,14609,0,0
1,1,14610,0,0
2,1,14611,0,0
3,5,14612,0,0
4,1,14613,0,0
5,1,14614,0,0
6,1,14615,0,0
7,6,14616,0,0
0,8,14617,0,0
1,1,14618,0,0
2,1,14619,0,0
3,5,14620,0,0
4,8,14621,0,0
5,8,14622,0,0
6,8,14623,0,0
7,6,14624,0,0
0,8,14625,0,0
1,1,14626,0,0
2,1,14627,0,0
3,8,14628,0,0
4,8,14629,0,0
5,8,14630,0,0
6,1,14631,0,0
7,4,14632,0,0
0,5,14633,0,0
1,1,14634,0,0
2,1,14635,0,0
3,6,14636,0,0
4,8,14637,0,0
5,8,14638,0,0
6,1,14639,0,0
7,5,14640,0,0
0,5,14641,0,0
1,1,14642,0,0
2,1,14643,0,0
3,6,14644,0,0
4,8,14645,0,0
5,8,14646,0,0
6,1,14647,0,0
7,4,14648,0,0
0,8,14649,0,0
1,1,14650,0,0
2,1,14651,0,0
3,6,14652,0,0
4,8,14653,0,0
5,8,14654,0,0
6,8,14655,0,0
7,6,14656,0,0
0,8,14657,0,0
1,1,14658,0,0
2,1,14659,0,0
3,6,14660,0,0
4,8,14661,0,0
5,8,14662,0,0
6,0,14663,0,0
7,6,14664,0,0
0,8,14665,0,0
1,1,14666,0,0
2,1,14667,0,0
3,6,14668,0,0
4,8,14669,0,0
5,8,14670,0,0
6,0,14671,0,0
7,6,14672,0,0
0,8,14673,0,0
1,1,14674,0,0
2,1,14675,0,0
3,6,14676,0,0
4,8,14677,0,0
5,8,14678,0,0
6,0,14679,0,0
7,6,14680,0,0
0,5,14681,0,0
1,1,14682,0,0
2,1,14683,0,0
3,5,14684,0,0
4,8,14685,0,0
5,8,14686,0,0
6,0,14687,0,0
7,6,14688,0,0
0,8,14689,0,0
1,1,14690,0,0
2,1,14691,0,0
3,8,14692,0,0
4,8,14693,0,0
5,8,14694,0,0
6,8,14695,0,0
7,4,14696,0,0
0,8,14697,0,0
1,1,14698,0,0
2,1,14699,0,0
3,7,14700,0,0
4,8,14701,0,0
5,8,14702,0,0
6,0,14703,0,0
7,4,14704,0,0
0,8,14705,0,0
1,1,14706,0,0
2,1,14707,0,0
3,7,14708,0,0
4,7,14709,0,0
5,8,14710,0,0
6,0,14711,0,0
7,6,14712,0,0
0,5,14713,0,0
1,1,14714,0,0
2,1,14715,0,0
3,7,14716,0,0
4,7,14717,0,0
5,8,14718,0,0
6,0,14719,0,0
7,6,14720,0,0
0,5,14721,0,0
1,1,14722,0,0
2,1,14723,0,0
3,7,14724,0,0
4,7,14725,0,0
5,8,14726,0,0
6,0,14727,0,0
7,4,14728,0,0
0,8,14729,0,0
1,1,14730,0,0
2,8,14731,0,0
3,7,14732,0,0
4,7,14733,0,0
5,8,14734,0,0
6,0,14735,0,0
7,4,14736,0,0
0,8,14737,0,0
1,1,14738,0,0
2,8,14739,0,0
3,8,14740,0,0
4,7,14741,0,0
5,8,14742,0,0
6,4,14743,0,0
7,5,14744,0,0
0,8,14745,0,0
1,1,14746,0,0
2,1,14747,0,0
3,6,14748,0,0
4,1,14749,0,0
5,8,14750,0,0
6,4,14751,0,0
7,5,14752,0,0
0,0,14753,0,0
1,1,14754,0,0
2,1,14755,0,0
3,6,14756,0,0
4,1,14757,0,0
5,8,14758,0,0
6,0,14759,0,0
7,0,14760,0,0
0,6,14761,0,0
1,1,14762,0,0
2,1,14763,0,0
3,6,14764,0,0
4,1,14765,0,0
5,8,14766,0,0
6,0,14767,0,0
7,0,14768,0,0
0,5,14769,0,0
1,1,14770,0,0
2,8,14771,0,0
3,6,14772,0,0
4,1,14773,0,0
5,8,14774,0,0
6,0,14775,0,0
7,0,14776,0,0
0,8,14777,0,0
1,1,14778,0,0
2,7,14779,0,0
3,6,14780,0,0
4,1,14781,0,0
5,8,14782,0,0
6,4,14783,0,0
7,2,14784,0,0
0,8,14785,0,0
1,1,14786,0,0
2,7,14787,0,0
3,6,14788,0,0
4,1,14789,0,0
5,8,14790,0,0
6,0,14791,0,0
7,2,14792,0,0
0,8,14793,0,0
1,1,14794,0,0
2,7,14795,0,0
3,1,14796,0,0
4,1,14797,0,0
5,8,14798,0,0
6,4,14799,0,0
7,2,14800,0,0
0,7,14801,0,0
1,5,14802,0,0
2,7,14803,0,0
3,3,14804,0,0
4,1,14805,0,0
5,8,14806,0,0
6,6,14807,0,0
7,2,14808,0,0
0,5,14809,0,0
1,6,14810,0,0
2,7,14811,0,0
3,3,14812,0,0
4,2,14813,0,0
5,1,14814,0,0
6,6,14815,0,0
7,2,14816,0,0
0,5,14817,0,0
1,6,14818,0,0
2,2,14819,0,0
3,3,14820,0,0
4,1,14821,0,0
5,3,14822,0,0
6,6,14823,0,0
7,3,14824,0,0
0,8,14825,0,0
1,6,14826,0,0
2,5,14827,0,0
3,1,14828,0,0
4,1,14829,0,0
5,3,14830,0,0
6,4,14831,0,0
7,7,14832,0,0
0,8,14833,0,0
1,6,14834,0,0
2,6,14835,0,0
3,7,14836,0,0
4,1,14837,0,0
5,3,14838,0,0
6,6,14839,0,0
7,5,14840,0,0
0,5,14841,0,0
1,6,14842,0,0
2,8,14843,0,0
3,5,14844,0,0
4,7,14845,0,0
5,3,14846,0,0
6,3,14847,0,0
7,7,14848,0,0
0,5,14849,0,0
1,6,14850,0,0
2,8,14851,0,0
3,5,14852,0,0
4,8,14853,0,0
5,3,14854,0,0
6,4,14855,0,0
7,0,14856,0,0
0,5,14857,0,0
1,4,14858,0,0
2,8,14859,0,0
3,5,14860,0,0
4,8,14861,0,0
5,4,14862,0,0
6,4,14863,0,0
7,7,14864,0,0
0,8,14865,0,0
1,4,14866,0,0
2,7,14867,0,0
3,5,14868,0,0
4,8,14869,0,0
5,4,14870,0,0
6,4,14871,0,0
7,0,14872,0,0
0,6,14873,0,0
1,4,14874,0,0
2,4,14875,0,0
3,5,14876,0,0
4,1,14877,0,0
5,4,14878,0,0
6,4,14879,0,0
7,7,14880,0,0
0,6,14881,0,0
1,4,14882,0,0
2,6,14883,0,0
3,5,14884,0,0
4,8,14885,0,0
5,4,14886,0,0
6,4,14887,0,0
7,7,14888,0,0
0,6,14889,0,0
1,4,14890,0,0
2,6,14891,0,0
3,5,14892,0,0
4,2,14893,0,0
5,4,14894,0,0
6,5,14895,0,0
7,2,14896,0,0
0,6,14897,0,0
1,4,14898,0,0
2,7,14899,0,0
3,5,14900,0,0
4,3,14901,0,0
5,4,14902,0,0
6,4,14903,0,0
7,6,14904,0,0
0,2,14905,0,0
1,4,14906,0,0
2,7,14907,0,0
3,5,14908,0,0
4,7,14909,0,0
5,4,14910,0,0
6,6,14911,0,0
7,6,14912,0,0
0,6,14913,0,0
1,7,14914,0,0
2,7,14915,0,0
3,5,14916,0,0
4,6,14917,0,0
5,4,14918,0,0
6,6,14919,0,0
7,6,14920,0,0
0,6,14921,0,0
1,7,14922,0,0
2,7,14923,0,0
3,5,14924,0,0
4,7,14925,0,0
5,4,14926,0,0
6,4,14927,0,0
7,6,14928,0,0
0,6,14929,0,0
1,7,14930,0,0
2,7,14931,0,0
3,5,14932,0,0
4,6,14933,0,0
5,5,14934,0,0
6,1,14935,0,0
7,6,14936,0,0
0,5,14937,0,0
1,1,14938,0,0
2,7,14939,0,0
3,5,14940,0,0
4,7,14941,0,0
5,1,14942,0,0
6,1,14943,0,0
7,6,14944,0,0
0,6,14945,0,0
1,7,14946,0,0
2,8,14947,0,0
3,5,14948,0,0
4,6,14949,0,0
5,1,14950,0,0
6,2,14951,0,0
7,6,14952,0,0
0,6,14953,0,0
1,7,14954,0,0
2,8,14955,0,0
3,5,14956,0,0
4,8,14957,0,0
5,1,14958,0,0
6,6,14959,0,0
7,6,14960,0,0
0,5,14961,0,0
1,6,14962,0,0
2,8,14963,0,0
3,8,14964,0,0
4,7,14965,0,0
5,5,14966,0,0
6,6,14967,0,0
7,6,14968,0,0
0,7,14969,0,0
1,6,14970,0,0
2,8,14971,0,0
3,6,14972,0,0
4,6,14973,0,0
5,5,14974,0,0
6,6,14975,0,0
7,6,14976,0,0
0,6,14977,0,0
1,6,14978,0,0
2,8,14979,0,0
3,6,14980,0,0
4,6,14981,0,0
5,5,14982,0,0
6,6,14983,0,0
7,7,14984,0,0
0,6,14985,0,0
1,6,14986,0,0
2,8,14987,0,0
3,6,14988,0,0
4,6,14989,0,0
5,5,14990,0,0
6,6,14991,0,0
7,7,14992,0,0
0,6,14993,0,0
1,8,14994,0,0
2,8,14995,0,0
3,6,14996,0,0
4,7,14997,0,0
5,5,14998,0,0
6,8,14999,0,0
7,7,15000,0,0
0,7,15001,0,0
1,5,15002,0,0
2,8,15003,0,0
3,7,15004,0,0
4,6,15005,0,0
5,7,15006,0,0
6,5,15007,0,0
7,7,15008,0,0
0,8,15009,0,0
1,5,15010,0,0
2,8,15011,0,0
3,5,15012,0,0
4,6,15013,0,0
5,7,15014,0,0
6,8,15015,0,0
7,7,15016,0,0
0,5,15017,0,0
1,1,15018,0,0
2,8,15019,0,0
3,5,15020,0,0
4,6,15021,0,0
5,7,15022,0,0
6,8,15023,0,0
7,7,15024,0,0
0,5,15025,0,0
1,1,15026,0,0
2,8,15027,0,0
3,5,15028,0,0
4,6,15029,0,0
5,7,15030,0,0
6,8,15031,0,0
7,7,15032,0,0
0,7,15033,0,0
1,3,15034,0,0
2,8,15035,0,0
3,5,15036,0,0
4,7,15037,0,0
5,7,15038,0,0
6,8,15039,0,0
7,7,15040,0,0
0,7,15041,0,0
1,3,15042,0,0
2,8,15043,0,0
3,5,15044,0,0
4,7,15045,0,0
5,7,15046,0,0
6,8,15047,0,0
7,7,15048,0,0
0,7,15049,0,0
1,3,15050,0,0
2,8,15051,0,0
3,5,15052,0,0
4,7,15053,0,0
5,7,15054,0,0
6,8,15055,0,0
7,7,15056,0,0
0,7,15057,0,0
1,3,15058,0,0
2,8,15059,0,0
3,7,15060,0,0
4,7,15061,0,0
5,7,15062,0,0
6,8,15063,0,0
7,7,15064,0,0
0,7,15065,0,0
1,3,15066,0,0
2,8,15067,0,0
3,5,15068,0,0
4,7,15069,0,0
5,7,15070,0,0
6,8,15071,0,0
7,7,15072,0,0
0,7,15073,0,0
1,3,15074,0,0
2,8,15075,0,0
3,6,15076,0,0
4,7,15077,0,0
5,7,15078,0,0
6,8,15079,0,0
7,7,15080,0,0
0,7,15081,0,0
1,3,15082,0,0
2,1,15083,0,0
3,6,15084,0,0
4,7,15085,0,0
5,7,15086,0,0
6,8,15087,0,0
7,7,15088,0,0
0,7,15089,0,0
1,3,15090,0,0
2,1,15091,0,0
3,6,15092,0,0
4,6,15093,0,0
5,5,15094,0,0
6,8,15095,0,0
7,7,15096,0,0
0,6,15097,0,0
1,3,15098,0,0
2,8,15099,0,0
3,6,15100,0,0
4,8,15101,0,0
5,8,15102,0,0
6,8,15103,0,0
7,5,15104,0,0
0,6,15105,0,0
1,3,15106,0,0
2,8,15107,0,0
3,6,15108,0,0
4,8,15109,0,0
5,3,15110,0,0
6,8,15111,0,0
7,5,15112,0,0
0,6,15113,0,0
1,3,15114,0,0
2,8,15115,0,0
3,5,15116,0,0
4,8,15117,0,0
5,2,15118,0,0
6,8,15119,0,0
7,6,15120,0,0
0,6,15121,0,0
1,3,15122,0,0
2,8,15123,0,0
3,5,15124,0,0
4,8,15125,0,0
5,2,15126,0,0
6,8,15127,0,0
7,6,15128,0,0
0,6,15129,0,0
1,3,15130,0,0
2,8,15131,0,0
3,6,15132,0,0
4,6,15133,0,0
5,7,15134,0,0
6,8,15135,0,0
7,6,15136,0,0
0,6,15137,0,0
1,3,15138,0,0
2,8,15139,0,0
3,6,15140,0,0
4,6,15141,0,0
5,5,15142,0,0
6,8,15143,0,0
7,6,15144,0,0
0,6,15145,0,0
1,3,15146,0,0
2,7,15147,0,0
3,6,15148,0,0
4,6,15149,0,0
5,5,15150,0,0
6,8,15151,0,0
7,6,15152,0,0
0,6,15153,0,0
1,3,15154,0,0
2,7,15155,0,0
3,6,15156,0,0
4,6,15157,0,0
5,8,15158,0,0
6,8,15159,0,0
7,6,15160,0,0
0,6,15161,0,0
1,3,15162,0,0
2,7,15163,0,0
3,6,15164,0,0
4,6,15165,0,0
5,5,15166,0,0
6,8,15167,0,0
7,7,15168,0,0
0,6,15169,0,0
1,3,15170,0,0
2,6,15171,0,0
3,6,15172,0,0
4,6,15173,0,0
5,7,15174,0,0
6,8,15175,0,0
7,7,15176,0,0
0,6,15177,0,0
1,3,15178,0,0
2,7,15179,0,0
3,6,15180,0,0
4,7,15181,0,0
5,7,15182,0,0
6,8,15183,0,0
7,7,15184,0,0
0,6,15185,0,0
1,4,15186,0,0
2,6,15187,0,0
3,6,15188,0,0
4,7,15189,0,0
5,7,15190,0,0
6,8,15191,0,0
7,6,15192,0,0
0,6,15193,0,0
1,3,15194,0,0
2,7,15195,0,0
3,6,15196,0,0
4,7,15197,0,0
5,7,15198,0,0
6,8,15199,0,0
7,6,15200,0,0
0,7,15201,0,0
1,3,15202,0,0
2,7,15203,0,0
3,6,15204,0,0
4,8,15205,0,0
5,5,15206,0,0
6,8,15207,0,0
7,4,15208,0,0
0,7,15209,0,0
1,3,15210,0,0
2,7,15211,0,0
3,6,15212,0,0
4,7,15213,0,0
5,5,15214,0,0
6,6,15215,0,0
7,4,15216,0,0
0,7,15217,0,0
1,3,15218,0,0
2,7,15219,0,0
3,6,15220,0,0
4,6,15221,0,0
5,1,15222,0,0
6,6,15223,0,0
7,4,15224,0,0
0,6,15225,0,0
1,3,15226,0,0
2,7,15227,0,0
3,6,15228,0,0
4,6,15229,0,0
5,8,15230,0,0
6,6,15231,0,0
7,6,15232,0,0
0,7,15233,0,0
1,3,15234,0,0
2,7,15235,0,0
3,6,15236,0,0
4,6,15237,0,0
5,3,15238,0,0
6,6,15239,0,0
7,7,15240,0,0
0,6,15241,0,0
1,3,15242,0,0
2,8,15243,0,0
3,6,15244,0,0
4,6,15245,0,0
5,3,15246,0,0
6,6,15247,0,0
7,7,15248,0,0
0,6,15249,0,0
1,3,15250,0,0
2,8,15251,0,0
3,6,15252,0,0
4,8,15253,0,0
5,5,15254,0,0
6,3,15255,0,0
7,6,15256,0,0
0,6,15257,0,0
1,3,15258,0,0
2,8,15259,0,0
3,6,15260,0,0
4,7,15261,0,0
5,3,15262,0,0
6,5,15263,0,0
7,6,15264,0,0
0,6,15265,0,0
1,3,15266,0,0
2,7,15267,0,0
3,6,15268,0,0
4,8,15269,0,0
5,3,15270,0,0
6,4,15271,0,0
7,7,15272,0,0
0,6,15273,0,0
1,3,15274,0,0
2,1,15275,0,0
3,5,15276,0,0
4,8,15277,0,0
5,3,15278,0,0
6,6,15279,0,0
7,5,15280,0,0
0,5,15281,0,0
1,3,15282,0,0
2,1,15283,0,0
3,5,15284,0,0
4,1,15285,0,0
5,4,15286,0,0
6,6,15287,0,0
7,5,15288,0,0
0,6,15289,0,0
1,3,15290,0,0
2,5,15291,0,0
3,5,15292,0,0
4,8,15293,0,0
5,4,15294,0,0
6,6,15295,0,0
7,5,15296,0,0
0,5,15297,0,0
1,3,15298,0,0
2,7,15299,0,0
3,5,15300,0,0
4,8,15301,0,0
5,4,15302,0,0
6,6,15303,0,0
7,5,15304,0,0
0,6,15305,0,0
1,3,15306,0,0
2,7,15307,0,0
3,5,15308,0,0
4,6,15309,0,0
5,2,15310,0,0
6,6,15311,0,0
7,5,15312,0,0
0,6,15313,0,0
1,3,15314,0,0
2,7,15315,0,0
3,5,15316,0,0
4,6,15317,0,0
5,2,15318,0,0
6,6,15319,0,0
7,7,15320,0,0
0,6,15321,0,0
1,3,15322,0,0
2,7,15323,0,0
3,5,15324,0,0
4,6,15325,0,0
5,8,15326,0,0
6,6,15327,0,0
7,7,15328,0,0
0,6,15329,0,0
1,4,15330,0,0
2,7,15331,0,0
3,5,15332,0,0
4,6,15333,0,0
5,2,15334,0,0
6,6,15335,0,0
7,7,15336,0,0
0,6,15337,0,0
1,4,15338,0,0
2,7,15339,0,0
3,5,15340,0,0
4,7,15341,0,0
5,1,15342,0,0
6,6,15343,0,0
7,7,15344,0,0
0,6,15345,0,0
1,4,15346,0,0
2,7,15347,0,0
3,5,15348,0,0
4,6,15349,0,0
5,2,15350,0,0
6,6,15351,0,0
7,7,15352,0,0
0,6,15353,0,0
1,4,15354,0,0
2,7,15355,0,0
3,5,15356,0,0
4,7,15357,0,0
5,8,15358,0,0
6,6,15359,0,0
7,7,15360,0,0
0,6,15361,0,0
1,4,15362,0,0
2,8,15363,0,0
3,5,15364,0,0
4,8,15365,0,0
5,4,15366,0,0
6,4,15367,0,0
7,7,15368,0,0
0,6,15369,0,0
1,4,15370,0,0
2,1,15371,0,0
3,5,15372,0,0
4,8,15373,0,0
5,3,15374,0,0
6,4,15375,0,0
7,5,15376,0,0
0,6,15377,0,0
1,4,15378,0,0
2,1,15379,0,0
3,5,15380,0,0
4,8,15381,0,0
5,3,15382,0,0
6,4,15383,0,0
7,7,15384,0,0
0,6,15385,0,0
1,4,15386,0,0
2,8,15387,0,0
3,7,15388,0,0
4,1,15389,0,0
5,3,15390,0,0
6,4,15391,0,0
7,7,15392,0,0
0,5,15393,0,0
1,4,15394,0,0
2,8,15395,0,0
3,7,15396,0,0
4,1,15397,0,0
5,3,15398,0,0
6,4,15399,0,0
7,7,15400,0,0
0,6,15401,0,0
1,4,15402,0,0
2,8,15403,0,0
3,7,15404,0,0
4,1,15405,0,0
5,5,15406,0,0
6,5,15407,0,0
7,7,15408,0,0
0,6,15409,0,0
1,4,15410,0,0
2,8,15411,0,0
3,6,15412,0,0
4,1,15413,0,0
5,3,15414,0,0
6,2,15415,0,0
7,5,15416,0,0
0,5,15417,0,0
1,4,15418,0,0
2,8,15419,0,0
3,7,15420,0,0
4,1,15421,0,0
5,3,15422,0,0
6,2,15423,0,0
7,5,15424,0,0
0,6,15425,0,0
1,4,15426,0,0
2,8,15427,0,0
3,7,15428,0,0
4,1,15429,0,0
5,5,15430,0,0
6,3,15431,0,0
7,5,15432,0,0
0,6,15433,0,0
1,4,15434,0,0
2,1,15435,0,0
3,7,15436,0,0
4,1,15437,0,0
5,1,15438,0,0
6,1,15439,0,0
7,5,15440,0,0
0,5,15441,0,0
1,4,15442,0,0
2,1,15443,0,0
3,6,15444,0,0
4,7,15445,0,0
5,1,15446,0,0
6,1,15447,0,0
7,5,15448,0,0
0,5,15449,0,0
1,4,15450,0,0
2,8,15451,0,0
3,1,15452,0,0
4,1,15453,0,0
5,1,15454,0,0
6,8,15455,0,0
7,5,15456,0,0
0,6,15457,0,0
1,4,15458,0,0
2,8,15459,0,0
3,1,15460,0,0
4,7,15461,0,0
5,1,15462,0,0
6,4,15463,0,0
7,5,15464,0,0
0,6,15465,0,0
1,4,15466,0,0
2,8,15467,0,0
3,1,15468,0,0
4,1,15469,0,0
5,5,15470,0,0
6,4,15471,0,0
7,5,15472,0,0
0,6,15473,0,0
1,7,15474,0,0
2,8,15475,0,0
3,5,15476,0,0
4,1,15477,0,0
5,5,15478,0,0
6,5,15479,0,0
7,5,15480,0,0
0,5,15481,0,0
1,7,15482,0,0
2,7,15483,0,0
3,7,15484,0,0
4,6,15485,0,0
5,2,15486,0,0
6,6,15487,0,0
7,5,15488,0,0
0,5,15489,0,0
1,7,15490,0,0
2,7,15491,0,0
3,6,15492,0,0
4,6,15493,0,0
5,2,15494,0,0
6,2,15495,0,0
7,5,15496,0,0
0,6,15497,0,0
1,7,15498,0,0
2,8,15499,0,0
3,5,15500,0,0
4,7,15501,0,0
5,2,15502,0,0
6,2,15503,0,0
7,5,15504,0,0
0,5,15505,0,0
1,6,15506,0,0
2,8,15507,0,0
3,7,15508,0,0
4,1,15509,0,0
5,3,15510,0,0
6,8,15511,0,0
7,5,15512,0,0
0,5,15513,0,0
1,8,15514,0,0
2,8,15515,0,0
3,7,15516,0,0
4,6,15517,0,0
5,7,15518,0,0
6,1,15519,0,0
7,5,15520,0,0
0,4,15521,0,0
1,7,15522,0,0
2,8,15523,0,0
3,1,15524,0,0
4,6,15525,0,0
5,7,15526,0,0
6,8,15527,0,0
7,5,15528,0,0
0,2,15529,0,0
1,7,15530,0,0
2,8,15531,0,0
3,8,15532,0,0
4,1,15533,0,0
5,7,15534,0,0
6,2,15535,0,0
7,3,15536,0,0
0,3,15537,0,0
1,6,15538,0,0
2,8,15539,0,0
3,2,15540,0,0
4,2,15541,0,0
5,7,15542,0,0
6,2,15543,0,0
7,2,15544,0,0
0,5,15545,0,0
1,6,15546,0,0
2,1,15547,0,0
3,3,15548,0,0
4,4,15549,0,0
5,7,15550,0,0
6,2,15551,0,0
7,2,15552,0,0
0,5,15553,0,0
1,5,15554,0,0
2,4,15555,0,0
3,3,15556,0,0
4,4,15557,0,0
5,1,15558,0,0
6,2,15559,0,0
7,1,15560,0,0
0,3,15561,0,0
1,5,15562,0,0
2,4,15563,0,0
3,3,15564,0,0
4,1,15565,0,0
5,2,15566,0,0
6,8,15567,0,0
7,1,15568,0,0
0,2,15569,0,0
1,6,15570,0,0
2,4,15571,0,0
3,3,15572,0,0
4,7,15573,0,0
5,2,15574,0,0
6,2,15575,0,0
7,1,15576,0,0
0,2,15577,0,0
1,1,15578,0,0
2,2,15579,0,0
3,3,15580,0,0
4,6,15581,0,0
5,2,15582,0,0
6,8,15583,0,0
7,2,15584,0,0
0,2,15585,0,0
1,1,15586,0,0
2,2,15587,0,0
3,3,15588,0,0
4,1,15589,0,0
5,2,15590,0,0
6,8,15591,0,0
7,1,15592,0,0
0,2,15593,0,0
1,1,15594,0,0
2,1,15595,0,0
3,3,15596,0,0
4,1,15597,0,0
5,2,15598,0,0
6,0,15599,0,0
7,1,15600,0,0
0,2,15601,0,0
1,1,15602,0,0
2,1,15603,0,0
3,1,15604,0,0
4,1,15605,0,0
5,1,15606,0,0
6,0,15607,0,0
7,1,15608,0,0
0,6,15609,0,0
1,1,15610,0,0
2,1,15611,0,0
3,1,15612,0,0
4,1,15613,0,0
5,1,15614,0,0
6,2,15615,0,0
7,1,15616,0,0
0,2,15617,0,0
1,1,15618,0,0
2,7,15619,0,0
3,1,15620,0,0
4,1,15621,0,0
5,2,15622,0,0
6,2,15623,0,0
7,1,15624,0,0
0,2,15625,0,0
1,1,15626,0,0
2,7,15627,0,0
3,1,15628,0,0
4,1,15629,0,0
5,2,15630,0,0
6,1,15631,0,0
7,1,15632,0,0
0,2,15633,0,0
1,7,15634,0,0
2,7,15635,0,0
3,2,15636,0,0
4,4,15637,0,0
5,2,15638,0,0
6,1,15639,0,0
7,3,15640,0,0
0,2,15641,0,0
1,5,15642,0,0
2,7,15643,0,0
3,2,15644,0,0
4,4,15645,0,0
5,3,15646,0,0
6,1,15647,0,0
7,3,15648,0,0
0,2,15649,0,0
1,7,15650,0,0
2,7,15651,0,0
3,2,15652,0,0
4,6,15653,0,0
5,8,15654,0,0
6,1,15655,0,0
7,1,15656,0,0
0,4,15657,0,0
1,6,15658,0,0
2,7,15659,0,0
3,2,15660,0,0
4,6,15661,0,0
5,3,15662,0,0
6,8,15663,0,0
7,3,15664,0,0
0,4,15665,0,0
1,6,15666,0,0
2,7,15667,0,0
3,2,15668,0,0
4,2,15669,0,0
5,3,15670,0,0
6,8,15671,0,0
7,3,15672,0,0
0,2,15673,0,0
1,6,15674,0,0
2,7,15675,0,0
3,3,15676,0,0
4,1,15677,0,0
5,3,15678,0,0
6,8,15679,0,0
7,3,15680,0,0
0,4,15681,0,0
1,6,15682,0,0
2,7,15683,0,0
3,3,15684,0,0
4,1,15685,0,0
5,3,15686,0,0
6,8,15687,0,0
7,3,15688,0,0
0,4,15689,0,0
1,7,15690,0,0
2,7,15691,0,0
3,3,15692,0,0
4,6,15693,0,0
5,8,15694,0,0
6,8,15695,0,0
7,3,15696,0,0
0,2,15697,0,0
1,6,15698,0,0
2,7,15699,0,0
3,3,15700,0,0
4,2,15701,0,0
5,8,15702,0,0
6,8,15703,0,0
7,3,15704,0,0
0,4,15705,0,0
1,7,15706,0,0
2,7,15707,0,0
3,3,15708,0,0
4,6,15709,0,0
5,2,15710,0,0
6,0,15711,0,0
7,3,15712,0,0
0,4,15713,0,0
1,7,15714,0,0
2,7,15715,0,0
3,1,15716,0,0
4,6,15717,0,0
5,2,15718,0,0
6,0,15719,0,0
7,3,15720,0,0
0,4,15721,0,0
1,5,15722,0,0
2,7,15723,0,0
3,6,15724,0,0
4,4,15725,0,0
5,2,15726,0,0
6,8,15727,0,0
7,2,15728,0,0
0,4,15729,0,0
1,7,15730,0,0
2,7,15731,0,0
3,8,15732,0,0
4,1,15733,0,0
5,2,15734,0,0
6,8,15735,0,0
7,2,15736,0,0
0,6,15737,0,0
1,6,15738,0,0
2,8,15739,0,0
3,1,15740,0,0
4,0,15741,0,0
5,2,15742,0,0
6,0,15743,0,0
7,5,15744,0,0
0,4,15745,0,0
1,6,15746,0,0
2,8,15747,0,0
3,8,15748,0,0
4,0,15749,0,0
5,4,15750,0,0
6,0,15751,0,0
7,5,15752,0,0
0,4,15753,0,0
1,6,15754,0,0
2,7,15755,0,0
3,1,15756,0,0
4,4,15757,0,0
5,3,15758,0,0
6,0,15759,0,0
7,5,15760,0,0
0,6,15761,0,0
1,6,15762,0,0
2,7,15763,0,0
3,1,15764,0,0
4,6,15765,0,0
5,3,15766,0,0
6,0,15767,0,0
7,1,15768,0,0
0,6,15769,0,0
1,6,15770,0,0
2,6,15771,0,0
3,1,15772,0,0
4,4,15773,0,0
5,3,15774,0,0
6,8,15775,0,0
7,3,15776,0,0
0,6,15777,0,0
1,6,15778,0,0
2,6,15779,0,0
3,2,15780,0,0
4,4,15781,0,0
5,3,15782,0,0
6,8,15783,0,0
7,3,15784,0,0
0,6,15785,0,0
1,7,15786,0,0
2,6,15787,0,0
3,2,15788,0,0
4,4,15789,0,0
5,3,15790,0,0
6,0,15791,0,0
7,3,15792,0,0
0,2,15793,0,0
1,6,15794,0,0
2,6,15795,0,0
3,6,15796,0,0
4,1,15797,0,0
5,2,15798,0,0
6,0,15799,0,0
7,3,15800,0,0
0,6,15801,0,0
1,6,15802,0,0
2,7,15803,0,0
3,6,15804,0,0
4,1,15805,0,0
5,8,15806,0,0
6,0,15807,0,0
7,3,15808,0,0
0,6,15809,0,0
1,6,15810,0,0
2,7,15811,0,0
3,1,15812,0,0
4,2,15813,0,0
5,8,15814,0,0
6,0,15815,0,0
7,1,15816,0,0
0,4,15817,0,0
1,6,15818,0,0
2,6,15819,0,0
3,1,15820,0,0
4,2,15821,0,0
5,8,15822,0,0
6,8,15823,0,0
7,3,15824,0,0
0,4,15825,0,0
1,6,15826,0,0
2,6,15827,0,0
3,1,15828,0,0
4,2,15829,0,0
5,7,15830,0,0
6,8,15831,0,0
7,3,15832,0,0
0,2,15833,0,0
1,6,15834,0,0
2,6,15835,0,0
3,1,15836,0,0
4,2,15837,0,0
5,2,15838,0,0
6,2,15839,0,0
7,3,15840,0,0
0,4,15841,0,0
1,6,15842,0,0
2,7,15843,0,0
3,1,15844,0,0
4,4,15845,0,0
5,2,15846,0,0
6,2,15847,0,0
7,3,15848,0,0
0,2,15849,0,0
1,5,15850,0,0
2,6,15851,0,0
3,1,15852,0,0
4,4,15853,0,0
5,8,15854,0,0
6,2,15855,0,0
7,3,15856,0,0
0,4,15857,0,0
1,6,15858,0,0
2,7,15859,0,0
3,8,15860,0,0
4,4,15861,0,0
5,8,15862,0,0
6,2,15863,0,0
7,3,15864,0,0
0,6,15865,0,0
1,7,15866,0,0
2,7,15867,0,0
3,1,15868,0,0
4,4,15869,0,0
5,8,15870,0,0
6,8,15871,0,0
7,3,15872,0,0
0,6,15873,0,0
1,7,15874,0,0
2,7,15875,0,0
3,1,15876,0,0
4,1,15877,0,0
5,8,15878,0,0
6,8,15879,0,0
7,2,15880,0,0
0,6,15881,0,0
1,7,15882,0,0
2,7,15883,0,0
3,1,15884,0,0
4,1,15885,0,0
5,2,15886,0,0
6,8,15887,0,0
7,2,15888,0,0
0,6,15889,0,0
1,6,15890,0,0
2,7,15891,0,0
3,1,15892,0,0
4,1,15893,0,0
5,2,15894,0,0
6,8,15895,0,0
7,2,15896,0,0
0,2,15897,0,0
1,6,15898,0,0
2,7,15899,0,0
3,1,15900,0,0
4,1,15901,0,0
5,2,15902,0,0
6,8,15903,0,0
7,1,15904,0,0
0,4,15905,0,0
1,5,15906,0,0
2,7,15907,0,0
3,1,15908,0,0
4,6,15909,0,0
5,2,15910,0,0
6,8,15911,0,0
7,1,15912,0,0
0,2,15913,0,0
1,5,15914,0,0
2,7,15915,0,0
3,1,15916,0,0
4,6,15917,0,0
5,2,15918,0,0
6,8,15919,0,0
7,1,15920,0,0
0,2,15921,0,0
1,5,15922,0,0
2,7,15923,0,0
3,6,15924,0,0
4,6,15925,0,0
5,2,15926,0,0
6,8,15927,0,0
7,1,15928,0,0
0,4,15929,0,0
1,5,15930,0,0
2,7,15931,0,0
3,6,15932,0,0
4,6,15933,0,0
5,2,15934,0,0
6,8,15935,0,0
7,1,15936,0,0
0,6,15937,0,0
1,3,15938,0,0
2,7,15939,0,0
3,6,15940,0,0
4,6,15941,0,0
5,3,15942,0,0
6,8,15943,0,0
7,1,15944,0,0
0,6,15945,0,0
1,5,15946,0,0
2,7,15947,0,0
3,6,15948,0,0
4,6,15949,0,0
5,2,15950,0,0
6,8,15951,0,0
7,1,15952,0,0
0,6,15953,0,0
1,5,15954,0,0
2,7,15955,0,0
3,6,15956,0,0
4,6,15957,0,0
5,1,15958,0,0
6,2,15959,0,0
7,1,15960,0,0
0,2,15961,0,0
1,5,15962,0,0
2,7,15963,0,0
3,6,15964,0,0
4,6,15965,0,0
5,1,15966,0,0
6,2,15967,0,0
7,1,15968,0,0
0,4,15969,0,0
1,6,15970,0,0
2,7,15971,0,0
3,6,15972,0,0
4,6,15973,0,0
5,8,15974,0,0
6,2,15975,0,0
7,3,15976,0,0
0,4,15977,0,0
1,6,15978,0,0
2,7,15979,0,0
3,6,15980,0,0
4,2,15981,0,0
5,8,15982,0,0
6,2,15983,0,0
7,1,15984,0,0
0,2,15985,0,0
1,1,15986,0,0
2,7,15987,0,0
3,6,15988,0,0
4,2,15989,0,0
5,2,15990,0,0
6,2,15991,0,0
7,2,15992,0,0
0,4,15993,0,0
1,4,15994,0,0
2,8,15995,0,0
3,6,15996,0,0
4,6,15997,0,0
5,8,15998,0,0
6,2,15999,0,0
7,1,16000,0,0
0,4,16001,0,0
1,4,16002,0,0
2,1,16003,0,0
3,6,16004,0,0
4,6,16005,0,0
5,1,16006,0,0
6,2,16007,0,0
7,1,16008,0,0
0,2,16009,0,0
1,1,16010,0,0
2,2,16011,0,0
3,3,16012,0,0
4,2,16013,0,0
5,8,16014,0,0
6,2,16015,0,0
7,1,16016,0,0
0,2,16017,0,0
1,1,16018,0,0
2,2,16019,0,0
3,3,16020,0,0
4,2,16021,0,0
5,8,16022,0,0
6,2,16023,0,0
7,2,16024,0,0
0,2,16025,0,0
1,1,16026,0,0
2,2,16027,0,0
3,3,16028,0,0
4,2,16029,0,0
5,8,16030,0,0
6,2,16031,0,0
7,1,16032,0,0
0,2,16033,0,0
1,1,16034,0,0
2,2,16035,0,0
3,3,16036,0,0
4,2,16037,0,0
5,8,16038,0,0
6,2,16039,0,0
7,2,16040,0,0
0,2,16041,0,0
1,1,16042,0,0
2,8,16043,0,0
3,2,16044,0,0
4,2,16045,0,0
5,2,16046,0,0
6,2,16047,0,0
7,2,16048,0,0
0,2,16049,0,0
1,1,16050,0,0
2,8,16051,0,0
3,6,16052,0,0
4,2,16053,0,0
5,2,16054,0,0
6,2,16055,0,0
7,1,16056,0,0
0,2,16057,0,0
1,1,16058,0,0
2,7,16059,0,0
3,3,16060,0,0
4,2,16061,0,0
5,8,16062,0,0
6,2,16063,0,0
7,1,16064,0,0
0,2,16065,0,0
1,1,16066,0,0
2,7,16067,0,0
3,3,16068,0,0
4,1,16069,0,0
5,8,16070,0,0
6,8,16071,0,0
7,1,16072,0,0
0,2,16073,0,0
1,1,16074,0,0
2,7,16075,0,0
3,3,16076,0,0
4,2,16077,0,0
5,8,16078,0,0
6,8,16079,0,0
7,1,16080,0,0
0,2,16081,0,0
1,1,16082,0,0
2,6,16083,0,0
3,3,16084,0,0
4,2,16085,0,0
5,2,16086,0,0
6,2,16087,0,0
7,3,16088,0,0
0,2,16089,0,0
1,1,16090,0,0
2,7,16091,0,0
3,3,16092,0,0
4,2,16093,0,0
5,2,16094,0,0
6,2,16095,0,0
7,3,16096,0,0
0,2,16097,0,0
1,1,16098,0,0
2,7,16099,0,0
3,3,16100,0,0
4,2,16101,0,0
5,1,16102,0,0
6,2,16103,0,0
7,2,16104,0,0
0,2,16105,0,0
1,1,16106,0,0
2,7,16107,0,0
3,2,16108,0,0
4,2,16109,0,0
5,1,16110,0,0
6,2,16111,0,0
7,2,16112,0,0
0,2,16113,0,0
1,1,16114,0,0
2,7,16115,0,0
3,2,16116,0,0
4,2,16117,0,0
5,2,16118,0,0
6,2,16119,0,0
7,2,16120,0,0
0,2,16121,0,0
1,1,16122,0,0
2,7,16123,0,0
3,2,16124,0,0
4,2,16125,0,0
5,2,16126,0,0
6,2,16127,0,0
7,1,16128,0,0
0,2,16129,0,0
1,1,16130,0,0
2,7,16131,0,0
3,2,16132,0,0
4,2,16133,0,0
5,2,16134,0,0
6,2,16135,0,0
7,2,16136,0,0
0,2,16137,0,0
1,1,16138,0,0
2,2,16139,0,0
3,2,16140,0,0
4,2,16141,0,0
5,8,16142,0,0
6,2,16143,0,0
7,2,16144,0,0
0,2,16145,0,0
1,1,16146,0,0
2,7,16147,0,0
3,3,16148,0,0
4,2,16149,0,0
5,8,16150,0,0
6,2,16151,0,0
7,2,16152,0,0
0,2,16153,0,0
1,1,16154,0,0
2,2,16155,0,0
3,2,16156,0,0
4,2,16157,0,0
5,8,16158,0,0
6,2,16159,0,0
7,2,16160,0,0
0,2,16161,0,0
1,1,16162,0,0
2,8,16163,0,0
3,2,16164,0,0
4,2,16165,0,0
5,8,16166,0,0
6,2,16167,0,0
7,2,16168,0,0
0,2,16169,0,0
1,1,16170,0,0
2,8,16171,0,0
3,2,16172,0,0
4,4,16173,0,0
5,8,16174,0,0
6,2,16175,0,0
7,2,16176,0,0
0,2,16177,0,0
1,1,16178,0,0
2,8,16179,0,0
3,3,16180,0,0
4,4,16181,0,0
5,8,16182,0,0
6,8,16183,0,0
7,2,16184,0,0
0,2,16185,0,0
1,1,16186,0,0
2,8,16187,0,0
3,3,16188,0,0
4,2,16189,0,0
5,2,16190,0,0
6,2,16191,0,0
7,2,16192,0,0
0,2,16193,0,0
1,1,16194,0,0
2,1,16195,0,0
3,6,16196,0,0
4,2,16197,0,0
5,2,16198,0,0
6,8,16199,0,0
7,1,16200,0,0
0,2,16201,0,0
1,7,16202,0,0
2,2,16203,0,0
3,2,16204,0,0
4,1,16205,0,0
5,2,16206,0,0
6,2,16207,0,0
7,1,16208,0,0
0,2,16209,0,0
1,7,16210,0,0
2,2,16211,0,0
3,2,16212,0,0
4,1,16213,0,0
5,2,16214,0,0
6,8,16215,0,0
7,1,16216,0,0
0,2,16217,0,0
1,1,16218,0,0
2,8,16219,0,0
3,1,16220,0,0
4,4,16221,0,0
5,2,16222,0,0
6,8,16223,0,0
7,1,16224,0,0
0,2,16225,0,0
1,7,16226,0,0
2,8,16227,0,0
3,3,16228,0,0
4,1,16229,0,0
5,2,16230,0,0
6,1,16231,0,0
7,1,16232,0,0
0,2,16233,0,0
1,6,16234,0,0
2,8,16235,0,0
3,2,16236,0,0
4,1,16237,0,0
5,7,16238,0,0
6,8,16239,0,0
7,2,16240,0,0
0,3,16241,0,0
1,3,16242,0,0
2,1,16243,0,0
3,2,16244,0,0
4,1,16245,0,0
5,7,16246,0,0
6,1,16247,0,0
7,0,16248,0,0
0,2,16249,0,0
1,5,16250,0,0
2,1,16251,0,0
3,2,16252,0,0
4,1,16253,0,0
5,7,16254,0,0
6,1,16255,0,0
7,0,16256,0,0
0,2,16257,0,0
1,4,16258,0,0
2,1,16259,0,0
3,2,16260,0,0
4,4,16261,0,0
5,7,16262,0,0
6,1,16263,0,0
7,0,16264,0,0
0,2,16265,0,0
1,5,16266,0,0
2,1,16267,0,0
3,2,16268,0,0
4,4,16269,0,0
5,7,16270,0,0
6,1,16271,0,0
7,0,16272,0,0
0,2,16273,0,0
1,3,16274,0,0
2,8,16275,0,0
3,2,16276,0,0
4,4,16277,0,0
5,8,16278,0,0
6,1,16279,0,0
7,1,16280,0,0
0,2,16281,0,0
1,3,16282,0,0
2,1,16283,0,0
3,1,16284,0,0
4,4,16285,0,0
5,8,16286,0,0
6,1,16287,0,0
7,1,16288,0,0
0,2,16289,0,0
1,7,16290,0,0
2,1,16291,0,0
3,2,16292,0,0
4,4,16293,0,0
5,7,16294,0,0
6,8,16295,0,0
7,1,16296,0,0
0,2,16297,0,0
1,5,16298,0,0
2,1,16299,0,0
3,2,16300,0,0
4,4,16301,0,0
5,7,16302,0,0
6,8,16303,0,0
7,1,16304,0,0
0,2,16305,0,0
1,5,16306,0,0
2,1,16307,0,0
3,2,16308,0,0
4,4,16309,0,0
5,7,16310,0,0
6,8,16311,0,0
7,1,16312,0,0
0,2,16313,0,0
1,6,16314,0,0
2,1,16315,0,0
3,2,16316,0,0
4,4,16317,0,0
5,7,16318,0,0
6,8,16319,0,0
7,1,16320,0,0
0,2,16321,0,0
1,5,16322,0,0
2,8,16323,0,0
3,1,16324,0,0
4,4,16325,0,0
5,7,16326,0,0
6,8,16327,0,0
7,0,16328,0,0
0,2,16329,0,0
1,5,16330,0,0
2,8,16331,0,0
3,1,16332,0,0
4,4,16333,0,0
5,7,16334,0,0
6,8,16335,0,0
7,0,16336,0,0
0,2,16337,0,0
1,5,16338,0,0
2,8,16339,0,0
3,2,16340,0,0
4,4,16341,0,0
5,7,16342,0,0
6,8,16343,0,0
7,1,16344,0,0
0,5,16345,0,0
1,5,16346,0,0
2,8,16347,0,0
3,2,16348,0,0
4,4,16349,0,0
5,1,16350,0,0
6,8,16351,0,0
7,1,16352,0,0
0,2,16353,0,0
1,5,16354,0,0
2,8,16355,0,0
3,2,16356,0,0
4,4,16357,0,0
5,1,16358,0,0
6,8,16359,0,0
7,1,16360,0,0
0,3,16361,0,0
1,5,16362,0,0
2,8,16363,0,0
3,2,16364,0,0
4,4,16365,0,0
5,1,16366,0,0
6,1,16367,0,0
7,1,16368,0,0
0,2,16369,0,0
1,7,16370,0,0
2,8,16371,0,0
3,2,16372,0,0
4,4,16373,0,0
5,1,16374,0,0
6,8,16375,0,0
7,1,16376,0,0
0,2,16377,0,0
1,7,16378,0,0
2,8,16379,0,0
3,2,16380,0,0
4,4,16381,0,0
5,7,16382,0,0
6,8,16383,0,0
7,1,16384,0,0
0,2,16385,0,0
1,1,16386,0,0
2,8,16387,0,0
3,2,16388,0,0
4,4,16389,0,0
5,7,16390,0,0
6,8,16391,0,0
7,2,16392,0,0
0,2,16393,0,0
1,1,16394,0,0
2,8,16395,0,0
3,2,16396,0,0
4,6,16397,0,0
5,7,16398,0,0
6,8,16399,0,0
7,2,16400,0,0
0,3,16401,0,0
1,1,16402,0,0
2,8,16403,0,0
3,2,16404,0,0
4,4,16405,0,0
5,7,16406,0,0
6,8,16407,0,0
7,2,16408,0,0
0,3,16409,0,0
1,1,16410,0,0
2,8,16411,0,0
3,2,16412,0,0
4,4,16413,0,0
5,7,16414,0,0
6,8,16415,0,0
7,2,16416,0,0
0,2,16417,0,0
1,1,16418,0,0
2,8,16419,0,0
3,2,16420,0,0
4,4,16421,0,0
5,7,16422,0,0
6,8,16423,0,0
7,1,16424,0,0
0,2,16425,0,0
1,7,16426,0,0
2,8,16427,0,0
3,1,16428,0,0
4,4,16429,0,0
5,7,16430,0,0
6,8,16431,0,0
7,1,16432,0,0
0,2,16433,0,0
1,7,16434,0,0
2,8,16435,0,0
3,1,16436,0,0
4,4,16437,0,0
5,7,16438,0,0
6,8,16439,0,0
7,2,16440,0,0
0,2,16441,0,0
1,4,16442,0,0
2,8,16443,0,0
3,1,16444,0,0
4,4,16445,0,0
5,7,16446,0,0
6,0,16447,0,0
7,1,16448,0,0
0,2,16449,0,0
1,4,16450,0,0
2,8,16451,0,0
3,1,16452,0,0
4,4,16453,0,0
5,7,16454,0,0
6,0,16455,0,0
7,1,16456,0,0
0,2,16457,0,0
1,1,16458,0,0
2,8,16459,0,0
3,1,16460,0,0
4,1,16461,0,0
5,7,16462,0,0
6,8,16463,0,0
7,1,16464,0,0
0,2,16465,0,0
1,1,16466,0,0
2,8,16467,0,0
3,1,16468,0,0
4,1,16469,0,0
5,1,16470,0,0
6,1,16471,0,0
7,1,16472,0,0
0,2,16473,0,0
1,7,16474,0,0
2,8,16475,0,0
3,1,16476,0,0
4,1,16477,0,0
5,8,16478,0,0
6,1,16479,0,0
7,1,16480,0,0
0,3,16481,0,0
1,7,16482,0,0
2,8,16483,0,0
3,1,16484,0,0
4,4,16485,0,0
5,7,16486,0,0
6,1,16487,0,0
7,1,16488,0,0
0,2,16489,0,0
1,1,16490,0,0
2,8,16491,0,0
3,1,16492,0,0
4,4,16493,0,0
5,7,16494,0,0
6,1,16495,0,0
7,1,16496,0,0
0,2,16497,0,0
1,1,16498,0,0
2,8,16499,0,0
3,1,16500,0,0
4,1,16501,0,0
5,7,16502,0,0
6,1,16503,0,0
7,1,16504,0,0
0,2,16505,0,0
1,1,16506,0,0
2,8,16507,0,0
3,1,16508,0,0
4,2,16509,0,0
5,7,16510,0,0
6,1,16511,0,0
7,1,16512,0,0
0,3,16513,0,0
1,3,16514,0,0
2,8,16515,0,0
3,1,16516,0,0
4,1,16517,0,0
5,7,16518,0,0
6,1,16519,0,0
7,1,16520,0,0
0,3,16521,0,0
1,3,16522,0,0
2,8,16523,0,0
3,1,16524,0,0
4,1,16525,0,0
5,1,16526,0,0
6,0,16527,0,0
7,1,16528,0,0
0,2,16529,0,0
1,3,16530,0,0
2,8,16531,0,0
3,1,16532,0,0
4,1,16533,0,0
5,1,16534,0,0
6,0,16535,0,0
7,1,16536,0,0
0,2,16537,0,0
1,3,16538,0,0
2,8,16539,0,0
3,1,16540,0,0
4,1,16541,0,0
5,1,16542,0,0
6,4,16543,0,0
7,1,16544,0,0
0,2,16545,0,0
1,3,16546,0,0
2,8,16547,0,0
3,1,16548,0,0
4,1,16549,0,0
5,1,16550,0,0
6,4,16551,0,0
7,1,16552,0,0
0,2,16553,0,0
1,1,16554,0,0
2,8,16555,0,0
3,1,16556,0,0
4,1,16557,0,0
5,1,16558,0,0
6,0,16559,0,0
7,1,16560,0,0
0,2,16561,0,0
1,1,16562,0,0
2,8,16563,0,0
3,1,16564,0,0
4,1,16565,0,0
5,7,16566,0,0
6,0,16567,0,0
7,1,16568,0,0
0,3,16569,0,0
1,1,16570,0,0
2,8,16571,0,0
3,1,16572,0,0
4,1,16573,0,0
5,7,16574,0,0
6,0,16575,0,0
7,1,16576,0,0
0,3,16577,0,0
1,1,16578,0,0
2,8,16579,0,0
3,1,16580,0,0
4,1,16581,0,0
5,7,16582,0,0
6,8,16583,0,0
7,1,16584,0,0
0,2,16585,0,0
1,1,16586,0,0
2,8,16587,0,0
3,1,16588,0,0
4,1,16589,0,0
5,7,16590,0,0
6,8,16591,0,0
7,1,16592,0,0
0,2,16593,0,0
1,1,16594,0,0
2,8,16595,0,0
3,1,16596,0,0
4,1,16597,0,0
5,7,16598,0,0
6,8,16599,0,0
7,1,16600,0,0
0,2,16601,0,0
1,1,16602,0,0
2,8,16603,0,0
3,1,16604,0,0
4,1,16605,0,0
5,7,16606,0,0
6,8,16607,0,0
7,1,16608,0,0
0,2,16609,0,0
1,1,16610,0,0
2,8,16611,0,0
3,6,16612,0,0
4,1,16613,0,0
5,1,16614,0,0
6,1,16615,0,0
7,1,16616,0,0
0,2,16617,0,0
1,1,16618,0,0
2,8,16619,0,0
3,6,16620,0,0
4,1,16621,0,0
5,1,16622,0,0
6,1,16623,0,0
7,1,16624,0,0
0,2,16625,0,0
1,1,16626,0,0
2,8,16627,0,0
3,1,16628,0,0
4,1,16629,0,0
5,1,16630,0,0
6,1,16631,0,0
7,1,16632,0,0
0,2,16633,0,0
1,1,16634,0,0
2,8,16635,0,0
3,1,16636,0,0
4,1,16637,0,0
5,1,16638,0,0
6,1,16639,0,0
7,1,16640,0,0
0,2,16641,0,0
1,1,16642,0,0
2,8,16643,0,0
3,1,16644,0,0
4,1,16645,0,0
5,1,16646,0,0
6,8,16647,0,0
7,1,16648,0,0
0,2,16649,0,0
1,1,16650,0,0
2,8,16651,0,0
3,1,16652,0,0
4,1,16653,0,0
5,1,16654,0,0
6,8,16655,0,0
7,1,16656,0,0
0,2,16657,0,0
1,1,16658,0,0
2,8,16659,0,0
3,1,16660,0,0
4,1,16661,0,0
5,1,16662,0,0
6,1,16663,0,0
7,1,16664,0,0
0,2,16665,0,0
1,1,16666,0,0
2,8,16667,0,0
3,1,16668,0,0
4,1,16669,0,0
5,1,16670,0,0
6,1,16671,0,0
7,1,16672,0,0
0,2,16673,0,0
1,1,16674,0,0
2,8,16675,0,0
3,1,16676,0,0
4,1,16677,0,0
5,1,16678,0,0
6,8,16679,0,0
7,1,16680,0,0
0,2,16681,0,0
1,1,16682,0,0
2,8,16683,0,0
3,1,16684,0,0
4,1,16685,0,0
5,1,16686,0,0
6,8,16687,0,0
7,1,16688,0,0
0,2,16689,0,0
1,1,16690,0,0
2,8,16691,0,0
3,1,16692,0,0
4,1,16693,0,0
5,1,16694,0,0
6,8,16695,0,0
7,1,16696,0,0
0,2,16697,0,0
1,1,16698,0,0
2,8,16699,0,0
3,1,16700,0,0
4,4,16701,0,0
5,1,16702,0,0
6,8,16703,0,0
7,4,16704,0,0
0,2,16705,0,0
1,1,16706,0,0
2,8,16707,0,0
3,1,16708,0,0
4,4,16709,0,0
5,1,16710,0,0
6,8,16711,0,0
7,4,16712,0,0
0,2,16713,0,0
1,6,16714,0,0
2,1,16715,0,0
3,2,16716,0,0
4,4,16717,0,0
5,1,16718,0,0
6,1,16719,0,0
7,5,16720,0,0
0,2,16721,0,0
1,7,16722,0,0
2,1,16723,0,0
3,2,16724,0,0
4,4,16725,0,0
5,1,16726,0,0
6,1,16727,0,0
7,5,16728,0,0
0,2,16729,0,0
1,7,16730,0,0
2,8,16731,0,0
3,2,16732,0,0
4,4,16733,0,0
5,1,16734,0,0
6,1,16735,0,0
7,4,16736,0,0
0,3,16737,0,0
1,7,16738,0,0
2,8,16739,0,0
3,1,16740,0,0
4,4,16741,0,0
5,1,16742,0,0
6,1,16743,0,0
7,4,16744,0,0
0,3,16745,0,0
1,6,16746,0,0
2,8,16747,0,0
3,1,16748,0,0
4,4,16749,0,0
5,1,16750,0,0
6,0,16751,0,0
7,4,16752,0,0
0,3,16753,0,0
1,7,16754,0,0
2,8,16755,0,0
3,1,16756,0,0
4,4,16757,0,0
5,1,16758,0,0
6,0,16759,0,0
7,4,16760,0,0
0,2,16761,0,0
1,1,16762,0,0
2,8,16763,0,0
3,1,16764,0,0
4,4,16765,0,0
5,1,16766,0,0
6,0,16767,0,0
7,4,16768,0,0
0,3,16769,0,0
1,1,16770,0,0
2,8,16771,0,0
3,1,16772,0,0
4,4,16773,0,0
5,8,16774,0,0
6,0,16775,0,0
7,4,16776,0,0
0,3,16777,0,0
1,1,16778,0,0
2,8,16779,0,0
3,1,16780,0,0
4,4,16781,0,0
5,7,16782,0,0
6,0,16783,0,0
7,4,16784,0,0
0,3,16785,0,0
1,1,16786,0,0
2,8,16787,0,0
3,5,16788,0,0
4,4,16789,0,0
5,7,16790,0,0
6,0,16791,0,0
7,4,16792,0,0
0,3,16793,0,0
1,1,16794,0,0
2,8,16795,0,0
3,5,16796,0,0
4,4,16797,0,0
5,5,16798,0,0
6,8,16799,0,0
7,4,16800,0,0
0,2,16801,0,0
1,1,16802,0,0
2,8,16803,0,0
3,5,16804,0,0
4,4,16805,0,0
5,5,16806,0,0
6,8,16807,0,0
7,5,16808,0,0
0,3,16809,0,0
1,1,16810,0,0
2,8,16811,0,0
3,7,16812,0,0
4,4,16813,0,0
5,3,16814,0,0
6,8,16815,0,0
7,4,16816,0,0
0,6,16817,0,0
1,1,16818,0,0
2,8,16819,0,0
3,5,16820,0,0
4,4,16821,0,0
5,4,16822,0,0
6,4,16823,0,0
7,4,16824,0,0
0,4,16825,0,0
1,1,16826,0,0
2,8,16827,0,0
3,1,16828,0,0
4,4,16829,0,0
5,4,16830,0,0
6,4,16831,0,0
7,5,16832,0,0
0,2,16833,0,0
1,1,16834,0,0
2,8,16835,0,0
3,1,16836,0,0
4,1,16837,0,0
5,5,16838,0,0
6,0,16839,0,0
7,5,16840,0,0
0,2,16841,0,0
1,1,16842,0,0
2,8,16843,0,0
3,1,16844,0,0
4,6,16845,0,0
5,5,16846,0,0
6,0,16847,0,0
7,5,16848,0,0
0,2,16849,0,0
1,1,16850,0,0
2,7,16851,0,0
3,1,16852,0,0
4,6,16853,0,0
5,5,16854,0,0
6,0,16855,0,0
7,4,16856,0,0
0,6,16857,0,0
1,1,16858,0,0
2,1,16859,0,0
3,1,16860,0,0
4,7,16861,0,0
5,5,16862,0,0
6,4,16863,0,0
7,4,16864,0,0
0,6,16865,0,0
1,1,16866,0,0
2,6,16867,0,0
3,1,16868,0,0
4,7,16869,0,0
5,4,16870,0,0
6,4,16871,0,0
7,6,16872,0,0
0,6,16873,0,0
1,1,16874,0,0
2,6,16875,0,0
3,6,16876,0,0
4,7,16877,0,0
5,4,16878,0,0
6,4,16879,0,0
7,6,16880,0,0
0,5,16881,0,0
1,6,16882,0,0
2,6,16883,0,0
3,6,16884,0,0
4,6,16885,0,0
5,4,16886,0,0
6,4,16887,0,0
7,6,16888,0,0
0,5,16889,0,0
1,6,16890,0,0
2,6,16891,0,0
3,6,16892,0,0
4,6,16893,0,0
5,4,16894,0,0
6,6,16895,0,0
7,6,16896,0,0
0,6,16897,0,0
1,5,16898,0,0
2,7,16899,0,0
3,6,16900,0,0
4,8,16901,0,0
5,4,16902,0,0
6,4,16903,0,0
7,6,16904,0,0
0,5,16905,0,0
1,6,16906,0,0
2,5,16907,0,0
3,6,16908,0,0
4,8,16909,0,0
5,4,16910,0,0
6,4,16911,0,0
7,6,16912,0,0
0,5,16913,0,0
1,6,16914,0,0
2,4,16915,0,0
3,6,16916,0,0
4,7,16917,0,0
5,4,16918,0,0
6,4,16919,0,0
7,6,16920,0,0
0,5,16921,0,0
1,6,16922,0,0
2,4,16923,0,0
3,6,16924,0,0
4,6,16925,0,0
5,4,16926,0,0
6,4,16927,0,0
7,6,16928,0,0
0,5,16929,0,0
1,7,16930,0,0
2,5,16931,0,0
3,6,16932,0,0
4,6,16933,0,0
5,4,16934,0,0
6,4,16935,0,0
7,2,16936,0,0
0,4,16937,0,0
1,6,16938,0,0
2,4,16939,0,0
3,6,16940,0,0
4,7,16941,0,0
5,5,16942,0,0
6,4,16943,0,0
7,4,16944,0,0
0,2,16945,0,0
1,5,16946,0,0
2,4,16947,0,0
3,6,16948,0,0
4,7,16949,0,0
5,7,16950,0,0
6,4,16951,0,0
7,5,16952,0,0
0,3,16953,0,0
1,6,16954,0,0
2,4,16955,0,0
3,6,16956,0,0
4,6,16957,0,0
5,7,16958,0,0
6,4,16959,0,0
7,5,16960,0,0
0,3,16961,0,0
1,6,16962,0,0
2,5,16963,0,0
3,6,16964,0,0
4,7,16965,0,0
5,5,16966,0,0
6,4,16967,0,0
7,4,16968,0,0
0,3,16969,0,0
1,5,16970,0,0
2,5,16971,0,0
3,6,16972,0,0
4,6,16973,0,0
5,4,16974,0,0
6,4,16975,0,0
7,4,16976,0,0
0,3,16977,0,0
1,5,16978,0,0
2,4,16979,0,0
3,6,16980,0,0
4,6,16981,0,0
5,7,16982,0,0
6,4,16983,0,0
7,4,16984,0,0
0,2,16985,0,0
1,5,16986,0,0
2,7,16987,0,0
3,6,16988,0,0
4,8,16989,0,0
5,7,16990,0,0
6,6,16991,0,0
7,4,16992,0,0
0,2,16993,0,0
1,5,16994,0,0
2,7,16995,0,0
3,6,16996,0,0
4,1,16997,0,0
5,7,16998,0,0
6,6,16999,0,0
7,4,17000,0,0
0,2,17001,0,0
1,5,17002,0,0
2,7,17003,0,0
3,6,17004,0,0
4,1,17005,0,0
5,4,17006,0,0
6,6,17007,0,0
7,4,17008,0,0
0,2,17009,0,0
1,5,17010,0,0
2,6,17011,0,0
3,5,17012,0,0
4,7,17013,0,0
5,7,17014,0,0
6,4,17015,0,0
7,4,17016,0,0
0,4,17017,0,0
1,6,17018,0,0
2,7,17019,0,0
3,5,17020,0,0
4,6,17021,0,0
5,4,17022,0,0
6,6,17023,0,0
7,4,17024,0,0
0,4,17025,0,0
1,6,17026,0,0
2,6,17027,0,0
3,7,17028,0,0
4,6,17029,0,0
5,4,17030,0,0
6,6,17031,0,0
7,4,17032,0,0
0,2,17033,0,0
1,6,17034,0,0
2,5,17035,0,0
3,7,17036,0,0
4,6,17037,0,0
5,4,17038,0,0
6,6,17039,0,0
7,4,17040,0,0
0,2,17041,0,0
1,6,17042,0,0
2,5,17043,0,0
3,7,17044,0,0
4,6,17045,0,0
5,4,17046,0,0
6,6,17047,0,0
7,4,17048,0,0
0,2,17049,0,0
1,5,17050,0,0
2,6,17051,0,0
3,6,17052,0,0
4,6,17053,0,0
5,4,17054,0,0
6,6,17055,0,0
7,6,17056,0,0
0,6,17057,0,0
1,6,17058,0,0
2,6,17059,0,0
3,5,17060,0,0
4,6,17061,0,0
5,4,17062,0,0
6,6,17063,0,0
7,6,17064,0,0
0,6,17065,0,0
1,6,17066,0,0
2,6,17067,0,0
3,5,17068,0,0
4,6,17069,0,0
5,5,17070,0,0
6,6,17071,0,0
7,6,17072,0,0
0,6,17073,0,0
1,6,17074,0,0
2,6,17075,0,0
3,6,17076,0,0
4,6,17077,0,0
5,4,17078,0,0
6,6,17079,0,0
7,6,17080,0,0
0,6,17081,0,0
1,6,17082,0,0
2,6,17083,0,0
3,6,17084,0,0
4,7,17085,0,0
5,4,17086,0,0
6,6,17087,0,0
7,6,17088,0,0
0,6,17089,0,0
1,6,17090,0,0
2,6,17091,0,0
3,5,17092,0,0
4,7,17093,0,0
5,4,17094,0,0
6,5,17095,0,0
7,6,17096,0,0
0,5,17097,0,0
1,5,17098,0,0
2,6,17099,0,0
3,7,17100,0,0
4,7,17101,0,0
5,4,17102,0,0
6,5,17103,0,0
7,6,17104,0,0
0,5,17105,0,0
1,5,17106,0,0
2,6,17107,0,0
3,5,17108,0,0
4,1,17109,0,0
5,5,17110,0,0
6,6,17111,0,0
7,4,17112,0,0
0,6,17113,0,0
1,6,17114,0,0
2,6,17115,0,0
3,5,17116,0,0
4,2,17117,0,0
5,8,17118,0,0
6,4,17119,0,0
7,4,17120,0,0
0,4,17121,0,0
1,6,17122,0,0
2,6,17123,0,0
3,5,17124,0,0
4,1,17125,0,0
5,5,17126,0,0
6,2,17127,0,0
7,4,17128,0,0
0,2,17129,0,0
1,6,17130,0,0
2,6,17131,0,0
3,1,17132,0,0
4,1,17133,0,0
5,5,17134,0,0
6,6,17135,0,0
7,4,17136,0,0
0,2,17137,0,0
1,5,17138,0,0
2,4,17139,0,0
3,1,17140,0,0
4,1,17141,0,0
5,5,17142,0,0
6,3,17143,0,0
7,5,17144,0,0
0,2,17145,0,0
1,5,17146,0,0
2,4,17147,0,0
3,1,17148,0,0
4,1,17149,0,0
5,5,17150,0,0
6,3,17151,0,0
7,6,17152,0,0
0,2,17153,0,0
1,6,17154,0,0
2,6,17155,0,0
3,1,17156,0,0
4,1,17157,0,0
5,7,17158,0,0
6,4,17159,0,0
7,6,17160,0,0
0,2,17161,0,0
1,6,17162,0,0
2,6,17163,0,0
3,1,17164,0,0
4,7,17165,0,0
5,5,17166,0,0
6,5,17167,0,0
7,6,17168,0,0
0,6,17169,0,0
1,6,17170,0,0
2,6,17171,0,0
3,6,17172,0,0
4,7,17173,0,0
5,4,17174,0,0
6,6,17175,0,0
7,6,17176,0,0
0,6,17177,0,0
1,6,17178,0,0
2,6,17179,0,0
3,6,17180,0,0
4,7,17181,0,0
5,4,17182,0,0
6,6,17183,0,0
7,6,17184,0,0
0,6,17185,0,0
1,6,17186,0,0
2,6,17187,0,0
3,6,17188,0,0
4,6,17189,0,0
5,3,17190,0,0
6,6,17191,0,0
7,6,17192,0,0
0,6,17193,0,0
1,6,17194,0,0
2,6,17195,0,0
3,6,17196,0,0
4,7,17197,0,0
5,5,17198,0,0
6,6,17199,0,0
7,6,17200,0,0
0,6,17201,0,0
1,6,17202,0,0
2,6,17203,0,0
3,6,17204,0,0
4,6,17205,0,0
5,5,17206,0,0
6,6,17207,0,0
7,6,17208,0,0
0,6,17209,0,0
1,6,17210,0,0
2,6,17211,0,0
3,6,17212,0,0
4,6,17213,0,0
5,5,17214,0,0
6,6,17215,0,0
7,6,17216,0,0
0,6,17217,0,0
1,6,17218,0,0
2,6,17219,0,0
3,1,17220,0,0
4,6,17221,0,0
5,4,17222,0,0
6,6,17223,0,0
7,2,17224,0,0
0,5,17225,0,0
1,6,17226,0,0
2,6,17227,0,0
3,2,17228,0,0
4,8,17229,0,0
5,4,17230,0,0
6,4,17231,0,0
7,5,17232,0,0
0,5,17233,0,0
1,6,17234,0,0
2,6,17235,0,0
3,1,17236,0,0
4,7,17237,0,0
5,1,17238,0,0
6,4,17239,0,0
7,6,17240,0,0
0,7,17241,0,0
1,6,17242,0,0
2,7,17243,0,0
3,5,17244,0,0
4,7,17245,0,0
5,7,17246,0,0
6,6,17247,0,0
7,6,17248,0,0
0,7,17249,0,0
1,7,17250,0,0
2,7,17251,0,0
3,7,17252,0,0
4,7,17253,0,0
5,8,17254,0,0
6,6,17255,0,0
7,7,17256,0,0
0,7,17257,0,0
1,6,17258,0,0
2,6,17259,0,0
3,5,17260,0,0
4,7,17261,0,0
5,7,17262,0,0
6,6,17263,0,0
7,6,17264,0,0
0,7,17265,0,0
1,6,17266,0,0
2,6,17267,0,0
3,5,17268,0,0
4,7,17269,0,0
5,8,17270,0,0
6,6,17271,0,0
7,6,17272,0,0
0,6,17273,0,0
1,6,17274,0,0
2,7,17275,0,0
3,5,17276,0,0
4,6,17277,0,0
5,8,17278,0,0
6,6,17279,0,0
7,6,17280,0,0
0,6,17281,0,0
1,6,17282,0,0
2,8,17283,0,0
3,5,17284,0,0
4,7,17285,0,0
5,3,17286,0,0
6,6,17287,0,0
7,6,17288,0,0
0,6,17289,0,0
1,6,17290,0,0
2,7,17291,0,0
3,5,17292,0,0
4,7,17293,0,0
5,7,17294,0,0
6,6,17295,0,0
7,6,17296,0,0
0,5,17297,0,0
1,6,17298,0,0
2,7,17299,0,0
3,5,17300,0,0
4,1,17301,0,0
5,7,17302,0,0
6,6,17303,0,0
7,5,17304,0,0
0,6,17305,0,0
1,6,17306,0,0
2,7,17307,0,0
3,5,17308,0,0
4,4,17309,0,0
5,7,17310,0,0
6,6,17311,0,0
7,6,17312,0,0
0,6,17313,0,0
1,6,17314,0,0
2,7,17315,0,0
3,5,17316,0,0
4,4,17317,0,0
5,7,17318,0,0
6,6,17319,0,0
7,6,17320,0,0
0,7,17321,0,0
1,6,17322,0,0
2,7,17323,0,0
3,5,17324,0,0
4,1,17325,0,0
5,7,17326,0,0
6,6,17327,0,0
7,5,17328,0,0
0,7,17329,0,0
1,6,17330,0,0
2,7,17331,0,0
3,5,17332,0,0
4,1,17333,0,0
5,7,17334,0,0
6,6,17335,0,0
7,6,17336,0,0
0,6,17337,0,0
1,6,17338,0,0
2,6,17339,0,0
3,6,17340,0,0
4,6,17341,0,0
5,7,17342,0,0
6,6,17343,0,0
7,6,17344,0,0
0,6,17345,0,0
1,6,17346,0,0
2,6,17347,0,0
3,5,17348,0,0
4,6,17349,0,0
5,8,17350,0,0
6,6,17351,0,0
7,5,17352,0,0
0,6,17353,0,0
1,6,17354,0,0
2,6,17355,0,0
3,5,17356,0,0
4,7,17357,0,0
5,1,17358,0,0
6,6,17359,0,0
7,4,17360,0,0
0,6,17361,0,0
1,4,17362,0,0
2,1,17363,0,0
3,5,17364,0,0
4,7,17365,0,0
5,1,17366,0,0
6,2,17367,0,0
7,4,17368,0,0
0,6,17369,0,0
1,7,17370,0,0
2,6,17371,0,0
3,6,17372,0,0
4,8,17373,0,0
5,8,17374,0,0
6,2,17375,0,0
7,2,17376,0,0
0,6,17377,0,0
1,6,17378,0,0
2,6,17379,0,0
3,1,17380,0,0
4,8,17381,0,0
5,1,17382,0,0
6,5,17383,0,0
7,4,17384,0,0
0,7,17385,0,0
1,7,17386,0,0
2,6,17387,0,0
3,1,17388,0,0
4,7,17389,0,0
5,7,17390,0,0
6,8,17391,0,0
7,7,17392,0,0
0,6,17393,0,0
1,7,17394,0,0
2,5,17395,0,0
3,1,17396,0,0
4,8,17397,0,0
5,8,17398,0,0
6,5,17399,0,0
7,5,17400,0,0
0,6,17401,0,0
1,1,17402,0,0
2,6,17403,0,0
3,1,17404,0,0
4,8,17405,0,0
5,5,17406,0,0
6,5,17407,0,0
7,5,17408,0,0
0,6,17409,0,0
1,1,17410,0,0
2,6,17411,0,0
3,2,17412,0,0
4,7,17413,0,0
5,7,17414,0,0
6,1,17415,0,0
7,6,17416,0,0
0,7,17417,0,0
1,1,17418,0,0
2,1,17419,0,0
3,1,17420,0,0
4,7,17421,0,0
5,7,17422,0,0
6,1,17423,0,0
7,6,17424,0,0
0,7,17425,0,0
1,1,17426,0,0
2,6,17427,0,0
3,1,17428,0,0
4,7,17429,0,0
5,7,17430,0,0
6,1,17431,0,0
7,6,17432,0,0
0,7,17433,0,0
1,7,17434,0,0
2,8,17435,0,0
3,1,17436,0,0
4,7,17437,0,0
5,7,17438,0,0
6,1,17439,0,0
7,4,17440,0,0
0,7,17441,0,0
1,6,17442,0,0
2,8,17443,0,0
3,1,17444,0,0
4,1,17445,0,0
5,5,17446,0,0
6,1,17447,0,0
7,5,17448,0,0
0,6,17449,0,0
1,7,17450,0,0
2,5,17451,0,0
3,1,17452,0,0
4,1,17453,0,0
5,5,17454,0,0
6,8,17455,0,0
7,5,17456,0,0
0,6,17457,0,0
1,1,17458,0,0
2,8,17459,0,0
3,1,17460,0,0
4,1,17461,0,0
5,8,17462,0,0
6,8,17463,0,0
7,5,17464,0,0
0,5,17465,0,0
1,1,17466,0,0
2,8,17467,0,0
3,3,17468,0,0
4,1,17469,0,0
5,1,17470,0,0
6,8,17471,0,0
7,5,17472,0,0
0,5,17473,0,0
1,4,17474,0,0
2,8,17475,0,0
3,3,17476,0,0
4,4,17477,0,0
5,7,17478,0,0
6,8,17479,0,0
7,4,17480,0,0
0,5,17481,0,0
1,4,17482,0,0
2,8,17483,0,0
3,1,17484,0,0
4,1,17485,0,0
5,3,17486,0,0
6,8,17487,0,0
7,5,17488,0,0
0,8,17489,0,0
1,4,17490,0,0
2,8,17491,0,0
3,1,17492,0,0
4,1,17493,0,0
5,7,17494,0,0
6,8,17495,0,0
7,5,17496,0,0
0,6,17497,0,0
1,7,17498,0,0
2,8,17499,0,0
3,1,17500,0,0
4,7,17501,0,0
5,7,17502,0,0
6,8,17503,0,0
7,1,17504,0,0
0,5,17505,0,0
1,1,17506,0,0
2,8,17507,0,0
3,1,17508,0,0
4,1,17509,0,0
5,7,17510,0,0
6,8,17511,0,0
7,1,17512,0,0
0,5,17513,0,0
1,7,17514,0,0
2,8,17515,0,0
3,3,17516,0,0
4,1,17517,0,0
5,2,17518,0,0
6,8,17519,0,0
7,1,17520,0,0
0,5,17521,0,0
1,1,17522,0,0
2,8,17523,0,0
3,3,17524,0,0
4,1,17525,0,0
5,1,17526,0,0
6,8,17527,0,0
7,1,17528,0,0
0,6,17529,0,0
1,4,17530,0,0
2,8,17531,0,0
3,3,17532,0,0
4,1,17533,0,0
5,1,17534,0,0
6,8,17535,0,0
7,1,17536,0,0
0,5,17537,0,0
1,4,17538,0,0
2,8,17539,0,0
3,3,17540,0,0
4,1,17541,0,0
5,1,17542,0,0
6,8,17543,0,0
7,1,17544,0,0
0,3,17545,0,0
1,7,17546,0,0
2,8,17547,0,0
3,3,17548,0,0
4,1,17549,0,0
5,1,17550,0,0
6,8,17551,0,0
7,1,17552,0,0
0,3,17553,0,0
1,6,17554,0,0
2,8,17555,0,0
3,3,17556,0,0
4,1,17557,0,0
5,1,17558,0,0
6,1,17559,0,0
7,1,17560,0,0
0,3,17561,0,0
1,6,17562,0,0
2,8,17563,0,0
3,3,17564,0,0
4,1,17565,0,0
5,8,17566,0,0
6,1,17567,0,0
7,1,17568,0,0
0,4,17569,0,0
1,6,17570,0,0
2,8,17571,0,0
3,2,17572,0,0
4,1,17573,0,0
5,1,17574,0,0
6,1,17575,0,0
7,7,17576,0,0
0,6,17577,0,0
1,7,17578,0,0
2,8,17579,0,0
3,3,17580,0,0
4,4,17581,0,0
5,1,17582,0,0
6,1,17583,0,0
7,7,17584,0,0
0,6,17585,0,0
1,7,17586,0,0
2,8,17587,0,0
3,3,17588,0,0
4,4,17589,0,0
5,8,17590,0,0
6,1,17591,0,0
7,7,17592,0,0
0,2,17593,0,0
1,7,17594,0,0
2,8,17595,0,0
3,3,17596,0,0
4,1,17597,0,0
5,8,17598,0,0
6,1,17599,0,0
7,7,17600,0,0
0,6,17601,0,0
1,7,17602,0,0
2,8,17603,0,0
3,2,17604,0,0
4,1,17605,0,0
5,1,17606,0,0
6,4,17607,0,0
7,4,17608,0,0
0,6,17609,0,0
1,1,17610,0,0
2,8,17611,0,0
3,2,17612,0,0
4,1,17613,0,0
5,1,17614,0,0
6,2,17615,0,0
7,3,17616,0,0
0,6,17617,0,0
1,7,17618,0,0
2,8,17619,0,0
3,2,17620,0,0
4,1,17621,0,0
5,1,17622,0,0
6,1,17623,0,0
7,3,17624,0,0
0,6,17625,0,0
1,7,17626,0,0
2,8,17627,0,0
3,1,17628,0,0
4,1,17629,0,0
5,1,17630,0,0
6,1,17631,0,0
7,3,17632,0,0
0,6,17633,0,0
1,7,17634,0,0
2,8,17635,0,0
3,6,17636,0,0
4,1,17637,0,0
5,1,17638,0,0
6,1,17639,0,0
7,0,17640,0,0
0,6,17641,0,0
1,1,17642,0,0
2,8,17643,0,0
3,2,17644,0,0
4,1,17645,0,0
5,7,17646,0,0
6,1,17647,0,0
7,0,17648,0,0
0,6,17649,0,0
1,1,17650,0,0
2,8,17651,0,0
3,2,17652,0,0
4,1,17653,0,0
5,7,17654,0,0
6,1,17655,0,0
7,0,17656,0,0
0,6,17657,0,0
1,4,17658,0,0
2,8,17659,0,0
3,2,17660,0,0
4,1,17661,0,0
5,7,17662,0,0
6,2,17663,0,0
7,7,17664,0,0
0,6,17665,0,0
1,4,17666,0,0
2,8,17667,0,0
3,2,17668,0,0
4,1,17669,0,0
5,8,17670,0,0
6,1,17671,0,0
7,3,17672,0,0
0,6,17673,0,0
1,7,17674,0,0
2,8,17675,0,0
3,2,17676,0,0
4,1,17677,0,0
5,7,17678,0,0
6,2,17679,0,0
7,3,17680,0,0
0,6,17681,0,0
1,7,17682,0,0
2,8,17683,0,0
3,1,17684,0,0
4,4,17685,0,0
5,7,17686,0,0
6,2,17687,0,0
7,7,17688,0,0
0,6,17689,0,0
1,7,17690,0,0
2,7,17691,0,0
3,1,17692,0,0
4,4,17693,0,0
5,7,17694,0,0
6,1,17695,0,0
7,7,17696,0,0
0,5,17697,0,0
1,1,17698,0,0
2,8,17699,0,0
3,1,17700,0,0
4,4,17701,0,0
5,7,17702,0,0
6,1,17703,0,0
7,7,17704,0,0
0,4,17705,0,0
1,4,17706,0,0
2,8,17707,0,0
3,1,17708,0,0
4,4,17709,0,0
5,7,17710,0,0
6,2,17711,0,0
7,0,17712,0,0
0,4,17713,0,0
1,4,17714,0,0
2,8,17715,0,0
3,1,17716,0,0
4,1,17717,0,0
5,7,17718,0,0
6,1,17719,0,0
7,4,17720,0,0
0,6,17721,0,0
1,7,17722,0,0
2,8,17723,0,0
3,1,17724,0,0
4,1,17725,0,0
5,7,17726,0,0
6,1,17727,0,0
7,0,17728,0,0
0,5,17729,0,0
1,7,17730,0,0
2,8,17731,0,0
3,2,17732,0,0
4,1,17733,0,0
5,7,17734,0,0
6,2,17735,0,0
7,0,17736,0,0
0,5,17737,0,0
1,4,17738,0,0
2,8,17739,0,0
3,2,17740,0,0
4,6,17741,0,0
5,7,17742,0,0
6,2,17743,0,0
7,1,17744,0,0
0,6,17745,0,0
1,7,17746,0,0
2,8,17747,0,0
3,1,17748,0,0
4,6,17749,0,0
5,7,17750,0,0
6,2,17751,0,0
7,4,17752,0,0
0,4,17753,0,0
1,6,17754,0,0
2,8,17755,0,0
3,3,17756,0,0
4,2,17757,0,0
5,8,17758,0,0
6,2,17759,0,0
7,0,17760,0,0
0,6,17761,0,0
1,7,17762,0,0
2,8,17763,0,0
3,3,17764,0,0
4,4,17765,0,0
5,5,17766,0,0
6,1,17767,0,0
7,0,17768,0,0
0,6,17769,0,0
1,7,17770,0,0
2,8,17771,0,0
3,2,17772,0,0
4,4,17773,0,0
5,7,17774,0,0
6,1,17775,0,0
7,0,17776,0,0
0,2,17777,0,0
1,7,17778,0,0
2,8,17779,0,0
3,3,17780,0,0
4,2,17781,0,0
5,5,17782,0,0
6,1,17783,0,0
7,0,17784,0,0
0,5,17785,0,0
1,7,17786,0,0
2,8,17787,0,0
3,3,17788,0,0
4,2,17789,0,0
5,5,17790,0,0
6,1,17791,0,0
7,5,17792,0,0
0,5,17793,0,0
1,7,17794,0,0
2,8,17795,0,0
3,2,17796,0,0
4,2,17797,0,0
5,1,17798,0,0
6,1,17799,0,0
7,5,17800,0,0
0,6,17801,0,0
1,7,17802,0,0
2,8,17803,0,0
3,2,17804,0,0
4,2,17805,0,0
5,1,17806,0,0
6,2,17807,0,0
7,5,17808,0,0
0,6,17809,0,0
1,4,17810,0,0
2,8,17811,0,0
3,2,17812,0,0
4,2,17813,0,0
5,1,17814,0,0
6,2,17815,0,0
7,1,17816,0,0
0,6,17817,0,0
1,7,17818,0,0
2,8,17819,0,0
3,2,17820,0,0
4,2,17821,0,0
5,7,17822,0,0
6,1,17823,0,0
7,1,17824,0,0
0,6,17825,0,0
1,1,17826,0,0
2,8,17827,0,0
3,2,17828,0,0
4,6,17829,0,0
5,1,17830,0,0
6,2,17831,0,0
7,1,17832,0,0
0,6,17833,0,0
1,7,17834,0,0
2,8,17835,0,0
3,2,17836,0,0
4,6,17837,0,0
5,7,17838,0,0
6,2,17839,0,0
7,1,17840,0,0
0,6,17841,0,0
1,7,17842,0,0
2,8,17843,0,0
3,2,17844,0,0
4,6,17845,0,0
5,7,17846,0,0
6,2,17847,0,0
7,1,17848,0,0
0,6,17849,0,0
1,7,17850,0,0
2,8,17851,0,0
3,3,17852,0,0
4,6,17853,0,0
5,7,17854,0,0
6,2,17855,0,0
7,1,17856,0,0
0,6,17857,0,0
1,7,17858,0,0
2,8,17859,0,0
3,3,17860,0,0
4,6,17861,0,0
5,7,17862,0,0
6,2,17863,0,0
7,1,17864,0,0
0,7,17865,0,0
1,7,17866,0,0
2,8,17867,0,0
3,2,17868,0,0
4,1,17869,0,0
5,7,17870,0,0
6,2,17871,0,0
7,1,17872,0,0
0,8,17873,0,0
1,7,17874,0,0
2,1,17875,0,0
3,3,17876,0,0
4,7,17877,0,0
5,7,17878,0,0
6,2,17879,0,0
7,7,17880,0,0
0,8,17881,0,0
1,7,17882,0,0
2,2,17883,0,0
3,3,17884,0,0
4,7,17885,0,0
5,7,17886,0,0
6,2,17887,0,0
7,7,17888,0,0
0,5,17889,0,0
1,8,17890,0,0
2,2,17891,0,0
3,3,17892,0,0
4,8,17893,0,0
5,2,17894,0,0
6,2,17895,0,0
7,7,17896,0,0
0,8,17897,0,0
1,1,17898,0,0
2,2,17899,0,0
3,3,17900,0,0
4,7,17901,0,0
5,8,17902,0,0
6,8,17903,0,0
7,7,17904,0,0
0,8,17905,0,0
1,1,17906,0,0
2,2,17907,0,0
3,2,17908,0,0
4,8,17909,0,0
5,7,17910,0,0
6,8,17911,0,0
7,7,17912,0,0
0,8,17913,0,0
1,1,17914,0,0
2,8,17915,0,0
3,2,17916,0,0
4,8,17917,0,0
5,8,17918,0,0
6,8,17919,0,0
7,0,17920,0,0
0,8,17921,0,0
1,1,17922,0,0
2,6,17923,0,0
3,2,17924,0,0
4,8,17925,0,0
5,4,17926,0,0
6,8,17927,0,0
7,7,17928,0,0
0,8,17929,0,0
1,1,17930,0,0
2,1,17931,0,0
3,1,17932,0,0
4,7,17933,0,0
5,4,17934,0,0
6,8,17935,0,0
7,7,17936,0,0
0,5,17937,0,0
1,1,17938,0,0
2,1,17939,0,0
3,1,17940,0,0
4,6,17941,0,0
5,4,17942,0,0
6,8,17943,0,0
7,7,17944,0,0
0,5,17945,0,0
1,1,17946,0,0
2,8,17947,0,0
3,1,17948,0,0
4,8,17949,0,0
5,3,17950,0,0
6,8,17951,0,0
7,0,17952,0,0
0,5,17953,0,0
1,1,17954,0,0
2,8,17955,0,0
3,1,17956,0,0
4,6,17957,0,0
5,3,17958,0,0
6,8,17959,0,0
7,5,17960,0,0
0,8,17961,0,0
1,1,17962,0,0
2,8,17963,0,0
3,2,17964,0,0
4,8,17965,0,0
5,3,17966,0,0
6,8,17967,0,0
7,1,17968,0,0
0,8,17969,0,0
1,1,17970,0,0
2,8,17971,0,0
3,2,17972,0,0
4,8,17973,0,0
5,3,17974,0,0
6,8,17975,0,0
7,1,17976,0,0
0,8,17977,0,0
1,1,17978,0,0
2,8,17979,0,0
3,2,17980,0,0
4,8,17981,0,0
5,3,17982,0,0
6,8,17983,0,0
7,1,17984,0,0
0,8,17985,0,0
1,1,17986,0,0
2,8,17987,0,0
3,2,17988,0,0
4,8,17989,0,0
5,8,17990,0,0
6,8,17991,0,0
7,1,17992,0,0
0,2,17993,0,0
1,1,17994,0,0
2,8,17995,0,0
3,2,17996,0,0
4,4,17997,0,0
5,8,17998,0,0
6,8,17999,0,0
7,1,18000,0,0
0,2,18001,0,0
1,1,18002,0,0
2,1,18003,0,0
3,2,18004,0,0
4,4,18005,0,0
5,8,18006,0,0
6,8,18007,0,0
7,2,18008,0,0
0,2,18009,0,0
1,1,18010,0,0
2,2,18011,0,0
3,2,18012,0,0
4,4,18013,0,0
5,8,18014,0,0
6,8,18015,0,0
7,2,18016,0,0
0,2,18017,0,0
1,1,18018,0,0
2,8,18019,0,0
3,3,18020,0,0
4,4,18021,0,0
5,8,18022,0,0
6,0,18023,0,0
7,1,18024,0,0
0,2,18025,0,0
1,1,18026,0,0
2,8,18027,0,0
3,2,18028,0,0
4,2,18029,0,0
5,8,18030,0,0
6,0,18031,0,0
7,2,18032,0,0
0,2,18033,0,0
1,1,18034,0,0
2,8,18035,0,0
3,2,18036,0,0
4,2,18037,0,0
5,8,18038,0,0
6,0,18039,0,0
7,1,18040,0,0
0,2,18041,0,0
1,1,18042,0,0
2,8,18043,0,0
3,3,18044,0,0
4,2,18045,0,0
5,3,18046,0,0
6,0,18047,0,0
7,1,18048,0,0
0,2,18049,0,0
1,6,18050,0,0
2,8,18051,0,0
3,3,18052,0,0
4,4,18053,0,0
5,7,18054,0,0
6,0,18055,0,0
7,4,18056,0,0
0,2,18057,0,0
1,6,18058,0,0
2,8,18059,0,0
3,3,18060,0,0
4,2,18061,0,0
5,7,18062,0,0
6,8,18063,0,0
7,7,18064,0,0
0,3,18065,0,0
1,7,18066,0,0
2,8,18067,0,0
3,1,18068,0,0
4,2,18069,0,0
5,3,18070,0,0
6,8,18071,0,0
7,3,18072,0,0
0,6,18073,0,0
1,7,18074,0,0
2,2,18075,0,0
3,1,18076,0,0
4,7,18077,0,0
5,3,18078,0,0
6,8,18079,0,0
7,7,18080,0,0
0,6,18081,0,0
1,1,18082,0,0
2,2,18083,0,0
3,5,18084,0,0
4,6,18085,0,0
5,7,18086,0,0
6,8,18087,0,0
7,7,18088,0,0
0,7,18089,0,0
1,1,18090,0,0
2,1,18091,0,0
3,1,18092,0,0
4,6,18093,0,0
5,7,18094,0,0
6,8,18095,0,0
7,7,18096,0,0
0,7,18097,0,0
1,1,18098,0,0
2,2,18099,0,0
3,1,18100,0,0
4,6,18101,0,0
5,8,18102,0,0
6,8,18103,0,0
7,7,18104,0,0
0,7,18105,0,0
1,8,18106,0,0
2,1,18107,0,0
3,1,18108,0,0
4,7,18109,0,0
5,8,18110,0,0
6,8,18111,0,0
7,7,18112,0,0
0,7,18113,0,0
1,1,18114,0,0
2,8,18115,0,0
3,1,18116,0,0
4,6,18117,0,0
5,8,18118,0,0
6,8,18119,0,0
7,7,18120,0,0
0,6,18121,0,0
1,1,18122,0,0
2,8,18123,0,0
3,1,18124,0,0
4,7,18125,0,0
5,8,18126,0,0
6,8,18127,0,0
7,7,18128,0,0
0,6,18129,0,0
1,1,18130,0,0
2,8,18131,0,0
3,1,18132,0,0
4,7,18133,0,0
5,8,18134,0,0
6,8,18135,0,0
7,5,18136,0,0
0,6,18137,0,0
1,1,18138,0,0
2,8,18139,0,0
3,1,18140,0,0
4,7,18141,0,0
5,5,18142,0,0
6,8,18143,0,0
7,3,18144,0,0
0,7,18145,0,0
1,1,18146,0,0
2,8,18147,0,0
3,1,18148,0,0
4,7,18149,0,0
5,5,18150,0,0
6,8,18151,0,0
7,2,18152,0,0
0,7,18153,0,0
1,1,18154,0,0
2,8,18155,0,0
3,1,18156,0,0
4,7,18157,0,0
5,5,18158,0,0
6,8,18159,0,0
7,1,18160,0,0
0,8,18161,0,0
1,1,18162,0,0
2,8,18163,0,0
3,1,18164,0,0
4,7,18165,0,0
5,5,18166,0,0
6,0,18167,0,0
7,1,18168,0,0
0,8,18169,0,0
1,1,18170,0,0
2,8,18171,0,0
3,1,18172,0,0
4,8,18173,0,0
5,8,18174,0,0
6,8,18175,0,0
7,2,18176,0,0
0,8,18177,0,0
1,1,18178,0,0
2,8,18179,0,0
3,1,18180,0,0
4,8,18181,0,0
5,8,18182,0,0
6,8,18183,0,0
7,1,18184,0,0
0,5,18185,0,0
1,1,18186,0,0
2,7,18187,0,0
3,1,18188,0,0
4,2,18189,0,0
5,7,18190,0,0
6,8,18191,0,0
7,1,18192,0,0
0,5,18193,0,0
1,6,18194,0,0
2,6,18195,0,0
3,1,18196,0,0
4,4,18197,0,0
5,7,18198,0,0
6,8,18199,0,0
7,1,18200,0,0
0,5,18201,0,0
1,6,18202,0,0
2,6,18203,0,0
3,1,18204,0,0
4,4,18205,0,0
5,7,18206,0,0
6,8,18207,0,0
7,1,18208,0,0
0,8,18209,0,0
1,6,18210,0,0
2,6,18211,0,0
3,1,18212,0,0
4,4,18213,0,0
5,7,18214,0,0
6,8,18215,0,0
7,1,18216,0,0
0,6,18217,0,0
1,6,18218,0,0
2,8,18219,0,0
3,6,18220,0,0
4,4,18221,0,0
5,7,18222,0,0
6,8,18223,0,0
7,0,18224,0,0
0,5,18225,0,0
1,6,18226,0,0
2,1,18227,0,0
3,2,18228,0,0
4,4,18229,0,0
5,7,18230,0,0
6,8,18231,0,0
7,0,18232,0,0
0,3,18233,0,0
1,6,18234,0,0
2,5,18235,0,0
3,6,18236,0,0
4,4,18237,0,0
5,7,18238,0,0
6,1,18239,0,0
7,0,18240,0,0
0,4,18241,0,0
1,7,18242,0,0
2,7,18243,0,0
3,6,18244,0,0
4,4,18245,0,0
5,7,18246,0,0
6,8,18247,0,0
7,0,18248,0,0
0,4,18249,0,0
1,6,18250,0,0
2,4,18251,0,0
3,6,18252,0,0
4,4,18253,0,0
5,7,18254,0,0
6,1,18255,0,0
7,0,18256,0,0
0,4,18257,0,0
1,6,18258,0,0
2,7,18259,0,0
3,6,18260,0,0
4,4,18261,0,0
5,7,18262,0,0
6,1,18263,0,0
7,2,18264,0,0
0,2,18265,0,0
1,6,18266,0,0
2,1,18267,0,0
3,2,18268,0,0
4,4,18269,0,0
5,1,18270,0,0
6,8,18271,0,0
7,2,18272,0,0
0,3,18273,0,0
1,7,18274,0,0
2,8,18275,0,0
3,3,18276,0,0
4,1,18277,0,0
5,7,18278,0,0
6,8,18279,0,0
7,0,18280,0,0
0,2,18281,0,0
1,4,18282,0,0
2,8,18283,0,0
3,3,18284,0,0
4,8,18285,0,0
5,1,18286,0,0
6,8,18287,0,0
7,0,18288,0,0
0,2,18289,0,0
1,6,18290,0,0
2,8,18291,0,0
3,1,18292,0,0
4,1,18293,0,0
5,1,18294,0,0
6,8,18295,0,0
7,0,18296,0,0
0,2,18297,0,0
1,7,18298,0,0
2,8,18299,0,0
3,2,18300,0,0
4,1,18301,0,0
5,1,18302,0,0
6,8,18303,0,0
7,7,18304,0,0
0,2,18305,0,0
1,7,18306,0,0
2,8,18307,0,0
3,2,18308,0,0
4,4,18309,0,0
5,1,18310,0,0
6,8,18311,0,0
7,0,18312,0,0
0,6,18313,0,0
1,7,18314,0,0
2,8,18315,0,0
3,2,18316,0,0
4,4,18317,0,0
5,1,18318,0,0
6,8,18319,0,0
7,0,18320,0,0
0,3,18321,0,0
1,7,18322,0,0
2,8,18323,0,0
3,1,18324,0,0
4,4,18325,0,0
5,1,18326,0,0
6,8,18327,0,0
7,0,18328,0,0
0,3,18329,0,0
1,7,18330,0,0
2,8,18331,0,0
3,1,18332,0,0
4,4,18333,0,0
5,7,18334,0,0
6,8,18335,0,0
7,0,18336,0,0
0,3,18337,0,0
1,5,18338,0,0
2,7,18339,0,0
3,1,18340,0,0
4,4,18341,0,0
5,7,18342,0,0
6,8,18343,0,0
7,0,18344,0,0
0,6,18345,0,0
1,6,18346,0,0
2,7,18347,0,0
3,1,18348,0,0
4,4,18349,0,0
5,7,18350,0,0
6,8,18351,0,0
7,0,18352,0,0
0,6,18353,0,0
1,7,18354,0,0
2,7,18355,0,0
3,1,18356,0,0
4,4,18357,0,0
5,7,18358,0,0
6,8,18359,0,0
7,0,18360,0,0
0,2,18361,0,0
1,7,18362,0,0
2,2,18363,0,0
3,1,18364,0,0
4,4,18365,0,0
5,7,18366,0,0
6,1,18367,0,0
7,0,18368,0,0
0,4,18369,0,0
1,7,18370,0,0
2,8,18371,0,0
3,1,18372,0,0
4,4,18373,0,0
5,7,18374,0,0
6,8,18375,0,0
7,7,18376,0,0
0,4,18377,0,0
1,7,18378,0,0
2,8,18379,0,0
3,1,18380,0,0
4,4,18381,0,0
5,7,18382,0,0
6,8,18383,0,0
7,0,18384,0,0
0,4,18385,0,0
1,6,18386,0,0
2,8,18387,0,0
3,1,18388,0,0
4,4,18389,0,0
5,7,18390,0,0
6,8,18391,0,0
7,0,18392,0,0
0,3,18393,0,0
1,6,18394,0,0
2,8,18395,0,0
3,1,18396,0,0
4,4,18397,0,0
5,7,18398,0,0
6,1,18399,0,0
7,0,18400,0,0
0,6,18401,0,0
1,6,18402,0,0
2,8,18403,0,0
3,1,18404,0,0
4,4,18405,0,0
5,7,18406,0,0
6,5,18407,0,0
7,0,18408,0,0
0,6,18409,0,0
1,6,18410,0,0
2,8,18411,0,0
3,1,18412,0,0
4,4,18413,0,0
5,7,18414,0,0
6,1,18415,0,0
7,0,18416,0,0
0,6,18417,0,0
1,6,18418,0,0
2,8,18419,0,0
3,1,18420,0,0
4,4,18421,0,0
5,7,18422,0,0
6,1,18423,0,0
7,0,18424,0,0
0,3,18425,0,0
1,1,18426,0,0
2,8,18427,0,0
3,8,18428,0,0
4,4,18429,0,0
5,1,18430,0,0
6,1,18431,0,0
7,0,18432,0,0
0,3,18433,0,0
1,7,18434,0,0
2,8,18435,0,0
3,8,18436,0,0
4,4,18437,0,0
5,1,18438,0,0
6,8,18439,0,0
7,0,18440,0,0
0,4,18441,0,0
1,7,18442,0,0
2,8,18443,0,0
3,1,18444,0,0
4,4,18445,0,0
5,1,18446,0,0
6,1,18447,0,0
7,0,18448,0,0
0,6,18449,0,0
1,3,18450,0,0
2,8,18451,0,0
3,1,18452,0,0
4,4,18453,0,0
5,1,18454,0,0
6,8,18455,0,0
7,0,18456,0,0
0,2,18457,0,0
1,5,18458,0,0
2,8,18459,0,0
3,1,18460,0,0
4,4,18461,0,0
5,2,18462,0,0
6,8,18463,0,0
7,0,18464,0,0
0,3,18465,0,0
1,5,18466,0,0
2,8,18467,0,0
3,1,18468,0,0
4,4,18469,0,0
5,2,18470,0,0
6,8,18471,0,0
7,0,18472,0,0
0,3,18473,0,0
1,4,18474,0,0
2,8,18475,0,0
3,1,18476,0,0
4,4,18477,0,0
5,2,18478,0,0
6,0,18479,0,0
7,0,18480,0,0
0,6,18481,0,0
1,6,18482,0,0
2,8,18483,0,0
3,1,18484,0,0
4,4,18485,0,0
5,7,18486,0,0
6,0,18487,0,0
7,0,18488,0,0
0,3,18489,0,0
1,5,18490,0,0
2,8,18491,0,0
3,1,18492,0,0
4,4,18493,0,0
5,1,18494,0,0
6,0,18495,0,0
7,0,18496,0,0
0,4,18497,0,0
1,5,18498,0,0
2,8,18499,0,0
3,1,18500,0,0
4,1,18501,0,0
5,1,18502,0,0
6,8,18503,0,0
7,0,18504,0,0
0,4,18505,0,0
1,4,18506,0,0
2,8,18507,0,0
3,3,18508,0,0
4,1,18509,0,0
5,7,18510,0,0
6,8,18511,0,0
7,0,18512,0,0
0,6,18513,0,0
1,4,18514,0,0
2,8,18515,0,0
3,1,18516,0,0
4,8,18517,0,0
5,7,18518,0,0
6,8,18519,0,0
7,0,18520,0,0
0,3,18521,0,0
1,6,18522,0,0
2,8,18523,0,0
3,8,18524,0,0
4,7,18525,0,0
5,7,18526,0,0
6,8,18527,0,0
7,0,18528,0,0
0,2,18529,0,0
1,5,18530,0,0
2,8,18531,0,0
3,8,18532,0,0
4,6,18533,0,0
5,7,18534,0,0
6,8,18535,0,0
7,0,18536,0,0
0,6,18537,0,0
1,5,18538,0,0
2,4,18539,0,0
3,8,18540,0,0
4,8,18541,0,0
5,1,18542,0,0
6,8,18543,0,0
7,1,18544,0,0
0,6,18545,0,0
1,5,18546,0,0
2,4,18547,0,0
3,8,18548,0,0
4,8,18549,0,0
5,1,18550,0,0
6,8,18551,0,0
7,0,18552,0,0
0,3,18553,0,0
1,6,18554,0,0
2,4,18555,0,0
3,1,18556,0,0
4,7,18557,0,0
5,1,18558,0,0
6,8,18559,0,0
7,0,18560,0,0
0,3,18561,0,0
1,6,18562,0,0
2,4,18563,0,0
3,5,18564,0,0
4,8,18565,0,0
5,1,18566,0,0
6,8,18567,0,0
7,0,18568,0,0
0,2,18569,0,0
1,6,18570,0,0
2,4,18571,0,0
3,5,18572,0,0
4,8,18573,0,0
5,1,18574,0,0
6,8,18575,0,0
7,0,18576,0,0
0,2,18577,0,0
1,6,18578,0,0
2,4,18579,0,0
3,6,18580,0,0
4,8,18581,0,0
5,1,18582,0,0
6,0,18583,0,0
7,0,18584,0,0
0,2,18585,0,0
1,6,18586,0,0
2,4,18587,0,0
3,7,18588,0,0
4,8,18589,0,0
5,1,18590,0,0
6,8,18591,0,0
7,0,18592,0,0
0,2,18593,0,0
1,6,18594,0,0
2,4,18595,0,0
3,1,18596,0,0
4,7,18597,0,0
5,1,18598,0,0
6,8,18599,0,0
7,0,18600,0,0
0,2,18601,0,0
1,6,18602,0,0
2,4,18603,0,0
3,0,18604,0,0
4,4,18605,0,0
5,1,18606,0,0
6,0,18607,0,0
7,0,18608,0,0
0,2,18609,0,0
1,6,18610,0,0
2,4,18611,0,0
3,0,18612,0,0
4,4,18613,0,0
5,1,18614,0,0
6,0,18615,0,0
7,0,18616,0,0
0,2,18617,0,0
1,7,18618,0,0
2,4,18619,0,0
3,0,18620,0,0
4,0,18621,0,0
5,1,18622,0,0
6,8,18623,0,0
7,0,18624,0,0
0,2,18625,0,0
1,7,18626,0,0
2,4,18627,0,0
3,0,18628,0,0
4,0,18629,0,0
5,1,18630,0,0
6,8,18631,0,0
7,7,18632,0,0
0,2,18633,0,0
1,1,18634,0,0
2,4,18635,0,0
3,0,18636,0,0
4,0,18637,0,0
5,1,18638,0,0
6,8,18639,0,0
7,7,18640,0,0
0,2,18641,0,0
1,1,18642,0,0
2,4,18643,0,0
3,0,18644,0,0
4,0,18645,0,0
5,1,18646,0,0
6,0,18647,0,0
7,7,18648,0,0
0,3,18649,0,0
1,1,18650,0,0
2,4,18651,0,0
3,0,18652,0,0
4,0,18653,0,0
5,1,18654,0,0
6,0,18655,0,0
7,7,18656,0,0
0,3,18657,0,0
1,1,18658,0,0
2,4,18659,0,0
3,0,18660,0,0
4,0,18661,0,0
5,1,18662,0,0
6,0,18663,0,0
7,0,18664,0,0
0,3,18665,0,0
1,1,18666,0,0
2,4,18667,0,0
3,0,18668,0,0
4,0,18669,0,0
5,1,18670,0,0
6,1,18671,0,0
7,0,18672,0,0
0,3,18673,0,0
1,7,18674,0,0
2,4,18675,0,0
3,8,18676,0,0
4,0,18677,0,0
5,1,18678,0,0
6,8,18679,0,0
7,0,18680,0,0
0,3,18681,0,0
1,7,18682,0,0
2,4,18683,0,0
3,7,18684,0,0
4,0,18685,0,0
5,1,18686,0,0
6,8,18687,0,0
7,0,18688,0,0
0,3,18689,0,0
1,7,18690,0,0
2,4,18691,0,0
3,8,18692,0,0
4,7,18693,0,0
5,1,18694,0,0
6,0,18695,0,0
7,0,18696,0,0
0,4,18697,0,0
1,7,18698,0,0
2,4,18699,0,0
3,8,18700,0,0
4,7,18701,0,0
5,1,18702,0,0
6,0,18703,0,0
7,0,18704,0,0
0,4,18705,0,0
1,7,18706,0,0
2,4,18707,0,0
3,1,18708,0,0
4,8,18709,0,0
5,1,18710,0,0
6,0,18711,0,0
7,7,18712,0,0
0,6,18713,0,0
1,7,18714,0,0
2,0,18715,0,0
3,3,18716,0,0
4,8,18717,0,0
5,1,18718,0,0
6,1,18719,0,0
7,7,18720,0,0
0,4,18721,0,0
1,7,18722,0,0
2,8,18723,0,0
3,3,18724,0,0
4,1,18725,0,0
5,1,18726,0,0
6,1,18727,0,0
7,7,18728,0,0
0,4,18729,0,0
1,7,18730,0,0
2,8,18731,0,0
3,1,18732,0,0
4,1,18733,0,0
5,2,18734,0,0
6,1,18735,0,0
7,7,18736,0,0
0,4,18737,0,0
1,7,18738,0,0
2,8,18739,0,0
3,1,18740,0,0
4,1,18741,0,0
5,1,18742,0,0
6,8,18743,0,0
7,7,18744,0,0
0,4,18745,0,0
1,7,18746,0,0
2,4,18747,0,0
3,1,18748,0,0
4,1,18749,0,0
5,1,18750,0,0
6,8,18751,0,0
7,5,18752,0,0
0,4,18753,0,0
1,7,18754,0,0
2,5,18755,0,0
3,3,18756,0,0
4,2,18757,0,0
5,8,18758,0,0
6,8,18759,0,0
7,7,18760,0,0
0,4,18761,0,0
1,7,18762,0,0
2,8,18763,0,0
3,3,18764,0,0
4,2,18765,0,0
5,2,18766,0,0
6,0,18767,0,0
7,7,18768,0,0
0,6,18769,0,0
1,7,18770,0,0
2,8,18771,0,0
3,1,18772,0,0
4,2,18773,0,0
5,8,18774,0,0
6,0,18775,0,0
7,0,18776,0,0
0,5,18777,0,0
1,7,18778,0,0
2,7,18779,0,0
3,1,18780,0,0
4,2,18781,0,0
5,2,18782,0,0
6,1,18783,0,0
7,0,18784,0,0
0,6,18785,0,0
1,7,18786,0,0
2,7,18787,0,0
3,1,18788,0,0
4,2,18789,0,0
5,8,18790,0,0
6,1,18791,0,0
7,0,18792,0,0
0,4,18793,0,0
1,7,18794,0,0
2,7,18795,0,0
3,1,18796,0,0
4,2,18797,0,0
5,1,18798,0,0
6,8,18799,0,0
7,2,18800,0,0
0,4,18801,0,0
1,7,18802,0,0
2,7,18803,0,0
3,1,18804,0,0
4,2,18805,0,0
5,1,18806,0,0
6,0,18807,0,0
7,0,18808,0,0
0,4,18809,0,0
1,7,18810,0,0
2,1,18811,0,0
3,1,18812,0,0
4,2,18813,0,0
5,8,18814,0,0
6,0,18815,0,0
7,0,18816,0,0
0,4,18817,0,0
1,6,18818,0,0
2,1,18819,0,0
3,1,18820,0,0
4,2,18821,0,0
5,8,18822,0,0
6,0,18823,0,0
7,0,18824,0,0
0,4,18825,0,0
1,6,18826,0,0
2,1,18827,0,0
3,1,18828,0,0
4,1,18829,0,0
5,1,18830,0,0
6,0,18831,0,0
7,0,18832,0,0
0,4,18833,0,0
1,7,18834,0,0
2,1,18835,0,0
3,1,18836,0,0
4,1,18837,0,0
5,7,18838,0,0
6,0,18839,0,0
7,0,18840,0,0
0,4,18841,0,0
1,7,18842,0,0
2,1,18843,0,0
3,1,18844,0,0
4,2,18845,0,0
5,7,18846,0,0
6,0,18847,0,0
7,0,18848,0,0
0,4,18849,0,0
1,5,18850,0,0
2,7,18851,0,0
3,1,18852,0,0
4,2,18853,0,0
5,7,18854,0,0
6,0,18855,0,0
7,0,18856,0,0
0,4,18857,0,0
1,7,18858,0,0
2,1,18859,0,0
3,1,18860,0,0
4,2,18861,0,0
5,7,18862,0,0
6,0,18863,0,0
7,0,18864,0,0
0,6,18865,0,0
1,6,18866,0,0
2,1,18867,0,0
3,1,18868,0,0
4,6,18869,0,0
5,1,18870,0,0
6,1,18871,0,0
7,0,18872,0,0
0,6,18873,0,0
1,6,18874,0,0
2,1,18875,0,0
3,8,18876,0,0
4,7,18877,0,0
5,2,18878,0,0
6,1,18879,0,0
7,3,18880,0,0
0,6,18881,0,0
1,5,18882,0,0
2,8,18883,0,0
3,1,18884,0,0
4,1,18885,0,0
5,8,18886,0,0
6,1,18887,0,0
7,5,18888,0,0
0,6,18889,0,0
1,7,18890,0,0
2,8,18891,0,0
3,1,18892,0,0
4,6,18893,0,0
5,8,18894,0,0
6,1,18895,0,0
7,3,18896,0,0
0,6,18897,0,0
1,7,18898,0,0
2,8,18899,0,0
3,8,18900,0,0
4,2,18901,0,0
5,8,18902,0,0
6,8,18903,0,0
7,3,18904,0,0
0,4,18905,0,0
1,8,18906,0,0
2,2,18907,0,0
3,8,18908,0,0
4,2,18909,0,0
5,3,18910,0,0
6,1,18911,0,0
7,1,18912,0,0
0,4,18913,0,0
1,8,18914,0,0
2,2,18915,0,0
3,1,18916,0,0
4,2,18917,0,0
5,3,18918,0,0
6,1,18919,0,0
7,1,18920,0,0
0,4,18921,0,0
1,8,18922,0,0
2,2,18923,0,0
3,3,18924,0,0
4,2,18925,0,0
5,3,18926,0,0
6,8,18927,0,0
7,1,18928,0,0
0,4,18929,0,0
1,7,18930,0,0
2,1,18931,0,0
3,3,18932,0,0
4,1,18933,0,0
5,4,18934,0,0
6,8,18935,0,0
7,4,18936,0,0
0,2,18937,0,0
1,7,18938,0,0
2,7,18939,0,0
3,3,18940,0,0
4,1,18941,0,0
5,4,18942,0,0
6,8,18943,0,0
7,4,18944,0,0
0,5,18945,0,0
1,1,18946,0,0
2,7,18947,0,0
3,3,18948,0,0
4,4,18949,0,0
5,4,18950,0,0
6,8,18951,0,0
7,0,18952,0,0
0,6,18953,0,0
1,7,18954,0,0
2,7,18955,0,0
3,2,18956,0,0
4,1,18957,0,0
5,1,18958,0,0
6,1,18959,0,0
7,0,18960,0,0
0,6,18961,0,0
1,6,18962,0,0
2,7,18963,0,0
3,3,18964,0,0
4,1,18965,0,0
5,2,18966,0,0
6,1,18967,0,0
7,1,18968,0,0
0,4,18969,0,0
1,7,18970,0,0
2,7,18971,0,0
3,3,18972,0,0
4,6,18973,0,0
5,1,18974,0,0
6,1,18975,0,0
7,1,18976,0,0
0,6,18977,0,0
1,6,18978,0,0
2,1,18979,0,0
3,3,18980,0,0
4,1,18981,0,0
5,1,18982,0,0
6,8,18983,0,0
7,1,18984,0,0
0,6,18985,0,0
1,7,18986,0,0
2,8,18987,0,0
3,3,18988,0,0
4,6,18989,0,0
5,1,18990,0,0
6,8,18991,0,0
7,1,18992,0,0
0,4,18993,0,0
1,7,18994,0,0
2,1,18995,0,0
3,3,18996,0,0
4,6,18997,0,0
5,1,18998,0,0
6,8,18999,0,0
7,1,19000,0,0
0,4,19001,0,0
1,6,19002,0,0
2,1,19003,0,0
3,3,19004,0,0
4,6,19005,0,0
5,1,19006,0,0
6,1,19007,0,0
7,1,19008,0,0
0,6,19009,0,0
1,6,19010,0,0
2,1,19011,0,0
3,0,19012,0,0
4,1,19013,0,0
5,8,19014,0,0
6,8,19015,0,0
7,0,19016,0,0
0,6,19017,0,0
1,7,19018,0,0
2,1,19019,0,0
3,0,19020,0,0
4,1,19021,0,0
5,8,19022,0,0
6,0,19023,0,0
7,0,19024,0,0
0,6,19025,0,0
1,4,19026,0,0
2,1,19027,0,0
3,0,19028,0,0
4,6,19029,0,0
5,8,19030,0,0
6,8,19031,0,0
7,0,19032,0,0
0,6,19033,0,0
1,7,19034,0,0
2,1,19035,0,0
3,0,19036,0,0
4,6,19037,0,0
5,2,19038,0,0
6,0,19039,0,0
7,0,19040,0,0
0,6,19041,0,0
1,7,19042,0,0
2,1,19043,0,0
3,0,19044,0,0
4,2,19045,0,0
5,1,19046,0,0
6,0,19047,0,0
7,0,19048,0,0
0,6,19049,0,0
1,7,19050,0,0
2,2,19051,0,0
3,0,19052,0,0
4,2,19053,0,0
5,1,19054,0,0
6,0,19055,0,0
7,0,19056,0,0
0,6,19057,0,0
1,7,19058,0,0
2,2,19059,0,0
3,1,19060,0,0
4,2,19061,0,0
5,2,19062,0,0
6,0,19063,0,0
7,0,19064,0,0
0,6,19065,0,0
1,7,19066,0,0
2,8,19067,0,0
3,1,19068,0,0
4,2,19069,0,0
5,1,19070,0,0
6,0,19071,0,0
7,0,19072,0,0
0,2,19073,0,0
1,6,19074,0,0
2,8,19075,0,0
3,1,19076,0,0
4,2,19077,0,0
5,2,19078,0,0
6,0,19079,0,0
7,0,19080,0,0
0,4,19081,0,0
1,6,19082,0,0
2,8,19083,0,0
3,1,19084,0,0
4,2,19085,0,0
5,7,19086,0,0
6,0,19087,0,0
7,0,19088,0,0
0,4,19089,0,0
1,6,19090,0,0
2,8,19091,0,0
3,1,19092,0,0
4,2,19093,0,0
5,2,19094,0,0
6,0,19095,0,0
7,0,19096,0,0
0,6,19097,0,0
1,6,19098,0,0
2,8,19099,0,0
3,1,19100,0,0
4,4,19101,0,0
5,7,19102,0,0
6,0,19103,0,0
7,0,19104,0,0
0,5,19105,0,0
1,7,19106,0,0
2,8,19107,0,0
3,1,19108,0,0
4,1,19109,0,0
5,1,19110,0,0
6,8,19111,0,0
7,5,19112,0,0
0,5,19113,0,0
1,7,19114,0,0
2,8,19115,0,0
3,1,19116,0,0
4,6,19117,0,0
5,2,19118,0,0
6,8,19119,0,0
7,0,19120,0,0
0,5,19121,0,0
1,7,19122,0,0
2,8,19123,0,0
3,8,19124,0,0
4,4,19125,0,0
5,2,19126,0,0
6,8,19127,0,0
7,5,19128,0,0
0,5,19129,0,0
1,7,19130,0,0
2,8,19131,0,0
3,8,19132,0,0
4,1,19133,0,0
5,2,19134,0,0
6,8,19135,0,0
7,0,19136,0,0
0,6,19137,0,0
1,7,19138,0,0
2,8,19139,0,0
3,1,19140,0,0
4,1,19141,0,0
5,2,19142,0,0
6,0,19143,0,0
7,7,19144,0,0
0,5,19145,0,0
1,4,19146,0,0
2,8,19147,0,0
3,1,19148,0,0
4,1,19149,0,0
5,2,19150,0,0
6,0,19151,0,0
7,0,19152,0,0
0,5,19153,0,0
1,7,19154,0,0
2,6,19155,0,0
3,1,19156,0,0
4,1,19157,0,0
5,2,19158,0,0
6,0,19159,0,0
7,7,19160,0,0
0,5,19161,0,0
1,6,19162,0,0
2,6,19163,0,0
3,8,19164,0,0
4,1,19165,0,0
5,1,19166,0,0
6,0,19167,0,0
7,0,19168,0,0
0,5,19169,0,0
1,7,19170,0,0
2,8,19171,0,0
3,8,19172,0,0
4,1,19173,0,0
5,5,19174,0,0
6,0,19175,0,0
7,0,19176,0,0
0,5,19177,0,0
1,7,19178,0,0
2,8,19179,0,0
3,8,19180,0,0
4,7,19181,0,0
5,5,19182,0,0
6,8,19183,0,0
7,0,19184,0,0
0,6,19185,0,0
1,7,19186,0,0
2,8,19187,0,0
3,1,19188,0,0
4,1,19189,0,0
5,8,19190,0,0
6,1,19191,0,0
7,0,19192,0,0
0,5,19193,0,0
1,7,19194,0,0
2,8,19195,0,0
3,1,19196,0,0
4,1,19197,0,0
5,8,19198,0,0
6,8,19199,0,0
7,5,19200,0,0
0,5,19201,0,0
1,7,19202,0,0
2,8,19203,0,0
3,1,19204,0,0
4,1,19205,0,0
5,8,19206,0,0
6,0,19207,0,0
7,5,19208,0,0
0,6,19209,0,0
1,7,19210,0,0
2,7,19211,0,0
3,2,19212,0,0
4,1,19213,0,0
5,1,19214,0,0
6,0,19215,0,0
7,5,19216,0,0
0,5,19217,0,0
1,7,19218,0,0
2,7,19219,0,0
3,2,19220,0,0
4,4,19221,0,0
5,1,19222,0,0
6,0,19223,0,0
7,4,19224,0,0
0,6,19225,0,0
1,7,19226,0,0
2,7,19227,0,0
3,2,19228,0,0
4,4,19229,0,0
5,1,19230,0,0
6,0,19231,0,0
7,4,19232,0,0
0,6,19233,0,0
1,7,19234,0,0
2,7,19235,0,0
3,2,19236,0,0
4,4,19237,0,0
5,1,19238,0,0
6,0,19239,0,0
7,4,19240,0,0
0,6,19241,0,0
1,7,19242,0,0
2,6,19243,0,0
3,3,19244,0,0
4,1,19245,0,0
5,1,19246,0,0
6,0,19247,0,0
7,4,19248,0,0
0,5,19249,0,0
1,4,19250,0,0
2,1,19251,0,0
3,3,19252,0,0
4,1,19253,0,0
5,1,19254,0,0
6,8,19255,0,0
7,2,19256,0,0
0,5,19257,0,0
1,7,19258,0,0
2,1,19259,0,0
3,3,19260,0,0
4,4,19261,0,0
5,1,19262,0,0
6,8,19263,0,0
7,1,19264,0,0
0,5,19265,0,0
1,7,19266,0,0
2,1,19267,0,0
3,3,19268,0,0
4,4,19269,0,0
5,1,19270,0,0
6,0,19271,0,0
7,1,19272,0,0
0,6,19273,0,0
1,7,19274,0,0
2,7,19275,0,0
3,3,19276,0,0
4,4,19277,0,0
5,1,19278,0,0
6,0,19279,0,0
7,1,19280,0,0
0,5,19281,0,0
1,7,19282,0,0
2,7,19283,0,0
3,2,19284,0,0
4,4,19285,0,0
5,7,19286,0,0
6,8,19287,0,0
7,1,19288,0,0
0,5,19289,0,0
1,7,19290,0,0
2,7,19291,0,0
3,2,19292,0,0
4,4,19293,0,0
5,3,19294,0,0
6,8,19295,0,0
7,1,19296,0,0
0,5,19297,0,0
1,7,19298,0,0
2,7,19299,0,0
3,1,19300,0,0
4,4,19301,0,0
5,7,19302,0,0
6,0,19303,0,0
7,1,19304,0,0
0,6,19305,0,0
1,7,19306,0,0
2,7,19307,0,0
3,6,19308,0,0
4,4,19309,0,0
5,5,19310,0,0
6,8,19311,0,0
7,1,19312,0,0
0,5,19313,0,0
1,7,19314,0,0
2,7,19315,0,0
3,2,19316,0,0
4,2,19317,0,0
5,5,19318,0,0
6,8,19319,0,0
7,1,19320,0,0
0,6,19321,0,0
1,7,19322,0,0
2,7,19323,0,0
3,2,19324,0,0
4,4,19325,0,0
5,5,19326,0,0
6,0,19327,0,0
7,1,19328,0,0
0,6,19329,0,0
1,5,19330,0,0
2,7,19331,0,0
3,2,19332,0,0
4,4,19333,0,0
5,7,19334,0,0
6,0,19335,0,0
7,1,19336,0,0
0,6,19337,0,0
1,5,19338,0,0
2,8,19339,0,0
3,2,19340,0,0
4,4,19341,0,0
5,4,19342,0,0
6,0,19343,0,0
7,1,19344,0,0
0,6,19345,0,0
1,6,19346,0,0
2,8,19347,0,0
3,3,19348,0,0
4,4,19349,0,0
5,4,19350,0,0
6,0,19351,0,0
7,1,19352,0,0
0,6,19353,0,0
1,6,19354,0,0
2,8,19355,0,0
3,3,19356,0,0
4,6,19357,0,0
5,4,19358,0,0
6,0,19359,0,0
7,1,19360,0,0
0,6,19361,0,0
1,7,19362,0,0
2,8,19363,0,0
3,1,19364,0,0
4,4,19365,0,0
5,5,19366,0,0
6,0,19367,0,0
7,1,19368,0,0
0,6,19369,0,0
1,7,19370,0,0
2,8,19371,0,0
3,1,19372,0,0
4,6,19373,0,0
5,5,19374,0,0
6,0,19375,0,0
7,1,19376,0,0
0,5,19377,0,0
1,7,19378,0,0
2,8,19379,0,0
3,1,19380,0,0
4,1,19381,0,0
5,5,19382,0,0
6,0,19383,0,0
7,2,19384,0,0
0,6,19385,0,0
1,7,19386,0,0
2,8,19387,0,0
3,1,19388,0,0
4,4,19389,0,0
5,7,19390,0,0
6,0,19391,0,0
7,1,19392,0,0
0,6,19393,0,0
1,4,19394,0,0
2,8,19395,0,0
3,1,19396,0,0
4,2,19397,0,0
5,7,19398,0,0
6,0,19399,0,0
7,1,19400,0,0
0,5,19401,0,0
1,4,19402,0,0
2,8,19403,0,0
3,2,19404,0,0
4,2,19405,0,0
5,7,19406,0,0
6,0,19407,0,0
7,1,19408,0,0
0,6,19409,0,0
1,7,19410,0,0
2,8,19411,0,0
3,6,19412,0,0
4,1,19413,0,0
5,1,19414,0,0
6,0,19415,0,0
7,1,19416,0,0
0,6,19417,0,0
1,6,19418,0,0
2,8,19419,0,0
3,3,19420,0,0
4,1,19421,0,0
5,7,19422,0,0
6,0,19423,0,0
7,1,19424,0,0
0,5,19425,0,0
1,6,19426,0,0
2,8,19427,0,0
3,3,19428,0,0
4,1,19429,0,0
5,7,19430,0,0
6,0,19431,0,0
7,1,19432,0,0
0,6,19433,0,0
1,6,19434,0,0
2,8,19435,0,0
3,2,19436,0,0
4,1,19437,0,0
5,7,19438,0,0
6,0,19439,0,0
7,1,19440,0,0
0,5,19441,0,0
1,6,19442,0,0
2,8,19443,0,0
3,2,19444,0,0
4,1,19445,0,0
5,1,19446,0,0
6,0,19447,0,0
7,1,19448,0,0
0,5,19449,0,0
1,7,19450,0,0
2,8,19451,0,0
3,2,19452,0,0
4,1,19453,0,0
5,7,19454,0,0
6,0,19455,0,0
7,1,19456,0,0
0,5,19457,0,0
1,7,19458,0,0
2,8,19459,0,0
3,1,19460,0,0
4,1,19461,0,0
5,7,19462,0,0
6,0,19463,0,0
7,1,19464,0,0
0,5,19465,0,0
1,7,19466,0,0
2,8,19467,0,0
3,1,19468,0,0
4,1,19469,0,0
5,7,19470,0,0
6,0,19471,0,0
7,1,19472,0,0
0,5,19473,0,0
1,7,19474,0,0
2,8,19475,0,0
3,1,19476,0,0
4,1,19477,0,0
5,7,19478,0,0
6,0,19479,0,0
7,2,19480,0,0
0,5,19481,0,0
1,3,19482,0,0
2,8,19483,0,0
3,5,19484,0,0
4,1,19485,0,0
5,7,19486,0,0
6,0,19487,0,0
7,5,19488,0,0
0,6,19489,0,0
1,4,19490,0,0
2,8,19491,0,0
3,5,19492,0,0
4,1,19493,0,0
5,8,19494,0,0
6,0,19495,0,0
7,7,19496,0,0
0,6,19497,0,0
1,3,19498,0,0
2,8,19499,0,0
3,5,19500,0,0
4,1,19501,0,0
5,7,19502,0,0
6,0,19503,0,0
7,7,19504,0,0
0,6,19505,0,0
1,3,19506,0,0
2,8,19507,0,0
3,5,19508,0,0
4,1,19509,0,0
5,7,19510,0,0
6,0,19511,0,0
7,7,19512,0,0
0,5,19513,0,0
1,4,19514,0,0
2,8,19515,0,0
3,1,19516,0,0
4,1,19517,0,0
5,7,19518,0,0
6,0,19519,0,0
7,4,19520,0,0
0,5,19521,0,0
1,6,19522,0,0
2,8,19523,0,0
3,1,19524,0,0
4,1,19525,0,0
5,7,19526,0,0
6,0,19527,0,0
7,4,19528,0,0
0,5,19529,0,0
1,7,19530,0,0
2,8,19531,0,0
3,1,19532,0,0
4,1,19533,0,0
5,7,19534,0,0
6,0,19535,0,0
7,3,19536,0,0
0,5,19537,0,0
1,7,19538,0,0
2,8,19539,0,0
3,1,19540,0,0
4,1,19541,0,0
5,7,19542,0,0
6,0,19543,0,0
7,4,19544,0,0
0,5,19545,0,0
1,7,19546,0,0
2,8,19547,0,0
3,1,19548,0,0
4,1,19549,0,0
5,7,19550,0,0
6,0,19551,0,0
7,3,19552,0,0
0,5,19553,0,0
1,7,19554,0,0
2,8,19555,0,0
3,1,19556,0,0
4,1,19557,0,0
5,7,19558,0,0
6,8,19559,0,0
7,5,19560,0,0
0,6,19561,0,0
1,7,19562,0,0
2,8,19563,0,0
3,1,19564,0,0
4,1,19565,0,0
5,7,19566,0,0
6,0,19567,0,0
7,5,19568,0,0
0,6,19569,0,0
1,7,19570,0,0
2,6,19571,0,0
3,1,19572,0,0
4,1,19573,0,0
5,7,19574,0,0
6,0,19575,0,0
7,6,19576,0,0
0,6,19577,0,0
1,7,19578,0,0
2,7,19579,0,0
3,1,19580,0,0
4,1,19581,0,0
5,7,19582,0,0
6,8,19583,0,0
7,7,19584,0,0
0,6,19585,0,0
1,5,19586,0,0
2,6,19587,0,0
3,1,19588,0,0
4,1,19589,0,0
5,7,19590,0,0
6,8,19591,0,0
7,6,19592,0,0
0,6,19593,0,0
1,5,19594,0,0
2,8,19595,0,0
3,1,19596,0,0
4,1,19597,0,0
5,7,19598,0,0
6,8,19599,0,0
7,0,19600,0,0
0,6,19601,0,0
1,5,19602,0,0
2,8,19603,0,0
3,1,19604,0,0
4,1,19605,0,0
5,7,19606,0,0
6,8,19607,0,0
7,0,19608,0,0
0,6,19609,0,0
1,7,19610,0,0
2,8,19611,0,0
3,1,19612,0,0
4,1,19613,0,0
5,7,19614,0,0
6,0,19615,0,0
7,4,19616,0,0
0,6,19617,0,0
1,7,19618,0,0
2,8,19619,0,0
3,1,19620,0,0
4,1,19621,0,0
5,7,19622,0,0
6,0,19623,0,0
7,7,19624,0,0
0,6,19625,0,0
1,7,19626,0,0
2,8,19627,0,0
3,1,19628,0,0
4,1,19629,0,0
5,7,19630,0,0
6,0,19631,0,0
7,7,19632,0,0
0,6,19633,0,0
1,7,19634,0,0
2,8,19635,0,0
3,5,19636,0,0
4,1,19637,0,0
5,1,19638,0,0
6,0,19639,0,0
7,7,19640,0,0
0,6,19641,0,0
1,5,19642,0,0
2,8,19643,0,0
3,5,19644,0,0
4,1,19645,0,0
5,7,19646,0,0
6,1,19647,0,0
7,7,19648,0,0
0,6,19649,0,0
1,7,19650,0,0
2,8,19651,0,0
3,1,19652,0,0
4,1,19653,0,0
5,1,19654,0,0
6,8,19655,0,0
7,7,19656,0,0
0,6,19657,0,0
1,5,19658,0,0
2,8,19659,0,0
3,1,19660,0,0
4,1,19661,0,0
5,1,19662,0,0
6,8,19663,0,0
7,0,19664,0,0
0,5,19665,0,0
1,7,19666,0,0
2,8,19667,0,0
3,5,19668,0,0
4,1,19669,0,0
5,7,19670,0,0
6,8,19671,0,0
7,0,19672,0,0
0,6,19673,0,0
1,7,19674,0,0
2,8,19675,0,0
3,5,19676,0,0
4,1,19677,0,0
5,7,19678,0,0
6,8,19679,0,0
7,7,19680,0,0
0,6,19681,0,0
1,7,19682,0,0
2,8,19683,0,0
3,1,19684,0,0
4,1,19685,0,0
5,7,19686,0,0
6,8,19687,0,0
7,5,19688,0,0
0,5,19689,0,0
1,5,19690,0,0
2,8,19691,0,0
3,1,19692,0,0
4,1,19693,0,0
5,7,19694,0,0
6,2,19695,0,0
7,5,19696,0,0
0,5,19697,0,0
1,4,19698,0,0
2,8,19699,0,0
3,1,19700,0,0
4,1,19701,0,0
5,7,19702,0,0
6,1,19703,0,0
7,6,19704,0,0
0,5,19705,0,0
1,4,19706,0,0
2,8,19707,0,0
3,1,19708,0,0
4,1,19709,0,0
5,4,19710,0,0
6,2,19711,0,0
7,5,19712,0,0
0,6,19713,0,0
1,4,19714,0,0
2,8,19715,0,0
3,1,19716,0,0
4,1,19717,0,0
5,4,19718,0,0
6,2,19719,0,0
7,5,19720,0,0
0,6,19721,0,0
1,4,19722,0,0
2,8,19723,0,0
3,1,19724,0,0
4,2,19725,0,0
5,4,19726,0,0
6,2,19727,0,0
7,2,19728,0,0
0,6,19729,0,0
1,7,19730,0,0
2,8,19731,0,0
3,1,19732,0,0
4,1,19733,0,0
5,4,19734,0,0
6,1,19735,0,0
7,5,19736,0,0
0,6,19737,0,0
1,5,19738,0,0
2,8,19739,0,0
3,1,19740,0,0
4,1,19741,0,0
5,4,19742,0,0
6,1,19743,0,0
7,5,19744,0,0
0,5,19745,0,0
1,5,19746,0,0
2,8,19747,0,0
3,5,19748,0,0
4,7,19749,0,0
5,4,19750,0,0
6,1,19751,0,0
7,5,19752,0,0
0,5,19753,0,0
1,3,19754,0,0
2,8,19755,0,0
3,5,19756,0,0
4,1,19757,0,0
5,4,19758,0,0
6,1,19759,0,0
7,5,19760,0,0
0,6,19761,0,0
1,3,19762,0,0
2,8,19763,0,0
3,5,19764,0,0
4,1,19765,0,0
5,4,19766,0,0
6,1,19767,0,0
7,5,19768,0,0
0,5,19769,0,0
1,3,19770,0,0
2,5,19771,0,0
3,1,19772,0,0
4,1,19773,0,0
5,4,19774,0,0
6,1,19775,0,0
7,6,19776,0,0
0,5,19777,0,0
1,3,19778,0,0
2,1,19779,0,0
3,1,19780,0,0
4,1,19781,0,0
5,8,19782,0,0
6,8,19783,0,0
7,2,19784,0,0
0,6,19785,0,0
1,3,19786,0,0
2,7,19787,0,0
3,1,19788,0,0
4,1,19789,0,0
5,4,19790,0,0
6,8,19791,0,0
7,2,19792,0,0
0,6,19793,0,0
1,3,19794,0,0
2,7,19795,0,0
3,1,19796,0,0
4,1,19797,0,0
5,4,19798,0,0
6,8,19799,0,0
7,2,19800,0,0
0,6,19801,0,0
1,3,19802,0,0
2,6,19803,0,0
3,1,19804,0,0
4,1,19805,0,0
5,8,19806,0,0
6,1,19807,0,0
7,4,19808,0,0
0,5,19809,0,0
1,5,19810,0,0
2,6,19811,0,0
3,1,19812,0,0
4,1,19813,0,0
5,8,19814,0,0
6,8,19815,0,0
7,4,19816,0,0
0,5,19817,0,0
1,5,19818,0,0
2,6,19819,0,0
3,1,19820,0,0
4,1,19821,0,0
5,8,19822,0,0
6,1,19823,0,0
7,4,19824,0,0
0,6,19825,0,0
1,7,19826,0,0
2,8,19827,0,0
3,1,19828,0,0
4,8,19829,0,0
5,8,19830,0,0
6,8,19831,0,0
7,4,19832,0,0
0,8,19833,0,0
1,8,19834,0,0
2,8,19835,0,0
3,1,19836,0,0
4,8,19837,0,0
5,8,19838,0,0
6,8,19839,0,0
7,6,19840,0,0
0,6,19841,0,0
1,8,19842,0,0
2,5,19843,0,0
3,1,19844,0,0
4,7,19845,0,0
5,4,19846,0,0
6,8,19847,0,0
7,4,19848,0,0
0,5,19849,0,0
1,8,19850,0,0
2,7,19851,0,0
3,1,19852,0,0
4,7,19853,0,0
5,8,19854,0,0
6,5,19855,0,0
7,5,19856,0,0
0,5,19857,0,0
1,8,19858,0,0
2,1,19859,0,0
3,1,19860,0,0
4,7,19861,0,0
5,8,19862,0,0
6,5,19863,0,0
7,5,19864,0,0
0,5,19865,0,0
1,8,19866,0,0
2,1,19867,0,0
3,1,19868,0,0
4,7,19869,0,0
5,8,19870,0,0
6,8,19871,0,0
7,5,19872,0,0
0,5,19873,0,0
1,4,19874,0,0
2,7,19875,0,0
3,5,19876,0,0
4,7,19877,0,0
5,7,19878,0,0
6,5,19879,0,0
7,3,19880,0,0
0,4,19881,0,0
1,4,19882,0,0
2,8,19883,0,0
3,1,19884,0,0
4,7,19885,0,0
5,4,19886,0,0
6,3,19887,0,0
7,3,19888,0,0
0,4,19889,0,0
1,4,19890,0,0
2,8,19891,0,0
3,1,19892,0,0
4,7,19893,0,0
5,3,19894,0,0
6,5,19895,0,0
7,3,19896,0,0
0,2,19897,0,0
1,7,19898,0,0
2,8,19899,0,0
3,1,19900,0,0
4,8,19901,0,0
5,5,19902,0,0
6,8,19903,0,0
7,1,19904,0,0
0,2,19905,0,0
1,7,19906,0,0
2,8,19907,0,0
3,1,19908,0,0
4,8,19909,0,0
5,3,19910,0,0
6,8,19911,0,0
7,1,19912,0,0
0,4,19913,0,0
1,5,19914,0,0
2,8,19915,0,0
3,3,19916,0,0
4,8,19917,0,0
5,3,19918,0,0
6,5,19919,0,0
7,1,19920,0,0
0,6,19921,0,0
1,5,19922,0,0
2,8,19923,0,0
3,3,19924,0,0
4,1,19925,0,0
5,5,19926,0,0
6,5,19927,0,0
7,1,19928,0,0
0,5,19929,0,0
1,3,19930,0,0
2,8,19931,0,0
3,3,19932,0,0
4,1,19933,0,0
5,5,19934,0,0
6,2,19935,0,0
7,1,19936,0,0
0,5,19937,0,0
1,7,19938,0,0
2,1,19939,0,0
3,3,19940,0,0
4,1,19941,0,0
5,5,19942,0,0
6,2,19943,0,0
7,1,19944,0,0
0,6,19945,0,0
1,7,19946,0,0
2,2,19947,0,0
3,3,19948,0,0
4,1,19949,0,0
5,1,19950,0,0
6,2,19951,0,0
7,1,19952,0,0
0,4,19953,0,0
1,1,19954,0,0
2,1,19955,0,0
3,3,19956,0,0
4,1,19957,0,0
5,1,19958,0,0
6,2,19959,0,0
7,1,19960,0,0
0,2,19961,0,0
1,1,19962,0,0
2,2,19963,0,0
3,3,19964,0,0
4,1,19965,0,0
5,1,19966,0,0
6,1,19967,0,0
7,1,19968,0,0
0,2,19969,0,0
1,7,19970,0,0
2,2,19971,0,0
3,3,19972,0,0
4,1,19973,0,0
5,1,19974,0,0
6,8,19975,0,0
7,1,19976,0,0
0,2,19977,0,0
1,7,19978,0,0
2,2,19979,0,0
3,3,19980,0,0
4,1,19981,0,0
5,1,19982,0,0
6,8,19983,0,0
7,1,19984,0,0
0,2,19985,0,0
1,8,19986,0,0
2,2,19987,0,0
3,2,19988,0,0
4,1,19989,0,0
5,8,19990,0,0
6,8,19991,0,0
7,2,19992,0,0
0,3,19993,0,0
1,8,19994,0,0
2,8,19995,0,0
3,3,19996,0,0
4,4,19997,0,0
5,8,19998,0,0
6,8,19999,0,0
7,3,20000,0,0
0,3,20001,0,0
1,8,20002,0,0
2,6,20003,0,0
3,3,20004,0,0
4,1,20005,0,0
5,3,20006,0,0
6,8,20007,0,0
7,3,20008,0,0
0,3,20009,0,0
1,6,20010,0,0
2,7,20011,0,0
3,1,20012,0,0
4,1,20013,0,0
5,4,20014,0,0
6,8,20015,0,0
7,1,20016,0,0
0,3,20017,0,0
1,4,20018,0,0
2,6,20019,0,0
3,1,20020,0,0
4,7,20021,0,0
5,8,20022,0,0
6,2,20023,0,0
7,1,20024,0,0
0,3,20025,0,0
1,4,20026,0,0
2,6,20027,0,0
3,3,20028,0,0
4,1,20029,0,0
5,2,20030,0,0
6,2,20031,0,0
7,1,20032,0,0
0,3,20033,0,0
1,4,20034,0,0
2,6,20035,0,0
3,3,20036,0,0
4,1,20037,0,0
5,2,20038,0,0
6,8,20039,0,0
7,1,20040,0,0
0,3,20041,0,0
1,4,20042,0,0
2,5,20043,0,0
3,3,20044,0,0
4,1,20045,0,0
5,1,20046,0,0
6,8,20047,0,0
7,1,20048,0,0
0,2,20049,0,0
1,4,20050,0,0
2,5,20051,0,0
3,3,20052,0,0
4,1,20053,0,0
5,1,20054,0,0
6,8,20055,0,0
7,1,20056,0,0
0,2,20057,0,0
1,4,20058,0,0
2,8,20059,0,0
3,3,20060,0,0
4,1,20061,0,0
5,8,20062,0,0
6,0,20063,0,0
7,1,20064,0,0
0,2,20065,0,0
1,4,20066,0,0
2,6,20067,0,0
3,3,20068,0,0
4,4,20069,0,0
5,7,20070,0,0
6,8,20071,0,0
7,1,20072,0,0
0,2,20073,0,0
1,4,20074,0,0
2,8,20075,0,0
3,3,20076,0,0
4,2,20077,0,0
5,1,20078,0,0
6,8,20079,0,0
7,1,20080,0,0
0,2,20081,0,0
1,4,20082,0,0
2,1,20083,0,0
3,3,20084,0,0
4,4,20085,0,0
5,1,20086,0,0
6,8,20087,0,0
7,1,20088,0,0
0,2,20089,0,0
1,6,20090,0,0
2,8,20091,0,0
3,2,20092,0,0
4,4,20093,0,0
5,1,20094,0,0
6,2,20095,0,0
7,1,20096,0,0
0,3,20097,0,0
1,6,20098,0,0
2,8,20099,0,0
3,2,20100,0,0
4,1,20101,0,0
5,8,20102,0,0
6,2,20103,0,0
7,4,20104,0,0
0,2,20105,0,0
1,5,20106,0,0
2,1,20107,0,0
3,3,20108,0,0
4,1,20109,0,0
5,8,20110,0,0
6,8,20111,0,0
7,4,20112,0,0
0,2,20113,0,0
1,6,20114,0,0
2,1,20115,0,0
3,3,20116,0,0
4,4,20117,0,0
5,2,20118,0,0
6,1,20119,0,0
7,4,20120,0,0
0,6,20121,0,0
1,6,20122,0,0
2,1,20123,0,0
3,3,20124,0,0
4,1,20125,0,0
5,2,20126,0,0
6,1,20127,0,0
7,4,20128,0,0
0,6,20129,0,0
1,6,20130,0,0
2,8,20131,0,0
3,1,20132,0,0
4,4,20133,0,0
5,1,20134,0,0
6,2,20135,0,0
7,1,20136,0,0
0,4,20137,0,0
1,7,20138,0,0
2,8,20139,0,0
3,1,20140,0,0
4,2,20141,0,0
5,1,20142,0,0
6,2,20143,0,0
7,1,20144,0,0
0,5,20145,0,0
1,6,20146,0,0
2,8,20147,0,0
3,1,20148,0,0
4,2,20149,0,0
5,1,20150,0,0
6,1,20151,0,0
7,1,20152,0,0
0,5,20153,0,0
1,6,20154,0,0
2,7,20155,0,0
3,1,20156,0,0
4,2,20157,0,0
5,1,20158,0,0
6,1,20159,0,0
7,3,20160,0,0
0,5,20161,0,0
1,4,20162,0,0
2,6,20163,0,0
3,1,20164,0,0
4,2,20165,0,0
5,2,20166,0,0
6,8,20167,0,0
7,2,20168,0,0
0,4,20169,0,0
1,7,20170,0,0
2,6,20171,0,0
3,1,20172,0,0
4,2,20173,0,0
5,2,20174,0,0
6,8,20175,0,0
7,1,20176,0,0
0,6,20177,0,0
1,7,20178,0,0
2,6,20179,0,0
3,1,20180,0,0
4,2,20181,0,0
5,1,20182,0,0
6,8,20183,0,0
7,1,20184,0,0
0,5,20185,0,0
1,7,20186,0,0
2,6,20187,0,0
3,1,20188,0,0
4,2,20189,0,0
5,8,20190,0,0
6,2,20191,0,0
7,1,20192,0,0
0,2,20193,0,0
1,7,20194,0,0
2,5,20195,0,0
3,1,20196,0,0
4,2,20197,0,0
5,2,20198,0,0
6,2,20199,0,0
7,4,20200,0,0
0,4,20201,0,0
1,7,20202,0,0
2,8,20203,0,0
3,1,20204,0,0
4,2,20205,0,0
5,8,20206,0,0
6,8,20207,0,0
7,5,20208,0,0
0,4,20209,0,0
1,7,20210,0,0
2,8,20211,0,0
3,1,20212,0,0
4,2,20213,0,0
5,4,20214,0,0
6,8,20215,0,0
7,6,20216,0,0
0,4,20217,0,0
1,7,20218,0,0
2,7,20219,0,0
3,1,20220,0,0
4,2,20221,0,0
5,8,20222,0,0
6,8,20223,0,0
7,4,20224,0,0
0,2,20225,0,0
1,6,20226,0,0
2,6,20227,0,0
3,1,20228,0,0
4,2,20229,0,0
5,4,20230,0,0
6,8,20231,0,0
7,5,20232,0,0
0,2,20233,0,0
1,6,20234,0,0
2,6,20235,0,0
3,1,20236,0,0
4,2,20237,0,0
5,2,20238,0,0
6,8,20239,0,0
7,5,20240,0,0
0,2,20241,0,0
1,7,20242,0,0
2,4,20243,0,0
3,1,20244,0,0
4,2,20245,0,0
5,4,20246,0,0
6,2,20247,0,0
7,1,20248,0,0
0,4,20249,0,0
1,7,20250,0,0
2,4,20251,0,0
3,1,20252,0,0
4,2,20253,0,0
5,4,20254,0,0
6,2,20255,0,0
7,4,20256,0,0
0,4,20257,0,0
1,8,20258,0,0
2,4,20259,0,0
3,1,20260,0,0
4,2,20261,0,0
5,4,20262,0,0
6,8,20263,0,0
7,6,20264,0,0
0,2,20265,0,0
1,7,20266,0,0
2,4,20267,0,0
3,1,20268,0,0
4,2,20269,0,0
5,4,20270,0,0
6,1,20271,0,0
7,6,20272,0,0
0,2,20273,0,0
1,8,20274,0,0
2,1,20275,0,0
3,1,20276,0,0
4,1,20277,0,0
5,3,20278,0,0
6,8,20279,0,0
7,5,20280,0,0
0,5,20281,0,0
1,8,20282,0,0
2,6,20283,0,0
3,1,20284,0,0
4,7,20285,0,0
5,5,20286,0,0
6,8,20287,0,0
7,1,20288,0,0
0,5,20289,0,0
1,8,20290,0,0
2,7,20291,0,0
3,1,20292,0,0
4,7,20293,0,0
5,5,20294,0,0
6,1,20295,0,0
7,1,20296,0,0
0,8,20297,0,0
1,8,20298,0,0
2,7,20299,0,0
3,1,20300,0,0
4,7,20301,0,0
5,8,20302,0,0
6,8,20303,0,0
7,1,20304,0,0
0,8,20305,0,0
1,6,20306,0,0
2,7,20307,0,0
3,1,20308,0,0
4,1,20309,0,0
5,8,20310,0,0
6,2,20311,0,0
7,2,20312,0,0
0,5,20313,0,0
1,6,20314,0,0
2,7,20315,0,0
3,1,20316,0,0
4,1,20317,0,0
5,1,20318,0,0
6,2,20319,0,0
7,1,20320,0,0
0,7,20321,0,0
1,6,20322,0,0
2,7,20323,0,0
3,1,20324,0,0
4,1,20325,0,0
5,5,20326,0,0
6,8,20327,0,0
7,1,20328,0,0
0,7,20329,0,0
1,1,20330,0,0
2,4,20331,0,0
3,1,20332,0,0
4,1,20333,0,0
5,4,20334,0,0
6,8,20335,0,0
7,6,20336,0,0
0,6,20337,0,0
1,6,20338,0,0
2,4,20339,0,0
3,1,20340,0,0
4,1,20341,0,0
5,8,20342,0,0
6,8,20343,0,0
7,4,20344,0,0
0,6,20345,0,0
1,6,20346,0,0
2,6,20347,0,0
3,1,20348,0,0
4,7,20349,0,0
5,4,20350,0,0
6,8,20351,0,0
7,4,20352,0,0
0,3,20353,0,0
1,6,20354,0,0
2,6,20355,0,0
3,1,20356,0,0
4,7,20357,0,0
5,4,20358,0,0
6,2,20359,0,0
7,4,20360,0,0
0,3,20361,0,0
1,6,20362,0,0
2,6,20363,0,0
3,1,20364,0,0
4,8,20365,0,0
5,8,20366,0,0
6,2,20367,0,0
7,3,20368,0,0
0,2,20369,0,0
1,6,20370,0,0
2,5,20371,0,0
3,3,20372,0,0
4,7,20373,0,0
5,2,20374,0,0
6,2,20375,0,0
7,3,20376,0,0
0,2,20377,0,0
1,3,20378,0,0
2,8,20379,0,0
3,3,20380,0,0
4,7,20381,0,0
5,1,20382,0,0
6,4,20383,0,0
7,4,20384,0,0
0,2,20385,0,0
1,3,20386,0,0
2,1,20387,0,0
3,3,20388,0,0
4,1,20389,0,0
5,8,20390,0,0
6,4,20391,0,0
7,6,20392,0,0
0,3,20393,0,0
1,7,20394,0,0
2,2,20395,0,0
3,3,20396,0,0
4,6,20397,0,0
5,4,20398,0,0
6,2,20399,0,0
7,6,20400,0,0
0,3,20401,0,0
1,7,20402,0,0
2,6,20403,0,0
3,3,20404,0,0
4,6,20405,0,0
5,8,20406,0,0
6,2,20407,0,0
7,6,20408,0,0
0,3,20409,0,0
1,6,20410,0,0
2,6,20411,0,0
3,3,20412,0,0
4,1,20413,0,0
5,1,20414,0,0
6,2,20415,0,0
7,1,20416,0,0
0,3,20417,0,0
1,6,20418,0,0
2,6,20419,0,0
3,3,20420,0,0
4,6,20421,0,0
5,8,20422,0,0
6,2,20423,0,0
7,1,20424,0,0
0,2,20425,0,0
1,7,20426,0,0
2,6,20427,0,0
3,3,20428,0,0
4,6,20429,0,0
5,4,20430,0,0
6,2,20431,0,0
7,1,20432,0,0
0,3,20433,0,0
1,7,20434,0,0
2,6,20435,0,0
3,3,20436,0,0
4,6,20437,0,0
5,3,20438,0,0
6,8,20439,0,0
7,4,20440,0,0
0,3,20441,0,0
1,7,20442,0,0
2,6,20443,0,0
3,3,20444,0,0
4,6,20445,0,0
5,8,20446,0,0
6,2,20447,0,0
7,4,20448,0,0
0,3,20449,0,0
1,7,20450,0,0
2,6,20451,0,0
3,3,20452,0,0
4,6,20453,0,0
5,8,20454,0,0
6,2,20455,0,0
7,1,20456,0,0
0,2,20457,0,0
1,7,20458,0,0
2,6,20459,0,0
3,3,20460,0,0
4,2,20461,0,0
5,5,20462,0,0
6,2,20463,0,0
7,1,20464,0,0
0,6,20465,0,0
1,8,20466,0,0
2,7,20467,0,0
3,1,20468,0,0
4,1,20469,0,0
5,5,20470,0,0
6,8,20471,0,0
7,1,20472,0,0
0,6,20473,0,0
1,5,20474,0,0
2,7,20475,0,0
3,1,20476,0,0
4,1,20477,0,0
5,5,20478,0,0
6,1,20479,0,0
7,5,20480,0,0
0,6,20481,0,0
1,8,20482,0,0
2,7,20483,0,0
3,1,20484,0,0
4,8,20485,0,0
5,8,20486,0,0
6,1,20487,0,0
7,5,20488,0,0
0,5,20489,0,0
1,8,20490,0,0
2,7,20491,0,0
3,1,20492,0,0
4,8,20493,0,0
5,5,20494,0,0
6,1,20495,0,0
7,5,20496,0,0
0,7,20497,0,0
1,7,20498,0,0
2,7,20499,0,0
3,1,20500,0,0
4,7,20501,0,0
5,7,20502,0,0
6,1,20503,0,0
7,1,20504,0,0
0,7,20505,0,0
1,8,20506,0,0
2,7,20507,0,0
3,1,20508,0,0
4,7,20509,0,0
5,7,20510,0,0
6,1,20511,0,0
7,1,20512,0,0
0,7,20513,0,0
1,8,20514,0,0
2,7,20515,0,0
3,1,20516,0,0
4,7,20517,0,0
5,8,20518,0,0
6,1,20519,0,0
7,1,20520,0,0
0,7,20521,0,0
1,7,20522,0,0
2,6,20523,0,0
3,1,20524,0,0
4,7,20525,0,0
5,1,20526,0,0
6,1,20527,0,0
7,3,20528,0,0
0,7,20529,0,0
1,7,20530,0,0
2,5,20531,0,0
3,1,20532,0,0
4,1,20533,0,0
5,1,20534,0,0
6,1,20535,0,0
7,5,20536,0,0
0,5,20537,0,0
1,7,20538,0,0
2,5,20539,0,0
3,6,20540,0,0
4,1,20541,0,0
5,1,20542,0,0
6,1,20543,0,0
7,5,20544,0,0
0,7,20545,0,0
1,8,20546,0,0
2,5,20547,0,0
3,1,20548,0,0
4,1,20549,0,0
5,8,20550,0,0
6,1,20551,0,0
7,5,20552,0,0
0,7,20553,0,0
1,8,20554,0,0
2,5,20555,0,0
3,1,20556,0,0
4,1,20557,0,0
5,3,20558,0,0
6,1,20559,0,0
7,5,20560,0,0
0,8,20561,0,0
1,8,20562,0,0
2,8,20563,0,0
3,1,20564,0,0
4,1,20565,0,0
5,3,20566,0,0
6,8,20567,0,0
7,3,20568,0,0
0,8,20569,0,0
1,8,20570,0,0
2,8,20571,0,0
3,1,20572,0,0
4,1,20573,0,0
5,8,20574,0,0
6,1,20575,0,0
7,3,20576,0,0
0,5,20577,0,0
1,8,20578,0,0
2,8,20579,0,0
3,1,20580,0,0
4,1,20581,0,0
5,7,20582,0,0
6,1,20583,0,0
7,2,20584,0,0
0,8,20585,0,0
1,8,20586,0,0
2,8,20587,0,0
3,2,20588,0,0
4,1,20589,0,0
5,7,20590,0,0
6,1,20591,0,0
7,2,20592,0,0
0,8,20593,0,0
1,8,20594,0,0
2,8,20595,0,0
3,2,20596,0,0
4,1,20597,0,0
5,7,20598,0,0
6,8,20599,0,0
7,2,20600,0,0
0,5,20601,0,0
1,8,20602,0,0
2,8,20603,0,0
3,1,20604,0,0
4,1,20605,0,0
5,7,20606,0,0
6,8,20607,0,0
7,1,20608,0,0
0,8,20609,0,0
1,8,20610,0,0
2,8,20611,0,0
3,1,20612,0,0
4,1,20613,0,0
5,7,20614,0,0
6,8,20615,0,0
7,1,20616,0,0
0,8,20617,0,0
1,8,20618,0,0
2,8,20619,0,0
3,1,20620,0,0
4,1,20621,0,0
5,7,20622,0,0
6,1,20623,0,0
7,2,20624,0,0
0,8,20625,0,0
1,8,20626,0,0
2,8,20627,0,0
3,1,20628,0,0
4,1,20629,0,0
5,7,20630,0,0
6,1,20631,0,0
7,1,20632,0,0
0,7,20633,0,0
1,8,20634,0,0
2,8,20635,0,0
3,1,20636,0,0
4,1,20637,0,0
5,7,20638,0,0
6,1,20639,0,0
7,2,20640,0,0
0,8,20641,0,0
1,8,20642,0,0
2,8,20643,0,0
3,1,20644,0,0
4,1,20645,0,0
5,7,20646,0,0
6,1,20647,0,0
7,2,20648,0,0
0,5,20649,0,0
1,1,20650,0,0
2,8,20651,0,0
3,1,20652,0,0
4,1,20653,0,0
5,7,20654,0,0
6,1,20655,0,0
7,1,20656,0,0
0,5,20657,0,0
1,1,20658,0,0
2,8,20659,0,0
3,1,20660,0,0
4,1,20661,0,0
5,8,20662,0,0
6,1,20663,0,0
7,1,20664,0,0
0,5,20665,0,0
1,1,20666,0,0
2,8,20667,0,0
3,1,20668,0,0
4,1,20669,0,0
5,7,20670,0,0
6,1,20671,0,0
7,1,20672,0,0
0,8,20673,0,0
1,1,20674,0,0
2,8,20675,0,0
3,1,20676,0,0
4,1,20677,0,0
5,1,20678,0,0
6,1,20679,0,0
7,4,20680,0,0
0,8,20681,0,0
1,1,20682,0,0
2,8,20683,0,0
3,1,20684,0,0
4,1,20685,0,0
5,1,20686,0,0
6,1,20687,0,0
7,4,20688,0,0
0,6,20689,0,0
1,1,20690,0,0
2,7,20691,0,0
3,1,20692,0,0
4,2,20693,0,0
5,8,20694,0,0
6,5,20695,0,0
7,3,20696,0,0
0,6,20697,0,0
1,1,20698,0,0
2,7,20699,0,0
3,1,20700,0,0
4,1,20701,0,0
5,8,20702,0,0
6,8,20703,0,0
7,1,20704,0,0
0,6,20705,0,0
1,1,20706,0,0
2,7,20707,0,0
3,1,20708,0,0
4,1,20709,0,0
5,2,20710,0,0
6,1,20711,0,0
7,1,20712,0,0
0,6,20713,0,0
1,1,20714,0,0
2,7,20715,0,0
3,1,20716,0,0
4,1,20717,0,0
5,2,20718,0,0
6,8,20719,0,0
7,4,20720,0,0
0,5,20721,0,0
1,8,20722,0,0
2,8,20723,0,0
3,1,20724,0,0
4,1,20725,0,0
5,2,20726,0,0
6,8,20727,0,0
7,3,20728,0,0
0,6,20729,0,0
1,8,20730,0,0
2,8,20731,0,0
3,1,20732,0,0
4,7,20733,0,0
5,5,20734,0,0
6,8,20735,0,0
7,5,20736,0,0
0,6,20737,0,0
1,8,20738,0,0
2,1,20739,0,0
3,1,20740,0,0
4,1,20741,0,0
5,1,20742,0,0
6,1,20743,0,0
7,2,20744,0,0
0,6,20745,0,0
1,1,20746,0,0
2,8,20747,0,0
3,1,20748,0,0
4,1,20749,0,0
5,1,20750,0,0
6,8,20751,0,0
7,6,20752,0,0
0,5,20753,0,0
1,1,20754,0,0
2,8,20755,0,0
3,1,20756,0,0
4,1,20757,0,0
5,8,20758,0,0
6,1,20759,0,0
7,7,20760,0,0
0,5,20761,0,0
1,1,20762,0,0
2,1,20763,0,0
3,1,20764,0,0
4,1,20765,0,0
5,1,20766,0,0
6,1,20767,0,0
7,6,20768,0,0
0,5,20769,0,0
1,1,20770,0,0
2,8,20771,0,0
3,1,20772,0,0
4,7,20773,0,0
5,1,20774,0,0
6,8,20775,0,0
7,6,20776,0,0
0,6,20777,0,0
1,8,20778,0,0
2,8,20779,0,0
3,1,20780,0,0
4,7,20781,0,0
5,1,20782,0,0
6,8,20783,0,0
7,6,20784,0,0
0,5,20785,0,0
1,1,20786,0,0
2,8,20787,0,0
3,8,20788,0,0
4,7,20789,0,0
5,1,20790,0,0
6,8,20791,0,0
7,6,20792,0,0
0,6,20793,0,0
1,1,20794,0,0
2,8,20795,0,0
3,1,20796,0,0
4,8,20797,0,0
5,8,20798,0,0
6,8,20799,0,0
7,6,20800,0,0
0,6,20801,0,0
1,1,20802,0,0
2,7,20803,0,0
3,1,20804,0,0
4,7,20805,0,0
5,7,20806,0,0
6,8,20807,0,0
7,6,20808,0,0
0,8,20809,0,0
1,1,20810,0,0
2,7,20811,0,0
3,1,20812,0,0
4,8,20813,0,0
5,8,20814,0,0
6,8,20815,0,0
7,6,20816,0,0
0,8,20817,0,0
1,1,20818,0,0
2,7,20819,0,0
3,5,20820,0,0
4,7,20821,0,0
5,7,20822,0,0
6,0,20823,0,0
7,7,20824,0,0
0,7,20825,0,0
1,1,20826,0,0
2,7,20827,0,0
3,5,20828,0,0
4,7,20829,0,0
5,7,20830,0,0
6,8,20831,0,0
7,7,20832,0,0
0,7,20833,0,0
1,1,20834,0,0
2,8,20835,0,0
3,7,20836,0,0
4,7,20837,0,0
5,7,20838,0,0
6,8,20839,0,0
7,1,20840,0,0
0,5,20841,0,0
1,1,20842,0,0
2,8,20843,0,0
3,6,20844,0,0
4,7,20845,0,0
5,7,20846,0,0
6,0,20847,0,0
7,1,20848,0,0
0,7,20849,0,0
1,1,20850,0,0
2,8,20851,0,0
3,6,20852,0,0
4,8,20853,0,0
5,7,20854,0,0
6,1,20855,0,0
7,2,20856,0,0
0,7,20857,0,0
1,1,20858,0,0
2,8,20859,0,0
3,1,20860,0,0
4,8,20861,0,0
5,7,20862,0,0
6,8,20863,0,0
7,1,20864,0,0
0,5,20865,0,0
1,7,20866,0,0
2,8,20867,0,0
3,1,20868,0,0
4,7,20869,0,0
5,7,20870,0,0
6,8,20871,0,0
7,5,20872,0,0
0,5,20873,0,0
1,8,20874,0,0
2,5,20875,0,0
3,1,20876,0,0
4,8,20877,0,0
5,1,20878,0,0
6,8,20879,0,0
7,5,20880,0,0
0,5,20881,0,0
1,8,20882,0,0
2,8,20883,0,0
3,1,20884,0,0
4,7,20885,0,0
5,1,20886,0,0
6,0,20887,0,0
7,5,20888,0,0
0,5,20889,0,0
1,8,20890,0,0
2,8,20891,0,0
3,1,20892,0,0
4,7,20893,0,0
5,1,20894,0,0
6,0,20895,0,0
7,5,20896,0,0
0,5,20897,0,0
1,8,20898,0,0
2,8,20899,0,0
3,1,20900,0,0
4,7,20901,0,0
5,1,20902,0,0
6,1,20903,0,0
7,5,20904,0,0
0,6,20905,0,0
1,8,20906,0,0
2,1,20907,0,0
3,1,20908,0,0
4,7,20909,0,0
5,7,20910,0,0
6,1,20911,0,0
7,5,20912,0,0
0,6,20913,0,0
1,8,20914,0,0
2,8,20915,0,0
3,1,20916,0,0
4,7,20917,0,0
5,7,20918,0,0
6,8,20919,0,0
7,7,20920,0,0
0,6,20921,0,0
1,1,20922,0,0
2,8,20923,0,0
3,1,20924,0,0
4,7,20925,0,0
5,7,20926,0,0
6,8,20927,0,0
7,7,20928,0,0
0,6,20929,0,0
1,7,20930,0,0
2,7,20931,0,0
3,1,20932,0,0
4,7,20933,0,0
5,7,20934,0,0
6,8,20935,0,0
7,5,20936,0,0
0,5,20937,0,0
1,6,20938,0,0
2,8,20939,0,0
3,1,20940,0,0
4,1,20941,0,0
5,7,20942,0,0
6,8,20943,0,0
7,5,20944,0,0
0,3,20945,0,0
1,6,20946,0,0
2,7,20947,0,0
3,1,20948,0,0
4,2,20949,0,0
5,7,20950,0,0
6,8,20951,0,0
7,5,20952,0,0
0,3,20953,0,0
1,6,20954,0,0
2,7,20955,0,0
3,1,20956,0,0
4,2,20957,0,0
5,7,20958,0,0
6,8,20959,0,0
7,5,20960,0,0
0,2,20961,0,0
1,7,20962,0,0
2,7,20963,0,0
3,1,20964,0,0
4,2,20965,0,0
5,7,20966,0,0
6,1,20967,0,0
7,7,20968,0,0
0,4,20969,0,0
1,6,20970,0,0
2,7,20971,0,0
3,1,20972,0,0
4,1,20973,0,0
5,7,20974,0,0
6,1,20975,0,0
7,6,20976,0,0
0,4,20977,0,0
1,7,20978,0,0
2,7,20979,0,0
3,1,20980,0,0
4,1,20981,0,0
5,7,20982,0,0
6,1,20983,0,0
7,5,20984,0,0
0,4,20985,0,0
1,7,20986,0,0
2,7,20987,0,0
3,1,20988,0,0
4,4,20989,0,0
5,1,20990,0,0
6,8,20991,0,0
7,1,20992,0,0
0,4,20993,0,0
1,4,20994,0,0
2,7,20995,0,0
3,1,20996,0,0
4,1,20997,0,0
5,7,20998,0,0
6,8,20999,0,0
7,1,21000,0,0
0,4,21001,0,0
1,7,21002,0,0
2,7,21003,0,0
3,1,21004,0,0
4,4,21005,0,0
5,1,21006,0,0
6,8,21007,0,0
7,1,21008,0,0
0,3,21009,0,0
1,7,21010,0,0
2,8,21011,0,0
3,1,21012,0,0
4,4,21013,0,0
5,1,21014,0,0
6,2,21015,0,0
7,1,21016,0,0
0,6,21017,0,0
1,1,21018,0,0
2,8,21019,0,0
3,1,21020,0,0
4,4,21021,0,0
5,1,21022,0,0
6,1,21023,0,0
7,1,21024,0,0
0,6,21025,0,0
1,4,21026,0,0
2,8,21027,0,0
3,1,21028,0,0
4,4,21029,0,0
5,7,21030,0,0
6,1,21031,0,0
7,5,21032,0,0
0,6,21033,0,0
1,7,21034,0,0
2,8,21035,0,0
3,8,21036,0,0
4,4,21037,0,0
5,8,21038,0,0
6,8,21039,0,0
7,5,21040,0,0
0,2,21041,0,0
1,7,21042,0,0
2,8,21043,0,0
3,8,21044,0,0
4,4,21045,0,0
5,1,21046,0,0
6,8,21047,0,0
7,5,21048,0,0
0,3,21049,0,0
1,7,21050,0,0
2,8,21051,0,0
3,1,21052,0,0
4,4,21053,0,0
5,2,21054,0,0
6,1,21055,0,0
7,7,21056,0,0
0,6,21057,0,0
1,7,21058,0,0
2,8,21059,0,0
3,1,21060,0,0
4,4,21061,0,0
5,1,21062,0,0
6,1,21063,0,0
7,1,21064,0,0
0,6,21065,0,0
1,7,21066,0,0
2,8,21067,0,0
3,1,21068,0,0
4,4,21069,0,0
5,1,21070,0,0
6,1,21071,0,0
7,1,21072,0,0
0,6,21073,0,0
1,7,21074,0,0
2,8,21075,0,0
3,3,21076,0,0
4,4,21077,0,0
5,4,21078,0,0
6,1,21079,0,0
7,1,21080,0,0
0,4,21081,0,0
1,7,21082,0,0
2,8,21083,0,0
3,3,21084,0,0
4,4,21085,0,0
5,2,21086,0,0
6,1,21087,0,0
7,1,21088,0,0
0,4,21089,0,0
1,7,21090,0,0
2,8,21091,0,0
3,3,21092,0,0
4,4,21093,0,0
5,2,21094,0,0
6,8,21095,0,0
7,0,21096,0,0
0,4,21097,0,0
1,7,21098,0,0
2,8,21099,0,0
3,3,21100,0,0
4,4,21101,0,0
5,1,21102,0,0
6,8,21103,0,0
7,0,21104,0,0
0,4,21105,0,0
1,7,21106,0,0
2,8,21107,0,0
3,3,21108,0,0
4,4,21109,0,0
5,7,21110,0,0
6,8,21111,0,0
7,0,21112,0,0
0,2,21113,0,0
1,7,21114,0,0
2,8,21115,0,0
3,3,21116,0,0
4,4,21117,0,0
5,7,21118,0,0
6,8,21119,0,0
7,0,21120,0,0
0,4,21121,0,0
1,7,21122,0,0
2,8,21123,0,0
3,3,21124,0,0
4,4,21125,0,0
5,1,21126,0,0
6,8,21127,0,0
7,0,21128,0,0
0,4,21129,0,0
1,7,21130,0,0
2,8,21131,0,0
3,3,21132,0,0
4,4,21133,0,0
5,1,21134,0,0
6,8,21135,0,0
7,5,21136,0,0
0,6,21137,0,0
1,7,21138,0,0
2,8,21139,0,0
3,3,21140,0,0
4,4,21141,0,0
5,1,21142,0,0
6,8,21143,0,0
7,5,21144,0,0
0,4,21145,0,0
1,7,21146,0,0
2,2,21147,0,0
3,3,21148,0,0
4,4,21149,0,0
5,1,21150,0,0
6,1,21151,0,0
7,0,21152,0,0
0,3,21153,0,0
1,7,21154,0,0
2,2,21155,0,0
3,3,21156,0,0
4,4,21157,0,0
5,1,21158,0,0
6,1,21159,0,0
7,0,21160,0,0
0,2,21161,0,0
1,1,21162,0,0
2,2,21163,0,0
3,3,21164,0,0
4,4,21165,0,0
5,1,21166,0,0
6,1,21167,0,0
7,0,21168,0,0
0,2,21169,0,0
1,1,21170,0,0
2,2,21171,0,0
3,3,21172,0,0
4,4,21173,0,0
5,1,21174,0,0
6,1,21175,0,0
7,0,21176,0,0
0,2,21177,0,0
1,1,21178,0,0
2,8,21179,0,0
3,3,21180,0,0
4,4,21181,0,0
5,7,21182,0,0
6,1,21183,0,0
7,0,21184,0,0
0,4,21185,0,0
1,7,21186,0,0
2,8,21187,0,0
3,3,21188,0,0
4,4,21189,0,0
5,7,21190,0,0
6,1,21191,0,0
7,0,21192,0,0
0,4,21193,0,0
1,7,21194,0,0
2,8,21195,0,0
3,3,21196,0,0
4,4,21197,0,0
5,1,21198,0,0
6,1,21199,0,0
7,7,21200,0,0
0,2,21201,0,0
1,7,21202,0,0
2,8,21203,0,0
3,1,21204,0,0
4,4,21205,0,0
5,1,21206,0,0
6,1,21207,0,0
7,4,21208,0,0
0,2,21209,0,0
1,7,21210,0,0
2,0,21211,0,0
3,1,21212,0,0
4,4,21213,0,0
5,1,21214,0,0
6,8,21215,0,0
7,0,21216,0,0
0,2,21217,0,0
1,7,21218,0,0
2,8,21219,0,0
3,7,21220,0,0
4,4,21221,0,0
5,1,21222,0,0
6,8,21223,0,0
7,0,21224,0,0
0,4,21225,0,0
1,7,21226,0,0
2,8,21227,0,0
3,1,21228,0,0
4,4,21229,0,0
5,1,21230,0,0
6,8,21231,0,0
7,0,21232,0,0
0,2,21233,0,0
1,7,21234,0,0
2,1,21235,0,0
3,1,21236,0,0
4,4,21237,0,0
5,1,21238,0,0
6,8,21239,0,0
7,0,21240,0,0
0,3,21241,0,0
1,6,21242,0,0
2,6,21243,0,0
3,7,21244,0,0
4,4,21245,0,0
5,1,21246,0,0
6,8,21247,0,0
7,0,21248,0,0
0,3,21249,0,0
1,7,21250,0,0
2,7,21251,0,0
3,0,21252,0,0
4,4,21253,0,0
5,1,21254,0,0
6,8,21255,0,0
7,0,21256,0,0
0,3,21257,0,0
1,7,21258,0,0
2,8,21259,0,0
3,0,21260,0,0
4,4,21261,0,0
5,1,21262,0,0
6,3,21263,0,0
7,0,21264,0,0
0,3,21265,0,0
1,1,21266,0,0
2,8,21267,0,0
3,0,21268,0,0
4,4,21269,0,0
5,1,21270,0,0
6,3,21271,0,0
7,0,21272,0,0
0,3,21273,0,0
1,1,21274,0,0
2,8,21275,0,0
3,0,21276,0,0
4,4,21277,0,0
5,8,21278,0,0
6,3,21279,0,0
7,0,21280,0,0
0,3,21281,0,0
1,7,21282,0,0
2,1,21283,0,0
3,0,21284,0,0
4,4,21285,0,0
5,1,21286,0,0
6,3,21287,0,0
7,0,21288,0,0
0,3,21289,0,0
1,7,21290,0,0
2,8,21291,0,0
3,0,21292,0,0
4,1,21293,0,0
5,1,21294,0,0
6,3,21295,0,0
7,0,21296,0,0
0,3,21297,0,0
1,1,21298,0,0
2,8,21299,0,0
3,0,21300,0,0
4,1,21301,0,0
5,1,21302,0,0
6,3,21303,0,0
7,0,21304,0,0
0,3,21305,0,0
1,1,21306,0,0
2,1,21307,0,0
3,1,21308,0,0
4,1,21309,0,0
5,1,21310,0,0
6,3,21311,0,0
7,0,21312,0,0
0,3,21313,0,0
1,1,21314,0,0
2,1,21315,0,0
3,6,21316,0,0
4,1,21317,0,0
5,1,21318,0,0
6,3,21319,0,0
7,0,21320,0,0
0,2,21321,0,0
1,7,21322,0,0
2,1,21323,0,0
3,6,21324,0,0
4,1,21325,0,0
5,8,21326,0,0
6,3,21327,0,0
7,0,21328,0,0
0,2,21329,0,0
1,7,21330,0,0
2,8,21331,0,0
3,6,21332,0,0
4,1,21333,0,0
5,8,21334,0,0
6,2,21335,0,0
7,0,21336,0,0
0,2,21337,0,0
1,7,21338,0,0
2,7,21339,0,0
3,8,21340,0,0
4,1,21341,0,0
5,8,21342,0,0
6,2,21343,0,0
7,0,21344,0,0
0,2,21345,0,0
1,7,21346,0,0
2,7,21347,0,0
3,8,21348,0,0
4,1,21349,0,0
5,8,21350,0,0
6,8,21351,0,0
7,0,21352,0,0
0,2,21353,0,0
1,7,21354,0,0
2,7,21355,0,0
3,8,21356,0,0
4,4,21357,0,0
5,8,21358,0,0
6,2,21359,0,0
7,0,21360,0,0
0,2,21361,0,0
1,6,21362,0,0
2,7,21363,0,0
3,8,21364,0,0
4,4,21365,0,0
5,1,21366,0,0
6,3,21367,0,0
7,0,21368,0,0
0,3,21369,0,0
1,4,21370,0,0
2,7,21371,0,0
3,8,21372,0,0
4,4,21373,0,0
5,1,21374,0,0
6,2,21375,0,0
7,0,21376,0,0
0,3,21377,0,0
1,7,21378,0,0
2,6,21379,0,0
3,8,21380,0,0
4,4,21381,0,0
5,1,21382,0,0
6,2,21383,0,0
7,0,21384,0,0
0,3,21385,0,0
1,7,21386,0,0
2,6,21387,0,0
3,8,21388,0,0
4,4,21389,0,0
5,1,21390,0,0
6,3,21391,0,0
7,0,21392,0,0
0,2,21393,0,0
1,7,21394,0,0
2,6,21395,0,0
3,1,21396,0,0
4,4,21397,0,0
5,1,21398,0,0
6,3,21399,0,0
7,0,21400,0,0
0,2,21401,0,0
1,7,21402,0,0
2,7,21403,0,0
3,1,21404,0,0
4,1,21405,0,0
5,1,21406,0,0
6,8,21407,0,0
7,0,21408,0,0
0,4,21409,0,0
1,7,21410,0,0
2,8,21411,0,0
3,1,21412,0,0
4,1,21413,0,0
5,1,21414,0,0
6,2,21415,0,0
7,0,21416,0,0
0,2,21417,0,0
1,1,21418,0,0
2,8,21419,0,0
3,1,21420,0,0
4,8,21421,0,0
5,1,21422,0,0
6,3,21423,0,0
7,3,21424,0,0
0,2,21425,0,0
1,1,21426,0,0
2,8,21427,0,0
3,1,21428,0,0
4,1,21429,0,0
5,1,21430,0,0
6,4,21431,0,0
7,4,21432,0,0
0,4,21433,0,0
1,1,21434,0,0
2,8,21435,0,0
3,1,21436,0,0
4,7,21437,0,0
5,1,21438,0,0
6,4,21439,0,0
7,0,21440,0,0
0,3,21441,0,0
1,1,21442,0,0
2,8,21443,0,0
3,1,21444,0,0
4,1,21445,0,0
5,1,21446,0,0
6,2,21447,0,0
7,0,21448,0,0
0,2,21449,0,0
1,1,21450,0,0
2,8,21451,0,0
3,1,21452,0,0
4,1,21453,0,0
5,1,21454,0,0
6,8,21455,0,0
7,0,21456,0,0
0,3,21457,0,0
1,7,21458,0,0
2,8,21459,0,0
3,1,21460,0,0
4,1,21461,0,0
5,1,21462,0,0
6,6,21463,0,0
7,0,21464,0,0
0,2,21465,0,0
1,7,21466,0,0
2,8,21467,0,0
3,1,21468,0,0
4,8,21469,0,0
5,1,21470,0,0
6,2,21471,0,0
7,0,21472,0,0
0,3,21473,0,0
1,1,21474,0,0
2,8,21475,0,0
3,1,21476,0,0
4,7,21477,0,0
5,1,21478,0,0
6,2,21479,0,0
7,0,21480,0,0
0,4,21481,0,0
1,1,21482,0,0
2,7,21483,0,0
3,1,21484,0,0
4,1,21485,0,0
5,1,21486,0,0
6,2,21487,0,0
7,0,21488,0,0
0,4,21489,0,0
1,7,21490,0,0
2,7,21491,0,0
3,1,21492,0,0
4,2,21493,0,0
5,1,21494,0,0
6,2,21495,0,0
7,2,21496,0,0
0,2,21497,0,0
1,7,21498,0,0
2,7,21499,0,0
3,7,21500,0,0
4,1,21501,0,0
5,1,21502,0,0
6,2,21503,0,0
7,5,21504,0,0
0,2,21505,0,0
1,7,21506,0,0
2,7,21507,0,0
3,1,21508,0,0
4,1,21509,0,0
5,1,21510,0,0
6,3,21511,0,0
7,0,21512,0,0
0,2,21513,0,0
1,1,21514,0,0
2,6,21515,0,0
3,1,21516,0,0
4,1,21517,0,0
5,7,21518,0,0
6,3,21519,0,0
7,0,21520,0,0
0,3,21521,0,0
1,7,21522,0,0
2,8,21523,0,0
3,1,21524,0,0
4,1,21525,0,0
5,7,21526,0,0
6,2,21527,0,0
7,0,21528,0,0
0,2,21529,0,0
1,7,21530,0,0
2,8,21531,0,0
3,1,21532,0,0
4,1,21533,0,0
5,7,21534,0,0
6,2,21535,0,0
7,7,21536,0,0
0,2,21537,0,0
1,7,21538,0,0
2,8,21539,0,0
3,1,21540,0,0
4,1,21541,0,0
5,7,21542,0,0
6,2,21543,0,0
7,7,21544,0,0
0,2,21545,0,0
1,7,21546,0,0
2,1,21547,0,0
3,1,21548,0,0
4,2,21549,0,0
5,7,21550,0,0
6,8,21551,0,0
7,6,21552,0,0
0,4,21553,0,0
1,1,21554,0,0
2,1,21555,0,0
3,1,21556,0,0
4,2,21557,0,0
5,7,21558,0,0
6,5,21559,0,0
7,5,21560,0,0
0,4,21561,0,0
1,1,21562,0,0
2,6,21563,0,0
3,3,21564,0,0
4,2,21565,0,0
5,7,21566,0,0
6,0,21567,0,0
7,5,21568,0,0
0,2,21569,0,0
1,7,21570,0,0
2,6,21571,0,0
3,3,21572,0,0
4,1,21573,0,0
5,7,21574,0,0
6,2,21575,0,0
7,5,21576,0,0
0,2,21577,0,0
1,7,21578,0,0
2,6,21579,0,0
3,3,21580,0,0
4,6,21581,0,0
5,7,21582,0,0
6,8,21583,0,0
7,5,21584,0,0
0,2,21585,0,0
1,7,21586,0,0
2,6,21587,0,0
3,3,21588,0,0
4,2,21589,0,0
5,7,21590,0,0
6,8,21591,0,0
7,5,21592,0,0
0,2,21593,0,0
1,1,21594,0,0
2,6,21595,0,0
3,3,21596,0,0
4,2,21597,0,0
5,7,21598,0,0
6,8,21599,0,0
7,5,21600,0,0
0,4,21601,0,0
1,1,21602,0,0
2,7,21603,0,0
3,3,21604,0,0
4,2,21605,0,0
5,8,21606,0,0
6,8,21607,0,0
7,5,21608,0,0
0,4,21609,0,0
1,1,21610,0,0
2,7,21611,0,0
3,3,21612,0,0
4,2,21613,0,0
5,7,21614,0,0
6,8,21615,0,0
7,5,21616,0,0
0,4,21617,0,0
1,1,21618,0,0
2,8,21619,0,0
3,1,21620,0,0
4,2,21621,0,0
5,1,21622,0,0
6,8,21623,0,0
7,5,21624,0,0
0,4,21625,0,0
1,6,21626,0,0
2,8,21627,0,0
3,1,21628,0,0
4,4,21629,0,0
5,5,21630,0,0
6,8,21631,0,0
7,5,21632,0,0
0,6,21633,0,0
1,7,21634,0,0
2,8,21635,0,0
3,1,21636,0,0
4,4,21637,0,0
5,1,21638,0,0
6,8,21639,0,0
7,5,21640,0,0
0,6,21641,0,0
1,7,21642,0,0
2,8,21643,0,0
3,1,21644,0,0
4,4,21645,0,0
5,4,21646,0,0
6,8,21647,0,0
7,5,21648,0,0
0,6,21649,0,0
1,1,21650,0,0
2,8,21651,0,0
3,1,21652,0,0
4,4,21653,0,0
5,8,21654,0,0
6,8,21655,0,0
7,5,21656,0,0
0,6,21657,0,0
1,1,21658,0,0
2,8,21659,0,0
3,1,21660,0,0
4,2,21661,0,0
5,8,21662,0,0
6,2,21663,0,0
7,3,21664,0,0
0,6,21665,0,0
1,7,21666,0,0
2,1,21667,0,0
3,1,21668,0,0
4,2,21669,0,0
5,3,21670,0,0
6,2,21671,0,0
7,5,21672,0,0
0,6,21673,0,0
1,7,21674,0,0
2,1,21675,0,0
3,2,21676,0,0
4,2,21677,0,0
5,8,21678,0,0
6,8,21679,0,0
7,5,21680,0,0
0,6,21681,0,0
1,6,21682,0,0
2,1,21683,0,0
3,3,21684,0,0
4,4,21685,0,0
5,8,21686,0,0
6,8,21687,0,0
7,5,21688,0,0
0,6,21689,0,0
1,5,21690,0,0
2,8,21691,0,0
3,3,21692,0,0
4,4,21693,0,0
5,4,21694,0,0
6,2,21695,0,0
7,7,21696,0,0
0,6,21697,0,0
1,7,21698,0,0
2,8,21699,0,0
3,3,21700,0,0
4,4,21701,0,0
5,8,21702,0,0
6,1,21703,0,0
7,5,21704,0,0
0,2,21705,0,0
1,1,21706,0,0
2,6,21707,0,0
3,3,21708,0,0
4,4,21709,0,0
5,8,21710,0,0
6,8,21711,0,0
7,2,21712,0,0
0,6,21713,0,0
1,1,21714,0,0
2,7,21715,0,0
3,3,21716,0,0
4,4,21717,0,0
5,2,21718,0,0
6,8,21719,0,0
7,2,21720,0,0
0,6,21721,0,0
1,7,21722,0,0
2,8,21723,0,0
3,2,21724,0,0
4,2,21725,0,0
5,1,21726,0,0
6,8,21727,0,0
7,0,21728,0,0
0,6,21729,0,0
1,7,21730,0,0
2,6,21731,0,0
3,2,21732,0,0
4,2,21733,0,0
5,1,21734,0,0
6,1,21735,0,0
7,2,21736,0,0
0,6,21737,0,0
1,6,21738,0,0
2,6,21739,0,0
3,1,21740,0,0
4,2,21741,0,0
5,1,21742,0,0
6,1,21743,0,0
7,7,21744,0,0
0,6,21745,0,0
1,7,21746,0,0
2,7,21747,0,0
3,1,21748,0,0
4,2,21749,0,0
5,1,21750,0,0
6,1,21751,0,0
7,0,21752,0,0
0,6,21753,0,0
1,7,21754,0,0
2,6,21755,0,0
3,1,21756,0,0
4,2,21757,0,0
5,1,21758,0,0
6,1,21759,0,0
7,0,21760,0,0
0,6,21761,0,0
1,7,21762,0,0
2,6,21763,0,0
3,1,21764,0,0
4,2,21765,0,0
5,1,21766,0,0
6,1,21767,0,0
7,4,21768,0,0
0,6,21769,0,0
1,1,21770,0,0
2,6,21771,0,0
3,1,21772,0,0
4,2,21773,0,0
5,1,21774,0,0
6,1,21775,0,0
7,1,21776,0,0
0,6,21777,0,0
1,1,21778,0,0
2,6,21779,0,0
3,2,21780,0,0
4,4,21781,0,0
5,1,21782,0,0
6,1,21783,0,0
7,1,21784,0,0
0,6,21785,0,0
1,1,21786,0,0
2,1,21787,0,0
3,3,21788,0,0
4,4,21789,0,0
5,1,21790,0,0
6,1,21791,0,0
7,1,21792,0,0
0,2,21793,0,0
1,1,21794,0,0
2,1,21795,0,0
3,3,21796,0,0
4,4,21797,0,0
5,1,21798,0,0
6,1,21799,0,0
7,1,21800,0,0
0,4,21801,0,0
1,7,21802,0,0
2,6,21803,0,0
3,3,21804,0,0
4,1,21805,0,0
5,1,21806,0,0
6,1,21807,0,0
7,1,21808,0,0
0,4,21809,0,0
1,1,21810,0,0
2,8,21811,0,0
3,3,21812,0,0
4,4,21813,0,0
5,1,21814,0,0
6,1,21815,0,0
7,1,21816,0,0
0,6,21817,0,0
1,1,21818,0,0
2,8,21819,0,0
3,3,21820,0,0
4,1,21821,0,0
5,1,21822,0,0
6,8,21823,0,0
7,1,21824,0,0
0,6,21825,0,0
1,7,21826,0,0
2,1,21827,0,0
3,3,21828,0,0
4,1,21829,0,0
5,1,21830,0,0
6,1,21831,0,0
7,2,21832,0,0
0,6,21833,0,0
1,1,21834,0,0
2,2,21835,0,0
3,3,21836,0,0
4,1,21837,0,0
5,1,21838,0,0
6,1,21839,0,0
7,1,21840,0,0
0,6,21841,0,0
1,1,21842,0,0
2,2,21843,0,0
3,3,21844,0,0
4,1,21845,0,0
5,1,21846,0,0
6,1,21847,0,0
7,4,21848,0,0
0,4,21849,0,0
1,4,21850,0,0
2,2,21851,0,0
3,3,21852,0,0
4,1,21853,0,0
5,1,21854,0,0
6,8,21855,0,0
7,4,21856,0,0
0,4,21857,0,0
1,4,21858,0,0
2,2,21859,0,0
3,3,21860,0,0
4,6,21861,0,0
5,1,21862,0,0
6,8,21863,0,0
7,2,21864,0,0
0,4,21865,0,0
1,4,21866,0,0
2,2,21867,0,0
3,2,21868,0,0
4,6,21869,0,0
5,1,21870,0,0
6,2,21871,0,0
7,2,21872,0,0
0,4,21873,0,0
1,4,21874,0,0
2,2,21875,0,0
3,2,21876,0,0
4,1,21877,0,0
5,1,21878,0,0
6,1,21879,0,0
7,3,21880,0,0
0,4,21881,0,0
1,1,21882,0,0
2,2,21883,0,0
3,6,21884,0,0
4,6,21885,0,0
5,1,21886,0,0
6,2,21887,0,0
7,3,21888,0,0
0,6,21889,0,0
1,1,21890,0,0
2,8,21891,0,0
3,2,21892,0,0
4,2,21893,0,0
5,1,21894,0,0
6,8,21895,0,0
7,3,21896,0,0
0,4,21897,0,0
1,4,21898,0,0
2,8,21899,0,0
3,1,21900,0,0
4,1,21901,0,0
5,1,21902,0,0
6,1,21903,0,0
7,4,21904,0,0
0,6,21905,0,0
1,7,21906,0,0
2,8,21907,0,0
3,1,21908,0,0
4,6,21909,0,0
5,1,21910,0,0
6,8,21911,0,0
7,4,21912,0,0
0,5,21913,0,0
1,7,21914,0,0
2,8,21915,0,0
3,1,21916,0,0
4,1,21917,0,0
5,1,21918,0,0
6,2,21919,0,0
7,3,21920,0,0
0,6,21921,0,0
1,7,21922,0,0
2,8,21923,0,0
3,1,21924,0,0
4,1,21925,0,0
5,1,21926,0,0
6,1,21927,0,0
7,4,21928,0,0
0,6,21929,0,0
1,7,21930,0,0
2,8,21931,0,0
3,8,21932,0,0
4,1,21933,0,0
5,1,21934,0,0
6,2,21935,0,0
7,4,21936,0,0
0,5,21937,0,0
1,7,21938,0,0
2,8,21939,0,0
3,1,21940,0,0
4,1,21941,0,0
5,1,21942,0,0
6,2,21943,0,0
7,4,21944,0,0
0,6,21945,0,0
1,7,21946,0,0
2,8,21947,0,0
3,1,21948,0,0
4,1,21949,0,0
5,1,21950,0,0
6,8,21951,0,0
7,4,21952,0,0
0,6,21953,0,0
1,4,21954,0,0
2,8,21955,0,0
3,1,21956,0,0
4,1,21957,0,0
5,1,21958,0,0
6,2,21959,0,0
7,4,21960,0,0
0,6,21961,0,0
1,7,21962,0,0
2,8,21963,0,0
3,1,21964,0,0
4,1,21965,0,0
5,1,21966,0,0
6,6,21967,0,0
7,4,21968,0,0
0,6,21969,0,0
1,7,21970,0,0
2,8,21971,0,0
3,1,21972,0,0
4,1,21973,0,0
5,1,21974,0,0
6,8,21975,0,0
7,3,21976,0,0
0,6,21977,0,0
1,7,21978,0,0
2,8,21979,0,0
3,8,21980,0,0
4,1,21981,0,0
5,1,21982,0,0
6,2,21983,0,0
7,4,21984,0,0
0,6,21985,0,0
1,7,21986,0,0
2,8,21987,0,0
3,8,21988,0,0
4,1,21989,0,0
5,1,21990,0,0
6,2,21991,0,0
7,3,21992,0,0
0,6,21993,0,0
1,1,21994,0,0
2,1,21995,0,0
3,1,21996,0,0
4,1,21997,0,0
5,1,21998,0,0
6,1,21999,0,0
7,1,22000,0,0
0,6,22001,0,0
1,1,22002,0,0
2,1,22003,0,0
3,1,22004,0,0
4,1,22005,0,0
5,1,22006,0,0
6,8,22007,0,0
7,1,22008,0,0
0,6,22009,0,0
1,7,22010,0,0
2,7,22011,0,0
3,1,22012,0,0
4,6,22013,0,0
5,1,22014,0,0
6,2,22015,0,0
7,3,22016,0,0
0,6,22017,0,0
1,7,22018,0,0
2,7,22019,0,0
3,1,22020,0,0
4,6,22021,0,0
5,1,22022,0,0
6,2,22023,0,0
7,4,22024,0,0
0,4,22025,0,0
1,7,22026,0,0
2,7,22027,0,0
3,1,22028,0,0
4,6,22029,0,0
5,1,22030,0,0
6,2,22031,0,0
7,0,22032,0,0
0,6,22033,0,0
1,7,22034,0,0
2,7,22035,0,0
3,1,22036,0,0
4,6,22037,0,0
5,1,22038,0,0
6,2,22039,0,0
7,0,22040,0,0
0,5,22041,0,0
1,7,22042,0,0
2,7,22043,0,0
3,1,22044,0,0
4,6,22045,0,0
5,1,22046,0,0
6,2,22047,0,0
7,0,22048,0,0
0,5,22049,0,0
1,7,22050,0,0
2,7,22051,0,0
3,1,22052,0,0
4,2,22053,0,0
5,1,22054,0,0
6,2,22055,0,0
7,0,22056,0,0
0,4,22057,0,0
1,8,22058,0,0
2,7,22059,0,0
3,1,22060,0,0
4,6,22061,0,0
5,1,22062,0,0
6,8,22063,0,0
7,2,22064,0,0
0,4,22065,0,0
1,7,22066,0,0
2,7,22067,0,0
3,1,22068,0,0
4,6,22069,0,0
5,1,22070,0,0
6,2,22071,0,0
7,2,22072,0,0
0,6,22073,0,0
1,7,22074,0,0
2,8,22075,0,0
3,1,22076,0,0
4,2,22077,0,0
5,1,22078,0,0
6,2,22079,0,0
7,2,22080,0,0
0,6,22081,0,0
1,7,22082,0,0
2,8,22083,0,0
3,1,22084,0,0
4,6,22085,0,0
5,1,22086,0,0
6,2,22087,0,0
7,2,22088,0,0
0,6,22089,0,0
1,8,22090,0,0
2,8,22091,0,0
3,8,22092,0,0
4,2,22093,0,0
5,1,22094,0,0
6,2,22095,0,0
7,7,22096,0,0
0,6,22097,0,0
1,8,22098,0,0
2,8,22099,0,0
3,1,22100,0,0
4,1,22101,0,0
5,7,22102,0,0
6,3,22103,0,0
7,4,22104,0,0
0,2,22105,0,0
1,8,22106,0,0
2,7,22107,0,0
3,1,22108,0,0
4,1,22109,0,0
5,7,22110,0,0
6,2,22111,0,0
7,4,22112,0,0
0,4,22113,0,0
1,8,22114,0,0
2,7,22115,0,0
3,1,22116,0,0
4,1,22117,0,0
5,7,22118,0,0
6,2,22119,0,0
7,4,22120,0,0
0,4,22121,0,0
1,7,22122,0,0
2,7,22123,0,0
3,1,22124,0,0
4,1,22125,0,0
5,7,22126,0,0
6,2,22127,0,0
7,3,22128,0,0
0,5,22129,0,0
1,6,22130,0,0
2,7,22131,0,0
3,1,22132,0,0
4,1,22133,0,0
5,7,22134,0,0
6,2,22135,0,0
7,4,22136,0,0
0,3,22137,0,0
1,5,22138,0,0
2,7,22139,0,0
3,1,22140,0,0
4,2,22141,0,0
5,1,22142,0,0
6,2,22143,0,0
7,4,22144,0,0
0,3,22145,0,0
1,5,22146,0,0
2,6,22147,0,0
3,1,22148,0,0
4,2,22149,0,0
5,0,22150,0,0
6,2,22151,0,0
7,4,22152,0,0
0,3,22153,0,0
1,3,22154,0,0
2,7,22155,0,0
3,1,22156,0,0
4,2,22157,0,0
5,0,22158,0,0
6,2,22159,0,0
7,4,22160,0,0
0,3,22161,0,0
1,6,22162,0,0
2,4,22163,0,0
3,8,22164,0,0
4,2,22165,0,0
5,1,22166,0,0
6,8,22167,0,0
7,4,22168,0,0
0,3,22169,0,0
1,5,22170,0,0
2,7,22171,0,0
3,8,22172,0,0
4,2,22173,0,0
5,1,22174,0,0
6,8,22175,0,0
7,5,22176,0,0
0,3,22177,0,0
1,5,22178,0,0
2,7,22179,0,0
3,1,22180,0,0
4,1,22181,0,0
5,8,22182,0,0
6,8,22183,0,0
7,2,22184,0,0
0,6,22185,0,0
1,7,22186,0,0
2,7,22187,0,0
3,1,22188,0,0
4,2,22189,0,0
5,8,22190,0,0
6,2,22191,0,0
7,0,22192,0,0
0,6,22193,0,0
1,6,22194,0,0
2,7,22195,0,0
3,1,22196,0,0
4,2,22197,0,0
5,7,22198,0,0
6,2,22199,0,0
7,0,22200,0,0
0,6,22201,0,0
1,5,22202,0,0
2,7,22203,0,0
3,1,22204,0,0
4,1,22205,0,0
5,7,22206,0,0
6,2,22207,0,0
7,0,22208,0,0
0,6,22209,0,0
1,5,22210,0,0
2,7,22211,0,0
3,0,22212,0,0
4,1,22213,0,0
5,1,22214,0,0
6,2,22215,0,0
7,0,22216,0,0
0,5,22217,0,0
1,6,22218,0,0
2,7,22219,0,0
3,0,22220,0,0
4,1,22221,0,0
5,5,22222,0,0
6,2,22223,0,0
7,0,22224,0,0
0,3,22225,0,0
1,6,22226,0,0
2,7,22227,0,0
3,0,22228,0,0
4,1,22229,0,0
5,7,22230,0,0
6,8,22231,0,0
7,0,22232,0,0
0,4,22233,0,0
1,6,22234,0,0
2,7,22235,0,0
3,0,22236,0,0
4,1,22237,0,0
5,7,22238,0,0
6,2,22239,0,0
7,0,22240,0,0
0,4,22241,0,0
1,6,22242,0,0
2,7,22243,0,0
3,2,22244,0,0
4,1,22245,0,0
5,7,22246,0,0
6,8,22247,0,0
7,0,22248,0,0
0,4,22249,0,0
1,7,22250,0,0
2,8,22251,0,0
3,0,22252,0,0
4,1,22253,0,0
5,7,22254,0,0
6,8,22255,0,0
7,0,22256,0,0
0,4,22257,0,0
1,7,22258,0,0
2,8,22259,0,0
3,0,22260,0,0
4,1,22261,0,0
5,7,22262,0,0
6,8,22263,0,0
7,5,22264,0,0
0,6,22265,0,0
1,4,22266,0,0
2,8,22267,0,0
3,0,22268,0,0
4,1,22269,0,0
5,7,22270,0,0
6,8,22271,0,0
7,4,22272,0,0
0,4,22273,0,0
1,7,22274,0,0
2,8,22275,0,0
3,8,22276,0,0
4,1,22277,0,0
5,7,22278,0,0
6,8,22279,0,0
7,4,22280,0,0
0,4,22281,0,0
1,4,22282,0,0
2,6,22283,0,0
3,8,22284,0,0
4,1,22285,0,0
5,8,22286,0,0
6,8,22287,0,0
7,4,22288,0,0
0,6,22289,0,0
1,6,22290,0,0
2,6,22291,0,0
3,8,22292,0,0
4,1,22293,0,0
5,8,22294,0,0
6,8,22295,0,0
7,4,22296,0,0
0,2,22297,0,0
1,6,22298,0,0
2,6,22299,0,0
3,1,22300,0,0
4,4,22301,0,0
5,7,22302,0,0
6,8,22303,0,0
7,4,22304,0,0
0,2,22305,0,0
1,6,22306,0,0
2,7,22307,0,0
3,1,22308,0,0
4,4,22309,0,0
5,2,22310,0,0
6,8,22311,0,0
7,4,22312,0,0
0,2,22313,0,0
1,6,22314,0,0
2,7,22315,0,0
3,3,22316,0,0
4,4,22317,0,0
5,4,22318,0,0
6,8,22319,0,0
7,4,22320,0,0
0,4,22321,0,0
1,6,22322,0,0
2,8,22323,0,0
3,3,22324,0,0
4,4,22325,0,0
5,8,22326,0,0
6,2,22327,0,0
7,2,22328,0,0
0,4,22329,0,0
1,7,22330,0,0
2,8,22331,0,0
3,3,22332,0,0
4,4,22333,0,0
5,8,22334,0,0
6,2,22335,0,0
7,7,22336,0,0
0,4,22337,0,0
1,6,22338,0,0
2,8,22339,0,0
3,3,22340,0,0
4,2,22341,0,0
5,8,22342,0,0
6,2,22343,0,0
7,5,22344,0,0
0,4,22345,0,0
1,5,22346,0,0
2,8,22347,0,0
3,3,22348,0,0
4,2,22349,0,0
5,8,22350,0,0
6,8,22351,0,0
7,5,22352,0,0
0,4,22353,0,0
1,5,22354,0,0
2,8,22355,0,0
3,3,22356,0,0
4,2,22357,0,0
5,8,22358,0,0
6,1,22359,0,0
7,4,22360,0,0
0,4,22361,0,0
1,6,22362,0,0
2,1,22363,0,0
3,3,22364,0,0
4,2,22365,0,0
5,8,22366,0,0
6,1,22367,0,0
7,3,22368,0,0
0,4,22369,0,0
1,6,22370,0,0
2,1,22371,0,0
3,3,22372,0,0
4,2,22373,0,0
5,8,22374,0,0
6,1,22375,0,0
7,4,22376,0,0
0,4,22377,0,0
1,6,22378,0,0
2,1,22379,0,0
3,3,22380,0,0
4,4,22381,0,0
5,8,22382,0,0
6,1,22383,0,0
7,4,22384,0,0
0,4,22385,0,0
1,7,22386,0,0
2,6,22387,0,0
3,3,22388,0,0
4,4,22389,0,0
5,8,22390,0,0
6,1,22391,0,0
7,4,22392,0,0
0,4,22393,0,0
1,5,22394,0,0
2,8,22395,0,0
3,3,22396,0,0
4,4,22397,0,0
5,2,22398,0,0
6,1,22399,0,0
7,4,22400,0,0
0,4,22401,0,0
1,5,22402,0,0
2,8,22403,0,0
3,3,22404,0,0
4,4,22405,0,0
5,2,22406,0,0
6,1,22407,0,0
7,3,22408,0,0
0,4,22409,0,0
1,5,22410,0,0
2,1,22411,0,0
3,3,22412,0,0
4,4,22413,0,0
5,2,22414,0,0
6,1,22415,0,0
7,3,22416,0,0
0,4,22417,0,0
1,6,22418,0,0
2,2,22419,0,0
3,3,22420,0,0
4,4,22421,0,0
5,2,22422,0,0
6,1,22423,0,0
7,4,22424,0,0
0,4,22425,0,0
1,6,22426,0,0
2,2,22427,0,0
3,3,22428,0,0
4,4,22429,0,0
5,2,22430,0,0
6,1,22431,0,0
7,4,22432,0,0
0,4,22433,0,0
1,6,22434,0,0
2,8,22435,0,0
3,3,22436,0,0
4,4,22437,0,0
5,1,22438,0,0
6,1,22439,0,0
7,4,22440,0,0
0,2,22441,0,0
1,7,22442,0,0
2,7,22443,0,0
3,3,22444,0,0
4,4,22445,0,0
5,1,22446,0,0
6,1,22447,0,0
7,4,22448,0,0
0,4,22449,0,0
1,6,22450,0,0
2,7,22451,0,0
3,3,22452,0,0
4,4,22453,0,0
5,1,22454,0,0
6,1,22455,0,0
7,3,22456,0,0
0,4,22457,0,0
1,6,22458,0,0
2,7,22459,0,0
3,3,22460,0,0
4,4,22461,0,0
5,1,22462,0,0
6,1,22463,0,0
7,3,22464,0,0
0,4,22465,0,0
1,6,22466,0,0
2,7,22467,0,0
3,3,22468,0,0
4,4,22469,0,0
5,1,22470,0,0
6,1,22471,0,0
7,3,22472,0,0
0,4,22473,0,0
1,7,22474,0,0
2,7,22475,0,0
3,3,22476,0,0
4,4,22477,0,0
5,1,22478,0,0
6,1,22479,0,0
7,4,22480,0,0
0,4,22481,0,0
1,7,22482,0,0
2,7,22483,0,0
3,1,22484,0,0
4,4,22485,0,0
5,1,22486,0,0
6,1,22487,0,0
7,4,22488,0,0
0,4,22489,0,0
1,7,22490,0,0
2,7,22491,0,0
3,1,22492,0,0
4,4,22493,0,0
5,1,22494,0,0
6,1,22495,0,0
7,4,22496,0,0
0,4,22497,0,0
1,7,22498,0,0
2,7,22499,0,0
3,1,22500,0,0
4,4,22501,0,0
5,1,22502,0,0
6,1,22503,0,0
7,4,22504,0,0
0,4,22505,0,0
1,7,22506,0,0
2,7,22507,0,0
3,0,22508,0,0
4,3,22509,0,0
5,1,22510,0,0
6,1,22511,0,0
7,4,22512,0,0
0,4,22513,0,0
1,7,22514,0,0
2,7,22515,0,0
3,1,22516,0,0
4,2,22517,0,0
5,1,22518,0,0
6,1,22519,0,0
7,4,22520,0,0
0,4,22521,0,0
1,7,22522,0,0
2,7,22523,0,0
3,1,22524,0,0
4,2,22525,0,0
5,1,22526,0,0
6,1,22527,0,0
7,4,22528,0,0
0,4,22529,0,0
1,7,22530,0,0
2,7,22531,0,0
3,1,22532,0,0
4,2,22533,0,0
5,1,22534,0,0
6,2,22535,0,0
7,4,22536,0,0
0,4,22537,0,0
1,7,22538,0,0
2,7,22539,0,0
3,1,22540,0,0
4,2,22541,0,0
5,1,22542,0,0
6,2,22543,0,0
7,4,22544,0,0
0,4,22545,0,0
1,7,22546,0,0
2,7,22547,0,0
3,1,22548,0,0
4,2,22549,0,0
5,1,22550,0,0
6,2,22551,0,0
7,4,22552,0,0
0,4,22553,0,0
1,7,22554,0,0
2,7,22555,0,0
3,1,22556,0,0
4,4,22557,0,0
5,1,22558,0,0
6,3,22559,0,0
7,4,22560,0,0
0,4,22561,0,0
1,7,22562,0,0
2,7,22563,0,0
3,1,22564,0,0
4,2,22565,0,0
5,1,22566,0,0
6,2,22567,0,0
7,4,22568,0,0
0,4,22569,0,0
1,7,22570,0,0
2,7,22571,0,0
3,1,22572,0,0
4,2,22573,0,0
5,1,22574,0,0
6,2,22575,0,0
7,4,22576,0,0
0,2,22577,0,0
1,4,22578,0,0
2,7,22579,0,0
3,1,22580,0,0
4,2,22581,0,0
5,1,22582,0,0
6,2,22583,0,0
7,3,22584,0,0
0,2,22585,0,0
1,4,22586,0,0
2,6,22587,0,0
3,1,22588,0,0
4,4,22589,0,0
5,1,22590,0,0
6,2,22591,0,0
7,3,22592,0,0
0,2,22593,0,0
1,4,22594,0,0
2,6,22595,0,0
3,1,22596,0,0
4,4,22597,0,0
5,1,22598,0,0
6,2,22599,0,0
7,3,22600,0,0
0,4,22601,0,0
1,4,22602,0,0
2,8,22603,0,0
3,1,22604,0,0
4,4,22605,0,0
5,1,22606,0,0
6,8,22607,0,0
7,3,22608,0,0
0,4,22609,0,0
1,7,22610,0,0
2,8,22611,0,0
3,1,22612,0,0
4,2,22613,0,0
5,1,22614,0,0
6,8,22615,0,0
7,5,22616,0,0
0,4,22617,0,0
1,4,22618,0,0
2,8,22619,0,0
3,1,22620,0,0
4,6,22621,0,0
5,1,22622,0,0
6,0,22623,0,0
7,7,22624,0,0
0,5,22625,0,0
1,4,22626,0,0
2,8,22627,0,0
3,8,22628,0,0
4,7,22629,0,0
5,1,22630,0,0
6,0,22631,0,0
7,7,22632,0,0
0,6,22633,0,0
1,7,22634,0,0
2,7,22635,0,0
3,8,22636,0,0
4,7,22637,0,0
5,1,22638,0,0
6,0,22639,0,0
7,3,22640,0,0
0,6,22641,0,0
1,4,22642,0,0
2,7,22643,0,0
3,8,22644,0,0
4,7,22645,0,0
5,7,22646,0,0
6,4,22647,0,0
7,3,22648,0,0
0,6,22649,0,0
1,5,22650,0,0
2,7,22651,0,0
3,8,22652,0,0
4,1,22653,0,0
5,7,22654,0,0
6,4,22655,0,0
7,7,22656,0,0
0,6,22657,0,0
1,5,22658,0,0
2,7,22659,0,0
3,1,22660,0,0
4,1,22661,0,0
5,5,22662,0,0
6,4,22663,0,0
7,0,22664,0,0
0,4,22665,0,0
1,5,22666,0,0
2,7,22667,0,0
3,1,22668,0,0
4,1,22669,0,0
5,8,22670,0,0
6,4,22671,0,0
7,1,22672,0,0
0,5,22673,0,0
1,5,22674,0,0
2,7,22675,0,0
3,1,22676,0,0
4,2,22677,0,0
5,1,22678,0,0
6,0,22679,0,0
7,1,22680,0,0
0,6,22681,0,0
1,5,22682,0,0
2,7,22683,0,0
3,1,22684,0,0
4,1,22685,0,0
5,5,22686,0,0
6,1,22687,0,0
7,1,22688,0,0
0,6,22689,0,0
1,5,22690,0,0
2,7,22691,0,0
3,1,22692,0,0
4,1,22693,0,0
5,5,22694,0,0
6,1,22695,0,0
7,1,22696,0,0
0,6,22697,0,0
1,6,22698,0,0
2,8,22699,0,0
3,1,22700,0,0
4,6,22701,0,0
5,3,22702,0,0
6,1,22703,0,0
7,1,22704,0,0
0,5,22705,0,0
1,6,22706,0,0
2,8,22707,0,0
3,1,22708,0,0
4,4,22709,0,0
5,5,22710,0,0
6,1,22711,0,0
7,3,22712,0,0
0,5,22713,0,0
1,6,22714,0,0
2,8,22715,0,0
3,3,22716,0,0
4,4,22717,0,0
5,5,22718,0,0
6,1,22719,0,0
7,3,22720,0,0
0,2,22721,0,0
1,6,22722,0,0
2,8,22723,0,0
3,3,22724,0,0
4,4,22725,0,0
5,5,22726,0,0
6,2,22727,0,0
7,3,22728,0,0
0,2,22729,0,0
1,5,22730,0,0
2,6,22731,0,0
3,3,22732,0,0
4,4,22733,0,0
5,8,22734,0,0
6,2,22735,0,0
7,4,22736,0,0
0,6,22737,0,0
1,5,22738,0,0
2,7,22739,0,0
3,3,22740,0,0
4,4,22741,0,0
5,7,22742,0,0
6,1,22743,0,0
7,4,22744,0,0
0,6,22745,0,0
1,5,22746,0,0
2,7,22747,0,0
3,2,22748,0,0
4,4,22749,0,0
5,8,22750,0,0
6,1,22751,0,0
7,3,22752,0,0
0,4,22753,0,0
1,5,22754,0,0
2,6,22755,0,0
3,1,22756,0,0
4,4,22757,0,0
5,8,22758,0,0
6,1,22759,0,0
7,3,22760,0,0
0,4,22761,0,0
1,5,22762,0,0
2,7,22763,0,0
3,1,22764,0,0
4,4,22765,0,0
5,8,22766,0,0
6,2,22767,0,0
7,3,22768,0,0
0,4,22769,0,0
1,5,22770,0,0
2,7,22771,0,0
3,1,22772,0,0
4,4,22773,0,0
5,5,22774,0,0
6,2,22775,0,0
7,2,22776,0,0
0,2,22777,0,0
1,5,22778,0,0
2,7,22779,0,0
3,1,22780,0,0
4,4,22781,0,0
5,7,22782,0,0
6,1,22783,0,0
7,4,22784,0,0
0,4,22785,0,0
1,7,22786,0,0
2,7,22787,0,0
3,1,22788,0,0
4,4,22789,0,0
5,7,22790,0,0
6,1,22791,0,0
7,4,22792,0,0
0,4,22793,0,0
1,5,22794,0,0
2,7,22795,0,0
3,1,22796,0,0
4,4,22797,0,0
5,3,22798,0,0
6,1,22799,0,0
7,3,22800,0,0
0,4,22801,0,0
1,5,22802,0,0
2,7,22803,0,0
3,6,22804,0,0
4,4,22805,0,0
5,8,22806,0,0
6,1,22807,0,0
7,3,22808,0,0
0,2,22809,0,0
1,3,22810,0,0
2,7,22811,0,0
3,1,22812,0,0
4,4,22813,0,0
5,8,22814,0,0
6,1,22815,0,0
7,3,22816,0,0
0,2,22817,0,0
1,3,22818,0,0
2,7,22819,0,0
3,1,22820,0,0
4,4,22821,0,0
5,8,22822,0,0
6,1,22823,0,0
7,3,22824,0,0
0,4,22825,0,0
1,7,22826,0,0
2,7,22827,0,0
3,1,22828,0,0
4,4,22829,0,0
5,3,22830,0,0
6,1,22831,0,0
7,3,22832,0,0
0,4,22833,0,0
1,4,22834,0,0
2,7,22835,0,0
3,1,22836,0,0
4,4,22837,0,0
5,7,22838,0,0
6,1,22839,0,0
7,3,22840,0,0
0,4,22841,0,0
1,4,22842,0,0
2,6,22843,0,0
3,1,22844,0,0
4,4,22845,0,0
5,7,22846,0,0
6,8,22847,0,0
7,3,22848,0,0
0,6,22849,0,0
1,5,22850,0,0
2,7,22851,0,0
3,1,22852,0,0
4,4,22853,0,0
5,1,22854,0,0
6,2,22855,0,0
7,3,22856,0,0
0,6,22857,0,0
1,5,22858,0,0
2,8,22859,0,0
3,1,22860,0,0
4,1,22861,0,0
5,1,22862,0,0
6,1,22863,0,0
7,1,22864,0,0
0,2,22865,0,0
1,5,22866,0,0
2,8,22867,0,0
3,1,22868,0,0
4,1,22869,0,0
5,1,22870,0,0
6,1,22871,0,0
7,1,22872,0,0
0,2,22873,0,0
1,6,22874,0,0
2,1,22875,0,0
3,1,22876,0,0
4,1,22877,0,0
5,1,22878,0,0
6,1,22879,0,0
7,1,22880,0,0
0,4,22881,0,0
1,6,22882,0,0
2,2,22883,0,0
3,1,22884,0,0
4,1,22885,0,0
5,1,22886,0,0
6,1,22887,0,0
7,1,22888,0,0
0,4,22889,0,0
1,6,22890,0,0
2,2,22891,0,0
3,1,22892,0,0
4,1,22893,0,0
5,1,22894,0,0
6,1,22895,0,0
7,1,22896,0,0
0,4,22897,0,0
1,7,22898,0,0
2,2,22899,0,0
3,3,22900,0,0
4,4,22901,0,0
5,1,22902,0,0
6,1,22903,0,0
7,1,22904,0,0
0,4,22905,0,0
1,5,22906,0,0
2,8,22907,0,0
3,3,22908,0,0
4,4,22909,0,0
5,1,22910,0,0
6,1,22911,0,0
7,1,22912,0,0
0,4,22913,0,0
1,6,22914,0,0
2,6,22915,0,0
3,3,22916,0,0
4,4,22917,0,0
5,1,22918,0,0
6,1,22919,0,0
7,1,22920,0,0
0,2,22921,0,0
1,6,22922,0,0
2,7,22923,0,0
3,2,22924,0,0
4,4,22925,0,0
5,1,22926,0,0
6,1,22927,0,0
7,1,22928,0,0
0,2,22929,0,0
1,6,22930,0,0
2,7,22931,0,0
3,2,22932,0,0
4,4,22933,0,0
5,1,22934,0,0
6,1,22935,0,0
7,3,22936,0,0
0,4,22937,0,0
1,6,22938,0,0
2,7,22939,0,0
3,2,22940,0,0
4,4,22941,0,0
5,1,22942,0,0
6,2,22943,0,0
7,5,22944,0,0
0,4,22945,0,0
1,7,22946,0,0
2,7,22947,0,0
3,2,22948,0,0
4,4,22949,0,0
5,1,22950,0,0
6,2,22951,0,0
7,1,22952,0,0
0,5,22953,0,0
1,6,22954,0,0
2,6,22955,0,0
3,1,22956,0,0
4,4,22957,0,0
5,1,22958,0,0
6,2,22959,0,0
7,1,22960,0,0
0,5,22961,0,0
1,6,22962,0,0
2,6,22963,0,0
3,1,22964,0,0
4,6,22965,0,0
5,1,22966,0,0
6,1,22967,0,0
7,1,22968,0,0
0,5,22969,0,0
1,7,22970,0,0
2,7,22971,0,0
3,1,22972,0,0
4,4,22973,0,0
5,1,22974,0,0
6,2,22975,0,0
7,1,22976,0,0
0,5,22977,0,0
1,6,22978,0,0
2,7,22979,0,0
3,1,22980,0,0
4,4,22981,0,0
5,1,22982,0,0
6,2,22983,0,0
7,1,22984,0,0
0,5,22985,0,0
1,6,22986,0,0
2,7,22987,0,0
3,1,22988,0,0
4,4,22989,0,0
5,1,22990,0,0
6,1,22991,0,0
7,1,22992,0,0
0,5,22993,0,0
1,5,22994,0,0
2,7,22995,0,0
3,1,22996,0,0
4,4,22997,0,0
5,1,22998,0,0
6,1,22999,0,0
7,4,23000,0,0
0,6,23001,0,0
1,5,23002,0,0
2,7,23003,0,0
3,1,23004,0,0
4,4,23005,0,0
5,1,23006,0,0
6,1,23007,0,0
7,4,23008,0,0
0,6,23009,0,0
1,6,23010,0,0
2,7,23011,0,0
3,1,23012,0,0
4,4,23013,0,0
5,1,23014,0,0
6,8,23015,0,0
7,7,23016,0,0
0,6,23017,0,0
1,6,23018,0,0
2,7,23019,0,0
3,1,23020,0,0
4,4,23021,0,0
5,1,23022,0,0
6,0,23023,0,0
7,7,23024,0,0
0,6,23025,0,0
1,7,23026,0,0
2,7,23027,0,0
3,1,23028,0,0
4,1,23029,0,0
5,1,23030,0,0
6,0,23031,0,0
7,7,23032,0,0
0,6,23033,0,0
1,7,23034,0,0
2,6,23035,0,0
3,1,23036,0,0
4,1,23037,0,0
5,1,23038,0,0
6,0,23039,0,0
7,7,23040,0,0
0,6,23041,0,0
1,7,23042,0,0
2,7,23043,0,0
3,1,23044,0,0
4,1,23045,0,0
5,1,23046,0,0
6,8,23047,0,0
7,0,23048,0,0
0,6,23049,0,0
1,6,23050,0,0
2,7,23051,0,0
3,1,23052,0,0
4,1,23053,0,0
5,1,23054,0,0
6,8,23055,0,0
7,4,23056,0,0
0,5,23057,0,0
1,6,23058,0,0
2,6,23059,0,0
3,1,23060,0,0
4,6,23061,0,0
5,1,23062,0,0
6,1,23063,0,0
7,3,23064,0,0
0,5,23065,0,0
1,6,23066,0,0
2,6,23067,0,0
3,1,23068,0,0
4,4,23069,0,0
5,1,23070,0,0
6,1,23071,0,0
7,5,23072,0,0
0,6,23073,0,0
1,6,23074,0,0
2,7,23075,0,0
3,8,23076,0,0
4,4,23077,0,0
5,1,23078,0,0
6,1,23079,0,0
7,5,23080,0,0
0,6,23081,0,0
1,5,23082,0,0
2,8,23083,0,0
3,8,23084,0,0
4,2,23085,0,0
5,1,23086,0,0
6,8,23087,0,0
7,3,23088,0,0
0,5,23089,0,0
1,6,23090,0,0
2,8,23091,0,0
3,8,23092,0,0
4,6,23093,0,0
5,1,23094,0,0
6,8,23095,0,0
7,4,23096,0,0
0,6,23097,0,0
1,6,23098,0,0
2,6,23099,0,0
3,1,23100,0,0
4,6,23101,0,0
5,1,23102,0,0
6,6,23103,0,0
7,6,23104,0,0
0,6,23105,0,0
1,6,23106,0,0
2,6,23107,0,0
3,1,23108,0,0
4,6,23109,0,0
5,8,23110,0,0
6,6,23111,0,0
7,6,23112,0,0
0,6,23113,0,0
1,6,23114,0,0
2,6,23115,0,0
3,6,23116,0,0
4,6,23117,0,0
5,8,23118,0,0
6,4,23119,0,0
7,6,23120,0,0
0,6,23121,0,0
1,6,23122,0,0
2,7,23123,0,0
3,6,23124,0,0
4,6,23125,0,0
5,8,23126,0,0
6,3,23127,0,0
7,6,23128,0,0
0,6,23129,0,0
1,6,23130,0,0
2,7,23131,0,0
3,5,23132,0,0
4,6,23133,0,0
5,8,23134,0,0
6,1,23135,0,0
7,6,23136,0,0
0,6,23137,0,0
1,6,23138,0,0
2,7,23139,0,0
3,5,23140,0,0
4,6,23141,0,0
5,8,23142,0,0
6,1,23143,0,0
7,6,23144,0,0
0,6,23145,0,0
1,6,23146,0,0
2,7,23147,0,0
3,5,23148,0,0
4,6,23149,0,0
5,8,23150,0,0
6,1,23151,0,0
7,5,23152,0,0
0,6,23153,0,0
1,6,23154,0,0
2,7,23155,0,0
3,5,23156,0,0
4,6,23157,0,0
5,8,23158,0,0
6,1,23159,0,0
7,6,23160,0,0
0,6,23161,0,0
1,7,23162,0,0
2,7,23163,0,0
3,5,23164,0,0
4,6,23165,0,0
5,7,23166,0,0
6,1,23167,0,0
7,4,23168,0,0
0,7,23169,0,0
1,1,23170,0,0
2,7,23171,0,0
3,7,23172,0,0
4,7,23173,0,0
5,7,23174,0,0
6,1,23175,0,0
7,7,23176,0,0
0,6,23177,0,0
1,1,23178,0,0
2,7,23179,0,0
3,7,23180,0,0
4,4,23181,0,0
5,4,23182,0,0
6,1,23183,0,0
7,6,23184,0,0
0,6,23185,0,0
1,6,23186,0,0
2,7,23187,0,0
3,6,23188,0,0
4,4,23189,0,0
5,5,23190,0,0
6,1,23191,0,0
7,6,23192,0,0
0,6,23193,0,0
1,6,23194,0,0
2,6,23195,0,0
3,6,23196,0,0
4,4,23197,0,0
5,3,23198,0,0
6,1,23199,0,0
7,6,23200,0,0
0,6,23201,0,0
1,1,23202,0,0
2,5,23203,0,0
3,5,23204,0,0
4,1,23205,0,0
5,1,23206,0,0
6,1,23207,0,0
7,5,23208,0,0
0,6,23209,0,0
1,1,23210,0,0
2,7,23211,0,0
3,5,23212,0,0
4,1,23213,0,0
5,7,23214,0,0
6,1,23215,0,0
7,5,23216,0,0
0,6,23217,0,0
1,1,23218,0,0
2,8,23219,0,0
3,6,23220,0,0
4,1,23221,0,0
5,2,23222,0,0
6,8,23223,0,0
7,5,23224,0,0
0,6,23225,0,0
1,1,23226,0,0
2,8,23227,0,0
3,5,23228,0,0
4,8,23229,0,0
5,7,23230,0,0
6,5,23231,0,0
7,4,23232,0,0
0,6,23233,0,0
1,1,23234,0,0
2,8,23235,0,0
3,5,23236,0,0
4,6,23237,0,0
5,5,23238,0,0
6,8,23239,0,0
7,5,23240,0,0
0,6,23241,0,0
1,1,23242,0,0
2,8,23243,0,0
3,5,23244,0,0
4,6,23245,0,0
5,8,23246,0,0
6,8,23247,0,0
7,5,23248,0,0
0,6,23249,0,0
1,1,23250,0,0
2,8,23251,0,0
3,5,23252,0,0
4,6,23253,0,0
5,5,23254,0,0
6,8,23255,0,0
7,5,23256,0,0
0,7,23257,0,0
1,1,23258,0,0
2,8,23259,0,0
3,6,23260,0,0
4,6,23261,0,0
5,5,23262,0,0
6,5,23263,0,0
7,5,23264,0,0
0,7,23265,0,0
1,1,23266,0,0
2,8,23267,0,0
3,5,23268,0,0
4,6,23269,0,0
5,8,23270,0,0
6,5,23271,0,0
7,4,23272,0,0
0,7,23273,0,0
1,7,23274,0,0
2,8,23275,0,0
3,5,23276,0,0
4,8,23277,0,0
5,1,23278,0,0
6,5,23279,0,0
7,7,23280,0,0
0,7,23281,0,0
1,7,23282,0,0
2,8,23283,0,0
3,5,23284,0,0
4,6,23285,0,0
5,5,23286,0,0
6,5,23287,0,0
7,7,23288,0,0
0,7,23289,0,0
1,1,23290,0,0
2,8,23291,0,0
3,5,23292,0,0
4,8,23293,0,0
5,5,23294,0,0
6,8,23295,0,0
7,7,23296,0,0
0,7,23297,0,0
1,1,23298,0,0
2,8,23299,0,0
3,8,23300,0,0
4,8,23301,0,0
5,8,23302,0,0
6,8,23303,0,0
7,7,23304,0,0
0,8,23305,0,0
1,7,23306,0,0
2,8,23307,0,0
3,8,23308,0,0
4,8,23309,0,0
5,8,23310,0,0
6,8,23311,0,0
7,7,23312,0,0
0,5,23313,0,0
1,1,23314,0,0
2,8,23315,0,0
3,6,23316,0,0
4,8,23317,0,0
5,5,23318,0,0
6,8,23319,0,0
7,7,23320,0,0
0,5,23321,0,0
1,1,23322,0,0
2,8,23323,0,0
3,6,23324,0,0
4,6,23325,0,0
5,5,23326,0,0
6,8,23327,0,0
7,7,23328,0,0
0,5,23329,0,0
1,1,23330,0,0
2,8,23331,0,0
3,6,23332,0,0
4,6,23333,0,0
5,5,23334,0,0
6,8,23335,0,0
7,6,23336,0,0
0,5,23337,0,0
1,1,23338,0,0
2,8,23339,0,0
3,6,23340,0,0
4,8,23341,0,0
5,5,23342,0,0
6,8,23343,0,0
7,6,23344,0,0
0,8,23345,0,0
1,1,23346,0,0
2,8,23347,0,0
3,6,23348,0,0
4,8,23349,0,0
5,8,23350,0,0
6,8,23351,0,0
7,7,23352,0,0
0,7,23353,0,0
1,1,23354,0,0
2,8,23355,0,0
3,5,23356,0,0
4,8,23357,0,0
5,8,23358,0,0
6,0,23359,0,0
7,7,23360,0,0
0,7,23361,0,0
1,1,23362,0,0
2,8,23363,0,0
3,5,23364,0,0
4,8,23365,0,0
5,7,23366,0,0
6,8,23367,0,0
7,7,23368,0,0
0,7,23369,0,0
1,1,23370,0,0
2,8,23371,0,0
3,5,23372,0,0
4,8,23373,0,0
5,5,23374,0,0
6,8,23375,0,0
7,4,23376,0,0
0,7,23377,0,0
1,1,23378,0,0
2,7,23379,0,0
3,6,23380,0,0
4,1,23381,0,0
5,5,23382,0,0
6,8,23383,0,0
7,5,23384,0,0
0,7,23385,0,0
1,4,23386,0,0
2,7,23387,0,0
3,5,23388,0,0
4,1,23389,0,0
5,7,23390,0,0
6,8,23391,0,0
7,7,23392,0,0
0,7,23393,0,0
1,4,23394,0,0
2,8,23395,0,0
3,5,23396,0,0
4,2,23397,0,0
5,7,23398,0,0
6,8,23399,0,0
7,1,23400,0,0
0,6,23401,0,0
1,4,23402,0,0
2,8,23403,0,0
3,7,23404,0,0
4,2,23405,0,0
5,4,23406,0,0
6,8,23407,0,0
7,1,23408,0,0
0,6,23409,0,0
1,4,23410,0,0
2,8,23411,0,0
3,5,23412,0,0
4,2,23413,0,0
5,5,23414,0,0
6,8,23415,0,0
7,1,23416,0,0
0,6,23417,0,0
1,1,23418,0,0
2,8,23419,0,0
3,5,23420,0,0
4,4,23421,0,0
5,5,23422,0,0
6,8,23423,0,0
7,1,23424,0,0
0,6,23425,0,0
1,1,23426,0,0
2,8,23427,0,0
3,5,23428,0,0
4,4,23429,0,0
5,5,23430,0,0
6,0,23431,0,0
7,1,23432,0,0
0,6,23433,0,0
1,1,23434,0,0
2,5,23435,0,0
3,6,23436,0,0
4,4,23437,0,0
5,7,23438,0,0
6,0,23439,0,0
7,1,23440,0,0
0,6,23441,0,0
1,5,23442,0,0
2,1,23443,0,0
3,6,23444,0,0
4,4,23445,0,0
5,5,23446,0,0
6,1,23447,0,0
7,1,23448,0,0
0,6,23449,0,0
1,3,23450,0,0
2,1,23451,0,0
3,1,23452,0,0
4,4,23453,0,0
5,4,23454,0,0
6,1,23455,0,0
7,1,23456,0,0
0,6,23457,0,0
1,6,23458,0,0
2,1,23459,0,0
3,1,23460,0,0
4,4,23461,0,0
5,8,23462,0,0
6,1,23463,0,0
7,1,23464,0,0
0,6,23465,0,0
1,6,23466,0,0
2,8,23467,0,0
3,2,23468,0,0
4,4,23469,0,0
5,8,23470,0,0
6,8,23471,0,0
7,1,23472,0,0
0,6,23473,0,0
1,6,23474,0,0
2,8,23475,0,0
3,1,23476,0,0
4,4,23477,0,0
5,8,23478,0,0
6,1,23479,0,0
7,1,23480,0,0
0,6,23481,0,0
1,6,23482,0,0
2,8,23483,0,0
3,1,23484,0,0
4,4,23485,0,0
5,8,23486,0,0
6,1,23487,0,0
7,1,23488,0,0
0,6,23489,0,0
1,6,23490,0,0
2,8,23491,0,0
3,1,23492,0,0
4,4,23493,0,0
5,7,23494,0,0
6,0,23495,0,0
7,1,23496,0,0
0,6,23497,0,0
1,6,23498,0,0
2,1,23499,0,0
3,1,23500,0,0
4,4,23501,0,0
5,8,23502,0,0
6,1,23503,0,0
7,5,23504,0,0
0,4,23505,0,0
1,6,23506,0,0
2,1,23507,0,0
3,6,23508,0,0
4,4,23509,0,0
5,5,23510,0,0
6,0,23511,0,0
7,5,23512,0,0
0,2,23513,0,0
1,6,23514,0,0
2,8,23515,0,0
3,6,23516,0,0
4,6,23517,0,0
5,3,23518,0,0
6,0,23519,0,0
7,1,23520,0,0
0,4,23521,0,0
1,7,23522,0,0
2,8,23523,0,0
3,1,23524,0,0
4,6,23525,0,0
5,5,23526,0,0
6,0,23527,0,0
7,1,23528,0,0
0,4,23529,0,0
1,5,23530,0,0
2,8,23531,0,0
3,1,23532,0,0
4,4,23533,0,0
5,3,23534,0,0
6,0,23535,0,0
7,1,23536,0,0
0,4,23537,0,0
1,5,23538,0,0
2,8,23539,0,0
3,1,23540,0,0
4,4,23541,0,0
5,8,23542,0,0
6,0,23543,0,0
7,1,23544,0,0
0,4,23545,0,0
1,5,23546,0,0
2,1,23547,0,0
3,1,23548,0,0
4,6,23549,0,0
5,8,23550,0,0
6,8,23551,0,0
7,1,23552,0,0
0,4,23553,0,0
1,5,23554,0,0
2,1,23555,0,0
3,6,23556,0,0
4,4,23557,0,0
5,3,23558,0,0
6,8,23559,0,0
7,1,23560,0,0
0,3,23561,0,0
1,5,23562,0,0
2,1,23563,0,0
3,6,23564,0,0
4,4,23565,0,0
5,8,23566,0,0
6,2,23567,0,0
7,1,23568,0,0
0,2,23569,0,0
1,7,23570,0,0
2,1,23571,0,0
3,6,23572,0,0
4,4,23573,0,0
5,8,23574,0,0
6,2,23575,0,0
7,1,23576,0,0
0,2,23577,0,0
1,8,23578,0,0
2,1,23579,0,0
3,2,23580,0,0
4,4,23581,0,0
5,8,23582,0,0
6,2,23583,0,0
7,1,23584,0,0
0,4,23585,0,0
1,1,23586,0,0
2,1,23587,0,0
3,2,23588,0,0
4,4,23589,0,0
5,8,23590,0,0
6,2,23591,0,0
7,1,23592,0,0
0,4,23593,0,0
1,1,23594,0,0
2,8,23595,0,0
3,2,23596,0,0
4,4,23597,0,0
5,3,23598,0,0
6,2,23599,0,0
7,1,23600,0,0
0,2,23601,0,0
1,1,23602,0,0
2,8,23603,0,0
3,2,23604,0,0
4,4,23605,0,0
5,3,23606,0,0
6,2,23607,0,0
7,1,23608,0,0
0,2,23609,0,0
1,1,23610,0,0
2,8,23611,0,0
3,2,23612,0,0
4,4,23613,0,0
5,3,23614,0,0
6,2,23615,0,0
7,1,23616,0,0
0,2,23617,0,0
1,1,23618,0,0
2,8,23619,0,0
3,2,23620,0,0
4,4,23621,0,0
5,5,23622,0,0
6,1,23623,0,0
7,3,23624,0,0
0,4,23625,0,0
1,1,23626,0,0
2,8,23627,0,0
3,1,23628,0,0
4,4,23629,0,0
5,3,23630,0,0
6,1,23631,0,0
7,5,23632,0,0
0,4,23633,0,0
1,1,23634,0,0
2,8,23635,0,0
3,6,23636,0,0
4,4,23637,0,0
5,3,23638,0,0
6,5,23639,0,0
7,5,23640,0,0
0,6,23641,0,0
1,1,23642,0,0
2,1,23643,0,0
3,6,23644,0,0
4,4,23645,0,0
5,8,23646,0,0
6,5,23647,0,0
7,7,23648,0,0
0,6,23649,0,0
1,1,23650,0,0
2,8,23651,0,0
3,6,23652,0,0
4,4,23653,0,0
5,4,23654,0,0
6,5,23655,0,0
7,5,23656,0,0
0,6,23657,0,0
1,1,23658,0,0
2,8,23659,0,0
3,1,23660,0,0
4,1,23661,0,0
5,4,23662,0,0
6,5,23663,0,0
7,5,23664,0,0
0,4,23665,0,0
1,1,23666,0,0
2,8,23667,0,0
3,6,23668,0,0
4,6,23669,0,0
5,4,23670,0,0
6,8,23671,0,0
7,7,23672,0,0
0,2,23673,0,0
1,1,23674,0,0
2,8,23675,0,0
3,6,23676,0,0
4,6,23677,0,0
5,3,23678,0,0
6,8,23679,0,0
7,7,23680,0,0
0,2,23681,0,0
1,6,23682,0,0
2,8,23683,0,0
3,6,23684,0,0
4,6,23685,0,0
5,3,23686,0,0
6,6,23687,0,0
7,7,23688,0,0
0,4,23689,0,0
1,4,23690,0,0
2,8,23691,0,0
3,6,23692,0,0
4,7,23693,0,0
5,3,23694,0,0
6,6,23695,0,0
7,7,23696,0,0
0,6,23697,0,0
1,4,23698,0,0
2,8,23699,0,0
3,6,23700,0,0
4,7,23701,0,0
5,4,23702,0,0
6,6,23703,0,0
7,7,23704,0,0
0,6,23705,0,0
1,4,23706,0,0
2,8,23707,0,0
3,6,23708,0,0
4,7,23709,0,0
5,3,23710,0,0
6,6,23711,0,0
7,7,23712,0,0
0,6,23713,0,0
1,4,23714,0,0
2,8,23715,0,0
3,6,23716,0,0
4,6,23717,0,0
5,4,23718,0,0
6,6,23719,0,0
7,6,23720,0,0
0,8,23721,0,0
1,4,23722,0,0
2,8,23723,0,0
3,6,23724,0,0
4,4,23725,0,0
5,4,23726,0,0
6,6,23727,0,0
7,6,23728,0,0
0,8,23729,0,0
1,4,23730,0,0
2,8,23731,0,0
3,6,23732,0,0
4,2,23733,0,0
5,5,23734,0,0
6,6,23735,0,0
7,4,23736,0,0
0,2,23737,0,0
1,4,23738,0,0
2,8,23739,0,0
3,6,23740,0,0
4,4,23741,0,0
5,5,23742,0,0
6,6,23743,0,0
7,4,23744,0,0
0,2,23745,0,0
1,4,23746,0,0
2,8,23747,0,0
3,6,23748,0,0
4,4,23749,0,0
5,5,23750,0,0
6,6,23751,0,0
7,5,23752,0,0
0,2,23753,0,0
1,4,23754,0,0
2,8,23755,0,0
3,6,23756,0,0
4,0,23757,0,0
5,4,23758,0,0
6,6,23759,0,0
7,1,23760,0,0
0,3,23761,0,0
1,4,23762,0,0
2,8,23763,0,0
3,6,23764,0,0
4,0,23765,0,0
5,5,23766,0,0
6,6,23767,0,0
7,1,23768,0,0
0,3,23769,0,0
1,4,23770,0,0
2,8,23771,0,0
3,6,23772,0,0
4,0,23773,0,0
5,3,23774,0,0
6,6,23775,0,0
7,1,23776,0,0
0,3,23777,0,0
1,4,23778,0,0
2,8,23779,0,0
3,2,23780,0,0
4,7,23781,0,0
5,8,23782,0,0
6,6,23783,0,0
7,1,23784,0,0
0,3,23785,0,0
1,4,23786,0,0
2,8,23787,0,0
3,1,23788,0,0
4,0,23789,0,0
5,5,23790,0,0
6,6,23791,0,0
7,5,23792,0,0
0,2,23793,0,0
1,4,23794,0,0
2,8,23795,0,0
3,1,23796,0,0
4,8,23797,0,0
5,5,23798,0,0
6,6,23799,0,0
7,4,23800,0,0
0,2,23801,0,0
1,4,23802,0,0
2,8,23803,0,0
3,3,23804,0,0
4,7,23805,0,0
5,5,23806,0,0
6,6,23807,0,0
7,1,23808,0,0
0,3,23809,0,0
1,4,23810,0,0
2,8,23811,0,0
3,3,23812,0,0
4,4,23813,0,0
5,4,23814,0,0
6,6,23815,0,0
7,1,23816,0,0
0,3,23817,0,0
1,4,23818,0,0
2,8,23819,0,0
3,3,23820,0,0
4,2,23821,0,0
5,4,23822,0,0
6,6,23823,0,0
7,7,23824,0,0
0,2,23825,0,0
1,4,23826,0,0
2,8,23827,0,0
3,1,23828,0,0
4,4,23829,0,0
5,4,23830,0,0
6,6,23831,0,0
7,7,23832,0,0
0,2,23833,0,0
1,4,23834,0,0
2,8,23835,0,0
3,8,23836,0,0
4,4,23837,0,0
5,5,23838,0,0
6,6,23839,0,0
7,7,23840,0,0
0,4,23841,0,0
1,4,23842,0,0
2,8,23843,0,0
3,8,23844,0,0
4,4,23845,0,0
5,3,23846,0,0
6,6,23847,0,0
7,7,23848,0,0
0,3,23849,0,0
1,4,23850,0,0
2,8,23851,0,0
3,8,23852,0,0
4,4,23853,0,0
5,5,23854,0,0
6,6,23855,0,0
7,1,23856,0,0
0,2,23857,0,0
1,4,23858,0,0
2,1,23859,0,0
3,8,23860,0,0
4,7,23861,0,0
5,4,23862,0,0
6,6,23863,0,0
7,1,23864,0,0
0,2,23865,0,0
1,4,23866,0,0
2,1,23867,0,0
3,1,23868,0,0
4,8,23869,0,0
5,4,23870,0,0
6,5,23871,0,0
7,5,23872,0,0
0,2,23873,0,0
1,4,23874,0,0
2,1,23875,0,0
3,1,23876,0,0
4,1,23877,0,0
5,7,23878,0,0
6,5,23879,0,0
7,5,23880,0,0
0,4,23881,0,0
1,4,23882,0,0
2,1,23883,0,0
3,2,23884,0,0
4,1,23885,0,0
5,4,23886,0,0
6,0,23887,0,0
7,4,23888,0,0
0,2,23889,0,0
1,4,23890,0,0
2,1,23891,0,0
3,3,23892,0,0
4,2,23893,0,0
5,4,23894,0,0
6,0,23895,0,0
7,7,23896,0,0
0,2,23897,0,0
1,4,23898,0,0
2,1,23899,0,0
3,3,23900,0,0
4,3,23901,0,0
5,4,23902,0,0
6,2,23903,0,0
7,4,23904,0,0
0,2,23905,0,0
1,4,23906,0,0
2,1,23907,0,0
3,3,23908,0,0
4,3,23909,0,0
5,4,23910,0,0
6,2,23911,0,0
7,1,23912,0,0
0,2,23913,0,0
1,4,23914,0,0
2,1,23915,0,0
3,3,23916,0,0
4,4,23917,0,0
5,3,23918,0,0
6,2,23919,0,0
7,1,23920,0,0
0,2,23921,0,0
1,4,23922,0,0
2,1,23923,0,0
3,3,23924,0,0
4,1,23925,0,0
5,4,23926,0,0
6,2,23927,0,0
7,1,23928,0,0
0,2,23929,0,0
1,4,23930,0,0
2,1,23931,0,0
3,3,23932,0,0
4,1,23933,0,0
5,3,23934,0,0
6,2,23935,0,0
7,1,23936,0,0
0,2,23937,0,0
1,4,23938,0,0
2,1,23939,0,0
3,3,23940,0,0
4,1,23941,0,0
5,3,23942,0,0
6,1,23943,0,0
7,1,23944,0,0
0,2,23945,0,0
1,4,23946,0,0
2,1,23947,0,0
3,3,23948,0,0
4,1,23949,0,0
5,4,23950,0,0
6,1,23951,0,0
7,2,23952,0,0
0,4,23953,0,0
1,4,23954,0,0
2,1,23955,0,0
3,3,23956,0,0
4,4,23957,0,0
5,4,23958,0,0
6,2,23959,0,0
7,1,23960,0,0
0,5,23961,0,0
1,4,23962,0,0
2,8,23963,0,0
3,3,23964,0,0
4,4,23965,0,0
5,3,23966,0,0
6,1,23967,0,0
7,1,23968,0,0
0,2,23969,0,0
1,4,23970,0,0
2,8,23971,0,0
3,3,23972,0,0
4,4,23973,0,0
5,4,23974,0,0
6,1,23975,0,0
7,1,23976,0,0
0,2,23977,0,0
1,4,23978,0,0
2,8,23979,0,0
3,3,23980,0,0
4,4,23981,0,0
5,4,23982,0,0
6,1,23983,0,0
7,1,23984,0,0
0,2,23985,0,0
1,4,23986,0,0
2,8,23987,0,0
3,3,23988,0,0
4,4,23989,0,0
5,3,23990,0,0
6,1,23991,0,0
7,1,23992,0,0
0,5,23993,0,0
1,4,23994,0,0
2,8,23995,0,0
3,3,23996,0,0
4,4,23997,0,0
5,5,23998,0,0
6,1,23999,0,0
7,1,24000,0,0
0,3,24001,0,0
1,4,24002,0,0
2,8,24003,0,0
3,3,24004,0,0
4,4,24005,0,0
5,5,24006,0,0
6,1,24007,0,0
7,4,24008,0,0
0,5,24009,0,0
1,4,24010,0,0
2,8,24011,0,0
3,3,24012,0,0
4,4,24013,0,0
5,3,24014,0,0
6,1,24015,0,0
7,4,24016,0,0
0,4,24017,0,0
1,4,24018,0,0
2,8,24019,0,0
3,3,24020,0,0
4,4,24021,0,0
5,4,24022,0,0
6,1,24023,0,0
7,7,24024,0,0
0,2,24025,0,0
1,4,24026,0,0
2,8,24027,0,0
3,3,24028,0,0
4,1,24029,0,0
5,3,24030,0,0
6,2,24031,0,0
7,5,24032,0,0
0,2,24033,0,0
1,4,24034,0,0
2,8,24035,0,0
3,3,24036,0,0
4,7,24037,0,0
5,3,24038,0,0
6,2,24039,0,0
7,5,24040,0,0
0,3,24041,0,0
1,4,24042,0,0
2,8,24043,0,0
3,3,24044,0,0
4,4,24045,0,0
5,3,24046,0,0
6,2,24047,0,0
7,5,24048,0,0
0,3,24049,0,0
1,4,24050,0,0
2,8,24051,0,0
3,6,24052,0,0
4,4,24053,0,0
5,3,24054,0,0
6,2,24055,0,0
7,7,24056,0,0
0,2,24057,0,0
1,4,24058,0,0
2,8,24059,0,0
3,6,24060,0,0
4,1,24061,0,0
5,3,24062,0,0
6,2,24063,0,0
7,4,24064,0,0
0,3,24065,0,0
1,4,24066,0,0
2,8,24067,0,0
3,6,24068,0,0
4,4,24069,0,0
5,3,24070,0,0
6,2,24071,0,0
7,4,24072,0,0
0,2,24073,0,0
1,4,24074,0,0
2,8,24075,0,0
3,6,24076,0,0
4,4,24077,0,0
5,3,24078,0,0
6,2,24079,0,0
7,6,24080,0,0
0,2,24081,0,0
1,4,24082,0,0
2,8,24083,0,0
3,6,24084,0,0
4,4,24085,0,0
5,8,24086,0,0
6,6,24087,0,0
7,7,24088,0,0
0,2,24089,0,0
1,4,24090,0,0
2,8,24091,0,0
3,1,24092,0,0
4,6,24093,0,0
5,8,24094,0,0
6,6,24095,0,0
7,7,24096,0,0
0,6,24097,0,0
1,4,24098,0,0
2,8,24099,0,0
3,6,24100,0,0
4,6,24101,0,0
5,3,24102,0,0
6,5,24103,0,0
7,7,24104,0,0
0,6,24105,0,0
1,4,24106,0,0
2,8,24107,0,0
3,6,24108,0,0
4,6,24109,0,0
5,8,24110,0,0
6,6,24111,0,0
7,7,24112,0,0
0,6,24113,0,0
1,4,24114,0,0
2,8,24115,0,0
3,6,24116,0,0
4,6,24117,0,0
5,8,24118,0,0
6,6,24119,0,0
7,7,24120,0,0
0,6,24121,0,0
1,4,24122,0,0
2,8,24123,0,0
3,6,24124,0,0
4,7,24125,0,0
5,8,24126,0,0
6,3,24127,0,0
7,7,24128,0,0
0,6,24129,0,0
1,4,24130,0,0
2,6,24131,0,0
3,6,24132,0,0
4,6,24133,0,0
5,8,24134,0,0
6,3,24135,0,0
7,0,24136,0,0
0,2,24137,0,0
1,4,24138,0,0
2,7,24139,0,0
3,6,24140,0,0
4,7,24141,0,0
5,3,24142,0,0
6,5,24143,0,0
7,0,24144,0,0
0,6,24145,0,0
1,4,24146,0,0
2,7,24147,0,0
3,6,24148,0,0
4,6,24149,0,0
5,8,24150,0,0
6,5,24151,0,0
7,0,24152,0,0
0,6,24153,0,0
1,4,24154,0,0
2,8,24155,0,0
3,6,24156,0,0
4,7,24157,0,0
5,8,24158,0,0
6,5,24159,0,0
7,0,24160,0,0
0,7,24161,0,0
1,4,24162,0,0
2,8,24163,0,0
3,6,24164,0,0
4,7,24165,0,0
5,3,24166,0,0
6,5,24167,0,0
7,0,24168,0,0
0,7,24169,0,0
1,4,24170,0,0
2,1,24171,0,0
3,6,24172,0,0
4,8,24173,0,0
5,7,24174,0,0
6,5,24175,0,0
7,7,24176,0,0
0,7,24177,0,0
1,4,24178,0,0
2,1,24179,0,0
3,1,24180,0,0
4,8,24181,0,0
5,1,24182,0,0
6,5,24183,0,0
7,1,24184,0,0
0,7,24185,0,0
1,4,24186,0,0
2,1,24187,0,0
3,1,24188,0,0
4,8,24189,0,0
5,3,24190,0,0
6,5,24191,0,0
7,1,24192,0,0
0,7,24193,0,0
1,4,24194,0,0
2,8,24195,0,0
3,1,24196,0,0
4,1,24197,0,0
5,8,24198,0,0
6,5,24199,0,0
7,1,24200,0,0
0,7,24201,0,0
1,4,24202,0,0
2,1,24203,0,0
3,1,24204,0,0
4,4,24205,0,0
5,8,24206,0,0
6,1,24207,0,0
7,7,24208,0,0
0,7,24209,0,0
1,4,24210,0,0
2,8,24211,0,0
3,1,24212,0,0
4,6,24213,0,0
5,3,24214,0,0
6,2,24215,0,0
7,6,24216,0,0
0,7,24217,0,0
1,4,24218,0,0
2,1,24219,0,0
3,1,24220,0,0
4,7,24221,0,0
5,3,24222,0,0
6,2,24223,0,0
7,6,24224,0,0
0,8,24225,0,0
1,4,24226,0,0
2,1,24227,0,0
3,8,24228,0,0
4,8,24229,0,0
5,5,24230,0,0
6,8,24231,0,0
7,7,24232,0,0
0,8,24233,0,0
1,4,24234,0,0
2,1,24235,0,0
3,1,24236,0,0
4,7,24237,0,0
5,5,24238,0,0
6,1,24239,0,0
7,6,24240,0,0
0,8,24241,0,0
1,4,24242,0,0
2,8,24243,0,0
3,1,24244,0,0
4,7,24245,0,0
5,8,24246,0,0
6,6,24247,0,0
7,7,24248,0,0
0,8,24249,0,0
1,4,24250,0,0
2,8,24251,0,0
3,1,24252,0,0
4,6,24253,0,0
5,8,24254,0,0
6,4,24255,0,0
7,4,24256,0,0
0,7,24257,0,0
1,4,24258,0,0
2,8,24259,0,0
3,1,24260,0,0
4,4,24261,0,0
5,3,24262,0,0
6,4,24263,0,0
7,4,24264,0,0
0,6,24265,0,0
1,4,24266,0,0
2,8,24267,0,0
3,1,24268,0,0
4,4,24269,0,0
5,5,24270,0,0
6,8,24271,0,0
7,7,24272,0,0
0,5,24273,0,0
1,4,24274,0,0
2,8,24275,0,0
3,1,24276,0,0
4,6,24277,0,0
5,3,24278,0,0
6,8,24279,0,0
7,5,24280,0,0
0,3,24281,0,0
1,4,24282,0,0
2,8,24283,0,0
3,1,24284,0,0
4,1,24285,0,0
5,3,24286,0,0
6,2,24287,0,0
7,5,24288,0,0
0,3,24289,0,0
1,4,24290,0,0
2,8,24291,0,0
3,1,24292,0,0
4,8,24293,0,0
5,5,24294,0,0
6,1,24295,0,0
7,7,24296,0,0
0,7,24297,0,0
1,4,24298,0,0
2,8,24299,0,0
3,1,24300,0,0
4,8,24301,0,0
5,5,24302,0,0
6,8,24303,0,0
7,7,24304,0,0
0,7,24305,0,0
1,4,24306,0,0
2,8,24307,0,0
3,1,24308,0,0
4,8,24309,0,0
5,5,24310,0,0
6,8,24311,0,0
7,6,24312,0,0
0,7,24313,0,0
1,4,24314,0,0
2,8,24315,0,0
3,1,24316,0,0
4,8,24317,0,0
5,8,24318,0,0
6,8,24319,0,0
7,5,24320,0,0
0,8,24321,0,0
1,4,24322,0,0
2,8,24323,0,0
3,1,24324,0,0
4,6,24325,0,0
5,8,24326,0,0
6,0,24327,0,0
7,5,24328,0,0
0,7,24329,0,0
1,4,24330,0,0
2,8,24331,0,0
3,1,24332,0,0
4,6,24333,0,0
5,5,24334,0,0
6,0,24335,0,0
7,5,24336,0,0
0,7,24337,0,0
1,4,24338,0,0
2,8,24339,0,0
3,1,24340,0,0
4,7,24341,0,0
5,5,24342,0,0
6,8,24343,0,0
7,1,24344,0,0
0,3,24345,0,0
1,4,24346,0,0
2,8,24347,0,0
3,1,24348,0,0
4,6,24349,0,0
5,8,24350,0,0
6,8,24351,0,0
7,1,24352,0,0
0,3,24353,0,0
1,4,24354,0,0
2,8,24355,0,0
3,1,24356,0,0
4,4,24357,0,0
5,8,24358,0,0
6,2,24359,0,0
7,1,24360,0,0
0,2,24361,0,0
1,4,24362,0,0
2,8,24363,0,0
3,1,24364,0,0
4,4,24365,0,0
5,8,24366,0,0
6,1,24367,0,0
7,1,24368,0,0
0,2,24369,0,0
1,4,24370,0,0
2,8,24371,0,0
3,1,24372,0,0
4,4,24373,0,0
5,8,24374,0,0
6,5,24375,0,0
7,1,24376,0,0
0,2,24377,0,0
1,4,24378,0,0
2,1,24379,0,0
3,1,24380,0,0
4,4,24381,0,0
5,8,24382,0,0
6,1,24383,0,0
7,1,24384,0,0
0,2,24385,0,0
1,4,24386,0,0
2,1,24387,0,0
3,3,24388,0,0
4,4,24389,0,0
5,8,24390,0,0
6,1,24391,0,0
7,1,24392,0,0
0,2,24393,0,0
1,4,24394,0,0
2,1,24395,0,0
3,3,24396,0,0
4,4,24397,0,0
5,5,24398,0,0
6,1,24399,0,0
7,1,24400,0,0
0,2,24401,0,0
1,4,24402,0,0
2,2,24403,0,0
3,3,24404,0,0
4,4,24405,0,0
5,8,24406,0,0
6,1,24407,0,0
7,1,24408,0,0
0,2,24409,0,0
1,4,24410,0,0
2,2,24411,0,0
3,3,24412,0,0
4,4,24413,0,0
5,8,24414,0,0
6,1,24415,0,0
7,1,24416,0,0
0,2,24417,0,0
1,4,24418,0,0
2,2,24419,0,0
3,6,24420,0,0
4,4,24421,0,0
5,8,24422,0,0
6,1,24423,0,0
7,1,24424,0,0
0,2,24425,0,0
1,4,24426,0,0
2,2,24427,0,0
3,6,24428,0,0
4,4,24429,0,0
5,8,24430,0,0
6,8,24431,0,0
7,1,24432,0,0
0,3,24433,0,0
1,4,24434,0,0
2,1,24435,0,0
3,1,24436,0,0
4,4,24437,0,0
5,8,24438,0,0
6,8,24439,0,0
7,1,24440,0,0
0,2,24441,0,0
1,4,24442,0,0
2,2,24443,0,0
3,1,24444,0,0
4,4,24445,0,0
5,7,24446,0,0
6,2,24447,0,0
7,2,24448,0,0
0,2,24449,0,0
1,4,24450,0,0
2,2,24451,0,0
3,1,24452,0,0
4,4,24453,0,0
5,2,24454,0,0
6,2,24455,0,0
7,5,24456,0,0
0,2,24457,0,0
1,4,24458,0,0
2,2,24459,0,0
3,2,24460,0,0
4,4,24461,0,0
5,5,24462,0,0
6,2,24463,0,0
7,2,24464,0,0
0,2,24465,0,0
1,4,24466,0,0
2,2,24467,0,0
3,2,24468,0,0
4,3,24469,0,0
5,3,24470,0,0
6,2,24471,0,0
7,1,24472,0,0
0,2,24473,0,0
1,4,24474,0,0
2,2,24475,0,0
3,3,24476,0,0
4,3,24477,0,0
5,5,24478,0,0
6,1,24479,0,0
7,1,24480,0,0
0,2,24481,0,0
1,4,24482,0,0
2,1,24483,0,0
3,3,24484,0,0
4,4,24485,0,0
5,3,24486,0,0
6,1,24487,0,0
7,1,24488,0,0
0,2,24489,0,0
1,4,24490,0,0
2,8,24491,0,0
3,3,24492,0,0
4,4,24493,0,0
5,3,24494,0,0
6,1,24495,0,0
7,1,24496,0,0
0,2,24497,0,0
1,4,24498,0,0
2,8,24499,0,0
3,1,24500,0,0
4,4,24501,0,0
5,8,24502,0,0
6,8,24503,0,0
7,1,24504,0,0
0,2,24505,0,0
1,4,24506,0,0
2,8,24507,0,0
3,1,24508,0,0
4,4,24509,0,0
5,8,24510,0,0
6,5,24511,0,0
7,1,24512,0,0
0,8,24513,0,0
1,4,24514,0,0
2,8,24515,0,0
3,8,24516,0,0
4,8,24517,0,0
5,8,24518,0,0
6,8,24519,0,0
7,1,24520,0,0
0,7,24521,0,0
1,4,24522,0,0
2,8,24523,0,0
3,1,24524,0,0
4,7,24525,0,0
5,7,24526,0,0
6,5,24527,0,0
7,1,24528,0,0
0,6,24529,0,0
1,4,24530,0,0
2,8,24531,0,0
3,1,24532,0,0
4,8,24533,0,0
5,7,24534,0,0
6,8,24535,0,0
7,1,24536,0,0
0,6,24537,0,0
1,4,24538,0,0
2,8,24539,0,0
3,1,24540,0,0
4,8,24541,0,0
5,7,24542,0,0
6,8,24543,0,0
7,1,24544,0,0
0,2,24545,0,0
1,4,24546,0,0
2,8,24547,0,0
3,1,24548,0,0
4,8,24549,0,0
5,3,24550,0,0
6,1,24551,0,0
7,1,24552,0,0
0,2,24553,0,0
1,4,24554,0,0
2,8,24555,0,0
3,1,24556,0,0
4,1,24557,0,0
5,7,24558,0,0
6,2,24559,0,0
7,1,24560,0,0
0,2,24561,0,0
1,4,24562,0,0
2,8,24563,0,0
3,1,24564,0,0
4,6,24565,0,0
5,3,24566,0,0
6,1,24567,0,0
7,1,24568,0,0
0,3,24569,0,0
1,4,24570,0,0
2,8,24571,0,0
3,1,24572,0,0
4,2,24573,0,0
5,7,24574,0,0
6,1,24575,0,0
7,3,24576,0,0
0,2,24577,0,0
1,4,24578,0,0
2,8,24579,0,0
3,1,24580,0,0
4,4,24581,0,0
5,4,24582,0,0
6,8,24583,0,0
7,4,24584,0,0
0,3,24585,0,0
1,4,24586,0,0
2,8,24587,0,0
3,1,24588,0,0
4,2,24589,0,0
5,4,24590,0,0
6,8,24591,0,0
7,4,24592,0,0
0,3,24593,0,0
1,4,24594,0,0
2,7,24595,0,0
3,8,24596,0,0
4,1,24597,0,0
5,3,24598,0,0
6,8,24599,0,0
7,4,24600,0,0
0,2,24601,0,0
1,4,24602,0,0
2,7,24603,0,0
3,5,24604,0,0
4,7,24605,0,0
5,4,24606,0,0
6,1,24607,0,0
7,0,24608,0,0
0,6,24609,0,0
1,4,24610,0,0
2,8,24611,0,0
3,5,24612,0,0
4,7,24613,0,0
5,4,24614,0,0
6,2,24615,0,0
7,0,24616,0,0
0,6,24617,0,0
1,4,24618,0,0
2,8,24619,0,0
3,0,24620,0,0
4,1,24621,0,0
5,4,24622,0,0
6,1,24623,0,0
7,0,24624,0,0
0,6,24625,0,0
1,4,24626,0,0
2,8,24627,0,0
3,0,24628,0,0
4,1,24629,0,0
5,4,24630,0,0
6,1,24631,0,0
7,0,24632,0,0
0,2,24633,0,0
1,4,24634,0,0
2,8,24635,0,0
3,0,24636,0,0
4,1,24637,0,0
5,4,24638,0,0
6,1,24639,0,0
7,7,24640,0,0
0,2,24641,0,0
1,4,24642,0,0
2,8,24643,0,0
3,5,24644,0,0
4,4,24645,0,0
5,4,24646,0,0
6,0,24647,0,0
7,7,24648,0,0
0,2,24649,0,0
1,4,24650,0,0
2,8,24651,0,0
3,5,24652,0,0
4,7,24653,0,0
5,4,24654,0,0
6,0,24655,0,0
7,7,24656,0,0
0,2,24657,0,0
1,4,24658,0,0
2,8,24659,0,0
3,7,24660,0,0
4,7,24661,0,0
5,5,24662,0,0
6,0,24663,0,0
7,7,24664,0,0
0,2,24665,0,0
1,4,24666,0,0
2,8,24667,0,0
3,7,24668,0,0
4,7,24669,0,0
5,5,24670,0,0
6,0,24671,0,0
7,7,24672,0,0
0,3,24673,0,0
1,4,24674,0,0
2,8,24675,0,0
3,6,24676,0,0
4,7,24677,0,0
5,5,24678,0,0
6,0,24679,0,0
7,7,24680,0,0
0,6,24681,0,0
1,4,24682,0,0
2,8,24683,0,0
3,6,24684,0,0
4,8,24685,0,0
5,5,24686,0,0
6,8,24687,0,0
7,7,24688,0,0
0,7,24689,0,0
1,4,24690,0,0
2,8,24691,0,0
3,6,24692,0,0
4,6,24693,0,0
5,5,24694,0,0
6,8,24695,0,0
7,5,24696,0,0
0,2,24697,0,0
1,4,24698,0,0
2,8,24699,0,0
3,1,24700,0,0
4,6,24701,0,0
5,5,24702,0,0
6,8,24703,0,0
7,7,24704,0,0
0,3,24705,0,0
1,4,24706,0,0
2,8,24707,0,0
3,1,24708,0,0
4,6,24709,0,0
5,5,24710,0,0
6,8,24711,0,0
7,7,24712,0,0
0,6,24713,0,0
1,4,24714,0,0
2,8,24715,0,0
3,1,24716,0,0
4,6,24717,0,0
5,5,24718,0,0
6,8,24719,0,0
7,7,24720,0,0
0,5,24721,0,0
1,4,24722,0,0
2,8,24723,0,0
3,5,24724,0,0
4,7,24725,0,0
5,5,24726,0,0
6,2,24727,0,0
7,7,24728,0,0
0,5,24729,0,0
1,4,24730,0,0
2,8,24731,0,0
3,5,24732,0,0
4,7,24733,0,0
5,5,24734,0,0
6,2,24735,0,0
7,7,24736,0,0
0,7,24737,0,0
1,4,24738,0,0
2,8,24739,0,0
3,5,24740,0,0
4,7,24741,0,0
5,5,24742,0,0
6,2,24743,0,0
7,7,24744,0,0
0,7,24745,0,0
1,4,24746,0,0
2,8,24747,0,0
3,5,24748,0,0
4,7,24749,0,0
5,5,24750,0,0
6,2,24751,0,0
7,7,24752,0,0
0,7,24753,0,0
1,4,24754,0,0
2,8,24755,0,0
3,5,24756,0,0
4,6,24757,0,0
5,5,24758,0,0
6,1,24759,0,0
7,7,24760,0,0
0,7,24761,0,0
1,4,24762,0,0
2,8,24763,0,0
3,1,24764,0,0
4,6,24765,0,0
5,5,24766,0,0
6,2,24767,0,0
7,7,24768,0,0
0,7,24769,0,0
1,4,24770,0,0
2,8,24771,0,0
3,1,24772,0,0
4,8,24773,0,0
5,5,24774,0,0
6,1,24775,0,0
7,7,24776,0,0
0,5,24777,0,0
1,4,24778,0,0
2,8,24779,0,0
3,1,24780,0,0
4,7,24781,0,0
5,5,24782,0,0
6,8,24783,0,0
7,7,24784,0,0
0,7,24785,0,0
1,4,24786,0,0
2,8,24787,0,0
3,1,24788,0,0
4,7,24789,0,0
5,5,24790,0,0
6,8,24791,0,0
7,7,24792,0,0
0,5,24793,0,0
1,4,24794,0,0
2,7,24795,0,0
3,1,24796,0,0
4,6,24797,0,0
5,5,24798,0,0
6,6,24799,0,0
7,6,24800,0,0
0,5,24801,0,0
1,4,24802,0,0
2,6,24803,0,0
3,1,24804,0,0
4,6,24805,0,0
5,5,24806,0,0
6,6,24807,0,0
7,6,24808,0,0
0,8,24809,0,0
1,4,24810,0,0
2,7,24811,0,0
3,1,24812,0,0
4,7,24813,0,0
5,4,24814,0,0
6,6,24815,0,0
7,6,24816,0,0
0,5,24817,0,0
1,4,24818,0,0
2,7,24819,0,0
3,1,24820,0,0
4,8,24821,0,0
5,4,24822,0,0
6,4,24823,0,0
7,6,24824,0,0
0,5,24825,0,0
1,4,24826,0,0
2,7,24827,0,0
3,1,24828,0,0
4,8,24829,0,0
5,4,24830,0,0
6,6,24831,0,0
7,7,24832,0,0
0,5,24833,0,0
1,4,24834,0,0
2,7,24835,0,0
3,6,24836,0,0
4,7,24837,0,0
5,3,24838,0,0
6,6,24839,0,0
7,7,24840,0,0
0,5,24841,0,0
1,4,24842,0,0
2,8,24843,0,0
3,6,24844,0,0
4,8,24845,0,0
5,3,24846,0,0
6,5,24847,0,0
7,7,24848,0,0
0,5,24849,0,0
1,4,24850,0,0
2,7,24851,0,0
3,6,24852,0,0
4,6,24853,0,0
5,2,24854,0,0
6,4,24855,0,0
7,7,24856,0,0
0,5,24857,0,0
1,4,24858,0,0
2,7,24859,0,0
3,6,24860,0,0
4,6,24861,0,0
5,5,24862,0,0
6,3,24863,0,0
7,7,24864,0,0
0,5,24865,0,0
1,4,24866,0,0
2,8,24867,0,0
3,6,24868,0,0
4,8,24869,0,0
5,5,24870,0,0
6,5,24871,0,0
7,7,24872,0,0
0,6,24873,0,0
1,4,24874,0,0
2,8,24875,0,0
3,6,24876,0,0
4,7,24877,0,0
5,5,24878,0,0
6,5,24879,0,0
7,7,24880,0,0
0,4,24881,0,0
1,3,24882,0,0
2,8,24883,0,0
3,6,24884,0,0
4,7,24885,0,0
5,5,24886,0,0
6,3,24887,0,0
7,7,24888,0,0
0,6,24889,0,0
1,4,24890,0,0
2,8,24891,0,0
3,6,24892,0,0
4,7,24893,0,0
5,5,24894,0,0
6,3,24895,0,0
7,7,24896,0,0
0,5,24897,0,0
1,4,24898,0,0
2,8,24899,0,0
3,6,24900,0,0
4,7,24901,0,0
5,5,24902,0,0
6,3,24903,0,0
7,7,24904,0,0
0,5,24905,0,0
1,4,24906,0,0
2,7,24907,0,0
3,6,24908,0,0
4,7,24909,0,0
5,5,24910,0,0
6,8,24911,0,0
7,7,24912,0,0
0,5,24913,0,0
1,4,24914,0,0
2,7,24915,0,0
3,6,24916,0,0
4,7,24917,0,0
5,5,24918,0,0
6,2,24919,0,0
7,7,24920,0,0
0,7,24921,0,0
1,4,24922,0,0
2,7,24923,0,0
3,6,24924,0,0
4,7,24925,0,0
5,5,24926,0,0
6,1,24927,0,0
7,7,24928,0,0
0,6,24929,0,0
1,4,24930,0,0
2,7,24931,0,0
3,6,24932,0,0
4,7,24933,0,0
5,5,24934,0,0
6,1,24935,0,0
7,7,24936,0,0
0,4,24937,0,0
1,3,24938,0,0
2,7,24939,0,0
3,6,24940,0,0
4,7,24941,0,0
5,5,24942,0,0
6,8,24943,0,0
7,6,24944,0,0
0,4,24945,0,0
1,3,24946,0,0
2,7,24947,0,0
3,6,24948,0,0
4,6,24949,0,0
5,5,24950,0,0
6,5,24951,0,0
7,6,24952,0,0
0,4,24953,0,0
1,4,24954,0,0
2,7,24955,0,0
3,6,24956,0,0
4,8,24957,0,0
5,5,24958,0,0
6,3,24959,0,0
7,6,24960,0,0
0,4,24961,0,0
1,4,24962,0,0
2,4,24963,0,0
3,6,24964,0,0
4,7,24965,0,0
5,5,24966,0,0
6,5,24967,0,0
7,6,24968,0,0
0,4,24969,0,0
1,4,24970,0,0
2,4,24971,0,0
3,6,24972,0,0
4,2,24973,0,0
5,3,24974,0,0
6,5,24975,0,0
7,6,24976,0,0
0,4,24977,0,0
1,4,24978,0,0
2,4,24979,0,0
3,6,24980,0,0
4,3,24981,0,0
5,4,24982,0,0
6,5,24983,0,0
7,7,24984,0,0
0,4,24985,0,0
1,4,24986,0,0
2,4,24987,0,0
3,6,24988,0,0
4,4,24989,0,0
5,4,24990,0,0
6,4,24991,0,0
7,7,24992,0,0
0,4,24993,0,0
1,4,24994,0,0
2,4,24995,0,0
3,6,24996,0,0
4,4,24997,0,0
5,4,24998,0,0
6,4,24999,0,0
7,7,25000,0,0
0,4,25001,0,0
1,4,25002,0,0
2,5,25003,0,0
3,6,25004,0,0
4,4,25005,0,0
5,4,25006,0,0
6,5,25007,0,0
7,7,25008,0,0
0,4,25009,0,0
1,4,25010,0,0
2,7,25011,0,0
3,6,25012,0,0
4,4,25013,0,0
5,4,25014,0,0
6,3,25015,0,0
7,7,25016,0,0
0,4,25017,0,0
1,4,25018,0,0
2,7,25019,0,0
3,6,25020,0,0
4,7,25021,0,0
5,4,25022,0,0
6,5,25023,0,0
7,7,25024,0,0
0,5,25025,0,0
1,4,25026,0,0
2,7,25027,0,0
3,7,25028,0,0
4,7,25029,0,0
5,3,25030,0,0
6,5,25031,0,0
7,7,25032,0,0
0,4,25033,0,0
1,4,25034,0,0
2,7,25035,0,0
3,1,25036,0,0
4,7,25037,0,0
5,3,25038,0,0
6,5,25039,0,0
7,7,25040,0,0
0,4,25041,0,0
1,4,25042,0,0
2,1,25043,0,0
3,6,25044,0,0
4,7,25045,0,0
5,3,25046,0,0
6,1,25047,0,0
7,4,25048,0,0
0,4,25049,0,0
1,4,25050,0,0
2,8,25051,0,0
3,1,25052,0,0
4,8,25053,0,0
5,7,25054,0,0
6,8,25055,0,0
7,5,25056,0,0
0,4,25057,0,0
1,4,25058,0,0
2,7,25059,0,0
3,6,25060,0,0
4,8,25061,0,0
5,4,25062,0,0
6,3,25063,0,0
7,1,25064,0,0
0,3,25065,0,0
1,4,25066,0,0
2,4,25067,0,0
3,1,25068,0,0
4,8,25069,0,0
5,3,25070,0,0
6,3,25071,0,0
7,1,25072,0,0
0,3,25073,0,0
1,4,25074,0,0
2,7,25075,0,0
3,1,25076,0,0
4,1,25077,0,0
5,4,25078,0,0
6,4,25079,0,0
7,1,25080,0,0
0,3,25081,0,0
1,4,25082,0,0
2,8,25083,0,0
3,1,25084,0,0
4,1,25085,0,0
5,3,25086,0,0
6,4,25087,0,0
7,1,25088,0,0
0,3,25089,0,0
1,4,25090,0,0
2,1,25091,0,0
3,1,25092,0,0
4,1,25093,0,0
5,5,25094,0,0
6,8,25095,0,0
7,1,25096,0,0
0,2,25097,0,0
1,4,25098,0,0
2,1,25099,0,0
3,1,25100,0,0
4,1,25101,0,0
5,5,25102,0,0
6,1,25103,0,0
7,1,25104,0,0
0,2,25105,0,0
1,4,25106,0,0
2,1,25107,0,0
3,1,25108,0,0
4,1,25109,0,0
5,5,25110,0,0
6,2,25111,0,0
7,1,25112,0,0
0,3,25113,0,0
1,4,25114,0,0
2,8,25115,0,0
3,1,25116,0,0
4,1,25117,0,0
5,5,25118,0,0
6,3,25119,0,0
7,1,25120,0,0
0,3,25121,0,0
1,4,25122,0,0
2,7,25123,0,0
3,1,25124,0,0
4,1,25125,0,0
5,8,25126,0,0
6,5,25127,0,0
7,1,25128,0,0
0,3,25129,0,0
1,4,25130,0,0
2,7,25131,0,0
3,1,25132,0,0
4,2,25133,0,0
5,7,25134,0,0
6,4,25135,0,0
7,1,25136,0,0
0,3,25137,0,0
1,4,25138,0,0
2,7,25139,0,0
3,1,25140,0,0
4,2,25141,0,0
5,2,25142,0,0
6,3,25143,0,0
7,1,25144,0,0
0,3,25145,0,0
1,4,25146,0,0
2,8,25147,0,0
3,6,25148,0,0
4,1,25149,0,0
5,1,25150,0,0
6,3,25151,0,0
7,1,25152,0,0
0,3,25153,0,0
1,4,25154,0,0
2,8,25155,0,0
3,6,25156,0,0
4,1,25157,0,0
5,1,25158,0,0
6,3,25159,0,0
7,1,25160,0,0
0,3,25161,0,0
1,4,25162,0,0
2,8,25163,0,0
3,5,25164,0,0
4,1,25165,0,0
5,1,25166,0,0
6,5,25167,0,0
7,1,25168,0,0
0,3,25169,0,0
1,4,25170,0,0
2,8,25171,0,0
3,5,25172,0,0
4,1,25173,0,0
5,1,25174,0,0
6,4,25175,0,0
7,1,25176,0,0
0,3,25177,0,0
1,4,25178,0,0
2,7,25179,0,0
3,7,25180,0,0
4,1,25181,0,0
5,1,25182,0,0
6,3,25183,0,0
7,1,25184,0,0
0,3,25185,0,0
1,4,25186,0,0
2,7,25187,0,0
3,5,25188,0,0
4,1,25189,0,0
5,1,25190,0,0
6,1,25191,0,0
7,1,25192,0,0
0,3,25193,0,0
1,7,25194,0,0
2,7,25195,0,0
3,5,25196,0,0
4,1,25197,0,0
5,1,25198,0,0
6,2,25199,0,0
7,4,25200,0,0
0,2,25201,0,0
1,7,25202,0,0
2,7,25203,0,0
3,5,25204,0,0
4,1,25205,0,0
5,1,25206,0,0
6,6,25207,0,0
7,7,25208,0,0
0,6,25209,0,0
1,7,25210,0,0
2,6,25211,0,0
3,6,25212,0,0
4,6,25213,0,0
5,2,25214,0,0
6,6,25215,0,0
7,7,25216,0,0
0,6,25217,0,0
1,6,25218,0,0
2,6,25219,0,0
3,6,25220,0,0
4,6,25221,0,0
5,2,25222,0,0
6,6,25223,0,0
7,7,25224,0,0
0,6,25225,0,0
1,6,25226,0,0
2,6,25227,0,0
3,6,25228,0,0
4,6,25229,0,0
5,2,25230,0,0
6,6,25231,0,0
7,7,25232,0,0
0,6,25233,0,0
1,6,25234,0,0
2,6,25235,0,0
3,6,25236,0,0
4,6,25237,0,0
5,3,25238,0,0
6,6,25239,0,0
7,7,25240,0,0
0,6,25241,0,0
1,6,25242,0,0
2,7,25243,0,0
3,6,25244,0,0
4,6,25245,0,0
5,3,25246,0,0
6,6,25247,0,0
7,7,25248,0,0
0,6,25249,0,0
1,7,25250,0,0
2,7,25251,0,0
3,6,25252,0,0
4,6,25253,0,0
5,8,25254,0,0
6,6,25255,0,0
7,7,25256,0,0
0,6,25257,0,0
1,7,25258,0,0
2,7,25259,0,0
3,6,25260,0,0
4,6,25261,0,0
5,2,25262,0,0
6,6,25263,0,0
7,6,25264,0,0
0,6,25265,0,0
1,7,25266,0,0
2,7,25267,0,0
3,6,25268,0,0
4,6,25269,0,0
5,1,25270,0,0
6,5,25271,0,0
7,6,25272,0,0
0,8,25273,0,0
1,7,25274,0,0
2,7,25275,0,0
3,6,25276,0,0
4,6,25277,0,0
5,2,25278,0,0
6,3,25279,0,0
7,7,25280,0,0
0,8,25281,0,0
1,7,25282,0,0
2,7,25283,0,0
3,6,25284,0,0
4,2,25285,0,0
5,2,25286,0,0
6,2,25287,0,0
7,6,25288,0,0
0,5,25289,0,0
1,7,25290,0,0
2,8,25291,0,0
3,6,25292,0,0
4,2,25293,0,0
5,1,25294,0,0
6,2,25295,0,0
7,6,25296,0,0
0,2,25297,0,0
1,7,25298,0,0
2,7,25299,0,0
3,6,25300,0,0
4,4,25301,0,0
5,2,25302,0,0
6,2,25303,0,0
7,6,25304,0,0
0,2,25305,0,0
1,7,25306,0,0
2,7,25307,0,0
3,6,25308,0,0
4,4,25309,0,0
5,7,25310,0,0
6,2,25311,0,0
7,6,25312,0,0
0,3,25313,0,0
1,7,25314,0,0
2,7,25315,0,0
3,6,25316,0,0
4,7,25317,0,0
5,7,25318,0,0
6,1,25319,0,0
7,7,25320,0,0
0,2,25321,0,0
1,7,25322,0,0
2,7,25323,0,0
3,7,25324,0,0
4,1,25325,0,0
5,7,25326,0,0
6,1,25327,0,0
7,7,25328,0,0
0,2,25329,0,0
1,7,25330,0,0
2,7,25331,0,0
3,7,25332,0,0
4,7,25333,0,0
5,7,25334,0,0
6,1,25335,0,0
7,5,25336,0,0
0,2,25337,0,0
1,7,25338,0,0
2,7,25339,0,0
3,7,25340,0,0
4,7,25341,0,0
5,7,25342,0,0
6,2,25343,0,0
7,7,25344,0,0
0,3,25345,0,0
1,7,25346,0,0
2,7,25347,0,0
3,7,25348,0,0
4,4,25349,0,0
5,8,25350,0,0
6,2,25351,0,0
7,7,25352,0,0
0,3,25353,0,0
1,7,25354,0,0
2,8,25355,0,0
3,7,25356,0,0
4,2,25357,0,0
5,4,25358,0,0
6,2,25359,0,0
7,6,25360,0,0
0,3,25361,0,0
1,7,25362,0,0
2,8,25363,0,0
3,7,25364,0,0
4,2,25365,0,0
5,4,25366,0,0
6,8,25367,0,0
7,6,25368,0,0
0,3,25369,0,0
1,7,25370,0,0
2,8,25371,0,0
3,7,25372,0,0
4,4,25373,0,0
5,5,25374,0,0
6,8,25375,0,0
7,5,25376,0,0
0,3,25377,0,0
1,7,25378,0,0
2,8,25379,0,0
3,7,25380,0,0
4,4,25381,0,0
5,5,25382,0,0
6,8,25383,0,0
7,5,25384,0,0
0,3,25385,0,0
1,7,25386,0,0
2,8,25387,0,0
3,7,25388,0,0
4,8,25389,0,0
5,8,25390,0,0
6,8,25391,0,0
7,5,25392,0,0
0,3,25393,0,0
1,7,25394,0,0
2,8,25395,0,0
3,5,25396,0,0
4,8,25397,0,0
5,5,25398,0,0
6,8,25399,0,0
7,5,25400,0,0
0,3,25401,0,0
1,7,25402,0,0
2,8,25403,0,0
3,5,25404,0,0
4,8,25405,0,0
5,5,25406,0,0
6,8,25407,0,0
7,5,25408,0,0
0,3,25409,0,0
1,7,25410,0,0
2,8,25411,0,0
3,5,25412,0,0
4,7,25413,0,0
5,5,25414,0,0
6,8,25415,0,0
7,5,25416,0,0
0,3,25417,0,0
1,7,25418,0,0
2,8,25419,0,0
3,5,25420,0,0
4,8,25421,0,0
5,5,25422,0,0
6,8,25423,0,0
7,5,25424,0,0
0,2,25425,0,0
1,7,25426,0,0
2,8,25427,0,0
3,5,25428,0,0
4,8,25429,0,0
5,5,25430,0,0
6,8,25431,0,0
7,5,25432,0,0
0,3,25433,0,0
1,7,25434,0,0
2,7,25435,0,0
3,5,25436,0,0
4,7,25437,0,0
5,5,25438,0,0
6,1,25439,0,0
7,5,25440,0,0
0,3,25441,0,0
1,7,25442,0,0
2,7,25443,0,0
3,5,25444,0,0
4,6,25445,0,0
5,5,25446,0,0
6,1,25447,0,0
7,1,25448,0,0
0,3,25449,0,0
1,6,25450,0,0
2,7,25451,0,0
3,5,25452,0,0
4,6,25453,0,0
5,5,25454,0,0
6,1,25455,0,0
7,1,25456,0,0
0,0,25457,0,0
1,5,25458,0,0
2,7,25459,0,0
3,1,25460,0,0
4,8,25461,0,0
5,1,25462,0,0
6,1,25463,0,0
7,1,25464,0,0
0,3,25465,0,0
1,5,25466,0,0
2,7,25467,0,0
3,2,25468,0,0
4,1,25469,0,0
5,8,25470,0,0
6,1,25471,0,0
7,4,25472,0,0
0,2,25473,0,0
1,5,25474,0,0
2,5,25475,0,0
3,1,25476,0,0
4,1,25477,0,0
5,8,25478,0,0
6,1,25479,0,0
7,6,25480,0,0
0,2,25481,0,0
1,6,25482,0,0
2,7,25483,0,0
3,1,25484,0,0
4,1,25485,0,0
5,8,25486,0,0
6,1,25487,0,0
7,6,25488,0,0
0,2,25489,0,0
1,5,25490,0,0
2,7,25491,0,0
3,1,25492,0,0
4,1,25493,0,0
5,8,25494,0,0
6,1,25495,0,0
7,6,25496,0,0
0,2,25497,0,0
1,5,25498,0,0
2,6,25499,0,0
3,1,25500,0,0
4,1,25501,0,0
5,8,25502,0,0
6,2,25503,0,0
7,6,25504,0,0
0,3,25505,0,0
1,5,25506,0,0
2,6,25507,0,0
3,5,25508,0,0
4,1,25509,0,0
5,8,25510,0,0
6,4,25511,0,0
7,6,25512,0,0
0,3,25513,0,0
1,5,25514,0,0
2,7,25515,0,0
3,5,25516,0,0
4,1,25517,0,0
5,8,25518,0,0
6,3,25519,0,0
7,6,25520,0,0
0,3,25521,0,0
1,5,25522,0,0
2,6,25523,0,0
3,1,25524,0,0
4,1,25525,0,0
5,8,25526,0,0
6,3,25527,0,0
7,4,25528,0,0
0,3,25529,0,0
1,5,25530,0,0
2,6,25531,0,0
3,1,25532,0,0
4,1,25533,0,0
5,3,25534,0,0
6,2,25535,0,0
7,6,25536,0,0
0,2,25537,0,0
1,6,25538,0,0
2,6,25539,0,0
3,1,25540,0,0
4,1,25541,0,0
5,8,25542,0,0
6,5,25543,0,0
7,6,25544,0,0
0,2,25545,0,0
1,6,25546,0,0
2,1,25547,0,0
3,6,25548,0,0
4,1,25549,0,0
5,8,25550,0,0
6,5,25551,0,0
7,6,25552,0,0
0,3,25553,0,0
1,6,25554,0,0
2,6,25555,0,0
3,6,25556,0,0
4,1,25557,0,0
5,3,25558,0,0
6,6,25559,0,0
7,6,25560,0,0
0,3,25561,0,0
1,6,25562,0,0
2,6,25563,0,0
3,6,25564,0,0
4,1,25565,0,0
5,8,25566,0,0
6,6,25567,0,0
7,6,25568,0,0
0,3,25569,0,0
1,6,25570,0,0
2,6,25571,0,0
3,6,25572,0,0
4,6,25573,0,0
5,8,25574,0,0
6,6,25575,0,0
7,6,25576,0,0
0,3,25577,0,0
1,7,25578,0,0
2,6,25579,0,0
3,6,25580,0,0
4,1,25581,0,0
5,8,25582,0,0
6,5,25583,0,0
7,6,25584,0,0
0,3,25585,0,0
1,7,25586,0,0
2,6,25587,0,0
3,7,25588,0,0
4,1,25589,0,0
5,8,25590,0,0
6,5,25591,0,0
7,6,25592,0,0
0,2,25593,0,0
1,7,25594,0,0
2,6,25595,0,0
3,7,25596,0,0
4,1,25597,0,0
5,8,25598,0,0
6,4,25599,0,0
7,6,25600,0,0
0,2,25601,0,0
1,7,25602,0,0
2,6,25603,0,0
3,1,25604,0,0
4,1,25605,0,0
5,5,25606,0,0
6,5,25607,0,0
7,6,25608,0,0
0,2,25609,0,0
1,1,25610,0,0
2,6,25611,0,0
3,1,25612,0,0
4,1,25613,0,0
5,8,25614,0,0
6,5,25615,0,0
7,6,25616,0,0
0,3,25617,0,0
1,1,25618,0,0
2,6,25619,0,0
3,1,25620,0,0
4,1,25621,0,0
5,8,25622,0,0
6,5,25623,0,0
7,4,25624,0,0
0,2,25625,0,0
1,7,25626,0,0
2,6,25627,0,0
3,1,25628,0,0
4,1,25629,0,0
5,8,25630,0,0
6,5,25631,0,0
7,6,25632,0,0
0,2,25633,0,0
1,7,25634,0,0
2,6,25635,0,0
3,1,25636,0,0
4,1,25637,0,0
5,3,25638,0,0
6,3,25639,0,0
7,6,25640,0,0
0,3,25641,0,0
1,7,25642,0,0
2,6,25643,0,0
3,6,25644,0,0
4,1,25645,0,0
5,8,25646,0,0
6,5,25647,0,0
7,6,25648,0,0
0,6,25649,0,0
1,4,25650,0,0
2,6,25651,0,0
3,6,25652,0,0
4,1,25653,0,0
5,3,25654,0,0
6,6,25655,0,0
7,6,25656,0,0
0,6,25657,0,0
1,4,25658,0,0
2,6,25659,0,0
3,6,25660,0,0
4,7,25661,0,0
5,5,25662,0,0
6,6,25663,0,0
7,6,25664,0,0
0,6,25665,0,0
1,4,25666,0,0
2,6,25667,0,0
3,6,25668,0,0
4,6,25669,0,0
5,8,25670,0,0
6,6,25671,0,0
7,6,25672,0,0
0,6,25673,0,0
1,7,25674,0,0
2,6,25675,0,0
3,6,25676,0,0
4,6,25677,0,0
5,8,25678,0,0
6,6,25679,0,0
7,6,25680,0,0
0,6,25681,0,0
1,7,25682,0,0
2,6,25683,0,0
3,6,25684,0,0
4,8,25685,0,0
5,8,25686,0,0
6,6,25687,0,0
7,6,25688,0,0
0,6,25689,0,0
1,7,25690,0,0
2,6,25691,0,0
3,6,25692,0,0
4,6,25693,0,0
5,5,25694,0,0
6,6,25695,0,0
7,6,25696,0,0
0,6,25697,0,0
1,7,25698,0,0
2,7,25699,0,0
3,6,25700,0,0
4,7,25701,0,0
5,7,25702,0,0
6,6,25703,0,0
7,6,25704,0,0
0,6,25705,0,0
1,6,25706,0,0
2,7,25707,0,0
3,6,25708,0,0
4,7,25709,0,0
5,4,25710,0,0
6,6,25711,0,0
7,6,25712,0,0
0,6,25713,0,0
1,6,25714,0,0
2,7,25715,0,0
3,6,25716,0,0
4,7,25717,0,0
5,3,25718,0,0
6,6,25719,0,0
7,6,25720,0,0
0,6,25721,0,0
1,6,25722,0,0
2,7,25723,0,0
3,6,25724,0,0
4,7,25725,0,0
5,2,25726,0,0
6,6,25727,0,0
7,6,25728,0,0
0,6,25729,0,0
1,4,25730,0,0
2,7,25731,0,0
3,7,25732,0,0
4,8,25733,0,0
5,8,25734,0,0
6,6,25735,0,0
7,7,25736,0,0
0,6,25737,0,0
1,4,25738,0,0
2,5,25739,0,0
3,7,25740,0,0
4,8,25741,0,0
5,8,25742,0,0
6,4,25743,0,0
7,7,25744,0,0
0,5,25745,0,0
1,4,25746,0,0
2,1,25747,0,0
3,7,25748,0,0
4,6,25749,0,0
5,8,25750,0,0
6,8,25751,0,0
7,1,25752,0,0
0,5,25753,0,0
1,7,25754,0,0
2,1,25755,0,0
3,5,25756,0,0
4,6,25757,0,0
5,8,25758,0,0
6,8,25759,0,0
7,1,25760,0,0
0,5,25761,0,0
1,7,25762,0,0
2,8,25763,0,0
3,1,25764,0,0
4,6,25765,0,0
5,8,25766,0,0
6,2,25767,0,0
7,1,25768,0,0
0,4,25769,0,0
1,5,25770,0,0
2,1,25771,0,0
3,1,25772,0,0
4,0,25773,0,0
5,8,25774,0,0
6,6,25775,0,0
7,1,25776,0,0
0,3,25777,0,0
1,7,25778,0,0
2,8,25779,0,0
3,7,25780,0,0
4,0,25781,0,0
5,8,25782,0,0
6,6,25783,0,0
7,1,25784,0,0
0,3,25785,0,0
1,6,25786,0,0
2,8,25787,0,0
3,0,25788,0,0
4,0,25789,0,0
5,8,25790,0,0
6,5,25791,0,0
7,3,25792,0,0
0,6,25793,0,0
1,6,25794,0,0
2,8,25795,0,0
3,6,25796,0,0
4,8,25797,0,0
5,8,25798,0,0
6,2,25799,0,0
7,4,25800,0,0
0,3,25801,0,0
1,6,25802,0,0
2,8,25803,0,0
3,6,25804,0,0
4,8,25805,0,0
5,8,25806,0,0
6,2,25807,0,0
7,4,25808,0,0
0,3,25809,0,0
1,6,25810,0,0
2,8,25811,0,0
3,6,25812,0,0
4,8,25813,0,0
5,2,25814,0,0
6,2,25815,0,0
7,4,25816,0,0
0,3,25817,0,0
1,6,25818,0,0
2,8,25819,0,0
3,6,25820,0,0
4,8,25821,0,0
5,1,25822,0,0
6,3,25823,0,0
7,4,25824,0,0
0,3,25825,0,0
1,6,25826,0,0
2,8,25827,0,0
3,7,25828,0,0
4,0,25829,0,0
5,1,25830,0,0
6,5,25831,0,0
7,4,25832,0,0
0,6,25833,0,0
1,6,25834,0,0
2,8,25835,0,0
3,7,25836,0,0
4,4,25837,0,0
5,2,25838,0,0
6,5,25839,0,0
7,4,25840,0,0
0,5,25841,0,0
1,6,25842,0,0
2,8,25843,0,0
3,5,25844,0,0
4,4,25845,0,0
5,2,25846,0,0
6,4,25847,0,0
7,4,25848,0,0
0,4,25849,0,0
1,6,25850,0,0
2,8,25851,0,0
3,8,25852,0,0
4,4,25853,0,0
5,7,25854,0,0
6,5,25855,0,0
7,4,25856,0,0
0,3,25857,0,0
1,4,25858,0,0
2,8,25859,0,0
3,8,25860,0,0
4,4,25861,0,0
5,7,25862,0,0
6,8,25863,0,0
7,4,25864,0,0
0,5,25865,0,0
1,4,25866,0,0
2,8,25867,0,0
3,6,25868,0,0
4,4,25869,0,0
5,7,25870,0,0
6,3,25871,0,0
7,4,25872,0,0
0,2,25873,0,0
1,1,25874,0,0
2,8,25875,0,0
3,1,25876,0,0
4,4,25877,0,0
5,7,25878,0,0
6,1,25879,0,0
7,4,25880,0,0
0,4,25881,0,0
1,1,25882,0,0
2,8,25883,0,0
3,1,25884,0,0
4,4,25885,0,0
5,7,25886,0,0
6,8,25887,0,0
7,4,25888,0,0
0,4,25889,0,0
1,7,25890,0,0
2,8,25891,0,0
3,1,25892,0,0
4,4,25893,0,0
5,7,25894,0,0
6,1,25895,0,0
7,4,25896,0,0
0,4,25897,0,0
1,6,25898,0,0
2,8,25899,0,0
3,3,25900,0,0
4,1,25901,0,0
5,4,25902,0,0
6,1,25903,0,0
7,4,25904,0,0
0,2,25905,0,0
1,1,25906,0,0
2,8,25907,0,0
3,3,25908,0,0
4,4,25909,0,0
5,4,25910,0,0
6,1,25911,0,0
7,4,25912,0,0
0,2,25913,0,0
1,1,25914,0,0
2,8,25915,0,0
3,3,25916,0,0
4,4,25917,0,0
5,4,25918,0,0
6,1,25919,0,0
7,4,25920,0,0
0,2,25921,0,0
1,1,25922,0,0
2,8,25923,0,0
3,3,25924,0,0
4,1,25925,0,0
5,4,25926,0,0
6,2,25927,0,0
7,4,25928,0,0
0,2,25929,0,0
1,1,25930,0,0
2,8,25931,0,0
3,3,25932,0,0
4,4,25933,0,0
5,1,25934,0,0
6,2,25935,0,0
7,4,25936,0,0
0,2,25937,0,0
1,1,25938,0,0
2,2,25939,0,0
3,3,25940,0,0
4,4,25941,0,0
5,1,25942,0,0
6,2,25943,0,0
7,4,25944,0,0
0,2,25945,0,0
1,1,25946,0,0
2,2,25947,0,0
3,2,25948,0,0
4,4,25949,0,0
5,8,25950,0,0
6,1,25951,0,0
7,5,25952,0,0
0,4,25953,0,0
1,1,25954,0,0
2,2,25955,0,0
3,3,25956,0,0
4,4,25957,0,0
5,1,25958,0,0
6,1,25959,0,0
7,5,25960,0,0
0,2,25961,0,0
1,1,25962,0,0
2,2,25963,0,0
3,1,25964,0,0
4,4,25965,0,0
5,8,25966,0,0
6,1,25967,0,0
7,5,25968,0,0
0,5,25969,0,0
1,1,25970,0,0
2,2,25971,0,0
3,1,25972,0,0
4,4,25973,0,0
5,1,25974,0,0
6,2,25975,0,0
7,5,25976,0,0
0,5,25977,0,0
1,6,25978,0,0
2,2,25979,0,0
3,1,25980,0,0
4,4,25981,0,0
5,1,25982,0,0
6,2,25983,0,0
7,3,25984,0,0
0,5,25985,0,0
1,6,25986,0,0
2,2,25987,0,0
3,6,25988,0,0
4,4,25989,0,0
5,1,25990,0,0
6,1,25991,0,0
7,3,25992,0,0
0,5,25993,0,0
1,7,25994,0,0
2,2,25995,0,0
3,1,25996,0,0
4,4,25997,0,0
5,1,25998,0,0
6,1,25999,0,0
7,5,26000,0,0
0,5,26001,0,0
1,7,26002,0,0
2,8,26003,0,0
3,7,26004,0,0
4,4,26005,0,0
5,1,26006,0,0
6,1,26007,0,0
7,3,26008,0,0
0,6,26009,0,0
1,7,26010,0,0
2,8,26011,0,0
3,1,26012,0,0
4,4,26013,0,0
5,1,26014,0,0
6,2,26015,0,0
7,3,26016,0,0
0,5,26017,0,0
1,7,26018,0,0
2,8,26019,0,0
3,0,26020,0,0
4,1,26021,0,0
5,1,26022,0,0
6,1,26023,0,0
7,3,26024,0,0
0,4,26025,0,0
1,7,26026,0,0
2,8,26027,0,0
3,8,26028,0,0
4,4,26029,0,0
5,1,26030,0,0
6,1,26031,0,0
7,3,26032,0,0
0,4,26033,0,0
1,7,26034,0,0
2,8,26035,0,0
3,8,26036,0,0
4,4,26037,0,0
5,1,26038,0,0
6,1,26039,0,0
7,5,26040,0,0
0,6,26041,0,0
1,7,26042,0,0
2,1,26043,0,0
3,1,26044,0,0
4,4,26045,0,0
5,1,26046,0,0
6,1,26047,0,0
7,1,26048,0,0
0,6,26049,0,0
1,1,26050,0,0
2,1,26051,0,0
3,1,26052,0,0
4,1,26053,0,0
5,1,26054,0,0
6,1,26055,0,0
7,1,26056,0,0
0,6,26057,0,0
1,1,26058,0,0
2,1,26059,0,0
3,1,26060,0,0
4,1,26061,0,0
5,1,26062,0,0
6,1,26063,0,0
7,1,26064,0,0
0,6,26065,0,0
1,1,26066,0,0
2,1,26067,0,0
3,1,26068,0,0
4,1,26069,0,0
5,1,26070,0,0
6,1,26071,0,0
7,1,26072,0,0
0,4,26073,0,0
1,1,26074,0,0
2,8,26075,0,0
3,1,26076,0,0
4,1,26077,0,0
5,1,26078,0,0
6,1,26079,0,0
7,1,26080,0,0
0,5,26081,0,0
1,1,26082,0,0
2,7,26083,0,0
3,1,26084,0,0
4,4,26085,0,0
5,1,26086,0,0
6,1,26087,0,0
7,1,26088,0,0
0,5,26089,0,0
1,1,26090,0,0
2,1,26091,0,0
3,1,26092,0,0
4,1,26093,0,0
5,1,26094,0,0
6,1,26095,0,0
7,1,26096,0,0
0,5,26097,0,0
1,1,26098,0,0
2,1,26099,0,0
3,1,26100,0,0
4,1,26101,0,0
5,1,26102,0,0
6,1,26103,0,0
7,1,26104,0,0
0,5,26105,0,0
1,1,26106,0,0
2,8,26107,0,0
3,1,26108,0,0
4,1,26109,0,0
5,1,26110,0,0
6,1,26111,0,0
7,1,26112,0,0
0,5,26113,0,0
1,1,26114,0,0
2,5,26115,0,0
3,1,26116,0,0
4,1,26117,0,0
5,1,26118,0,0
6,1,26119,0,0
7,1,26120,0,0
0,5,26121,0,0
1,1,26122,0,0
2,8,26123,0,0
3,1,26124,0,0
4,1,26125,0,0
5,1,26126,0,0
6,1,26127,0,0
7,1,26128,0,0
0,5,26129,0,0
1,1,26130,0,0
2,8,26131,0,0
3,1,26132,0,0
4,1,26133,0,0
5,1,26134,0,0
6,2,26135,0,0
7,1,26136,0,0
0,5,26137,0,0
1,1,26138,0,0
2,8,26139,0,0
3,1,26140,0,0
4,1,26141,0,0
5,1,26142,0,0
6,3,26143,0,0
7,4,26144,0,0
0,5,26145,0,0
1,1,26146,0,0
2,8,26147,0,0
3,1,26148,0,0
4,1,26149,0,0
5,1,26150,0,0
6,1,26151,0,0
7,4,26152,0,0
0,6,26153,0,0
1,1,26154,0,0
2,8,26155,0,0
3,1,26156,0,0
4,1,26157,0,0
5,8,26158,0,0
6,3,26159,0,0
7,4,26160,0,0
0,5,26161,0,0
1,1,26162,0,0
2,8,26163,0,0
3,1,26164,0,0
4,1,26165,0,0
5,8,26166,0,0
6,3,26167,0,0
7,4,26168,0,0
0,6,26169,0,0
1,1,26170,0,0
2,8,26171,0,0
3,1,26172,0,0
4,1,26173,0,0
5,2,26174,0,0
6,6,26175,0,0
7,4,26176,0,0
0,5,26177,0,0
1,1,26178,0,0
2,8,26179,0,0
3,1,26180,0,0
4,1,26181,0,0
5,1,26182,0,0
6,3,26183,0,0
7,4,26184,0,0
0,5,26185,0,0
1,1,26186,0,0
2,8,26187,0,0
3,1,26188,0,0
4,1,26189,0,0
5,1,26190,0,0
6,5,26191,0,0
7,4,26192,0,0
0,2,26193,0,0
1,1,26194,0,0
2,8,26195,0,0
3,1,26196,0,0
4,1,26197,0,0
5,1,26198,0,0
6,5,26199,0,0
7,4,26200,0,0
0,6,26201,0,0
1,1,26202,0,0
2,8,26203,0,0
3,1,26204,0,0
4,1,26205,0,0
5,1,26206,0,0
6,5,26207,0,0
7,5,26208,0,0
0,6,26209,0,0
1,1,26210,0,0
2,8,26211,0,0
3,5,26212,0,0
4,1,26213,0,0
5,8,26214,0,0
6,3,26215,0,0
7,4,26216,0,0
0,6,26217,0,0
1,6,26218,0,0
2,7,26219,0,0
3,5,26220,0,0
4,0,26221,0,0
5,8,26222,0,0
6,8,26223,0,0
7,4,26224,0,0
0,3,26225,0,0
1,4,26226,0,0
2,2,26227,0,0
3,6,26228,0,0
4,8,26229,0,0
5,4,26230,0,0
6,1,26231,0,0
7,4,26232,0,0
0,5,26233,0,0
1,6,26234,0,0
2,5,26235,0,0
3,6,26236,0,0
4,8,26237,0,0
5,4,26238,0,0
6,8,26239,0,0
7,4,26240,0,0
0,5,26241,0,0
1,6,26242,0,0
2,7,26243,0,0
3,7,26244,0,0
4,7,26245,0,0
5,5,26246,0,0
6,3,26247,0,0
7,4,26248,0,0
0,5,26249,0,0
1,6,26250,0,0
2,8,26251,0,0
3,7,26252,0,0
4,6,26253,0,0
5,5,26254,0,0
6,1,26255,0,0
7,4,26256,0,0
0,5,26257,0,0
1,6,26258,0,0
2,7,26259,0,0
3,7,26260,0,0
4,7,26261,0,0
5,5,26262,0,0
6,1,26263,0,0
7,4,26264,0,0
0,6,26265,0,0
1,6,26266,0,0
2,8,26267,0,0
3,7,26268,0,0
4,8,26269,0,0
5,5,26270,0,0
6,1,26271,0,0
7,4,26272,0,0
0,6,26273,0,0
1,7,26274,0,0
2,1,26275,0,0
3,3,26276,0,0
4,4,26277,0,0
5,5,26278,0,0
6,8,26279,0,0
7,5,26280,0,0
0,6,26281,0,0
1,7,26282,0,0
2,2,26283,0,0
3,3,26284,0,0
4,2,26285,0,0
5,8,26286,0,0
6,8,26287,0,0
7,4,26288,0,0
0,6,26289,0,0
1,7,26290,0,0
2,2,26291,0,0
3,3,26292,0,0
4,2,26293,0,0
5,5,26294,0,0
6,8,26295,0,0
7,5,26296,0,0
0,5,26297,0,0
1,7,26298,0,0
2,1,26299,0,0
3,3,26300,0,0
4,4,26301,0,0
5,5,26302,0,0
6,8,26303,0,0
7,5,26304,0,0
0,5,26305,0,0
1,7,26306,0,0
2,1,26307,0,0
3,3,26308,0,0
4,4,26309,0,0
5,5,26310,0,0
6,8,26311,0,0
7,5,26312,0,0
0,4,26313,0,0
1,7,26314,0,0
2,1,26315,0,0
3,3,26316,0,0
4,4,26317,0,0
5,2,26318,0,0
6,0,26319,0,0
7,5,26320,0,0
0,4,26321,0,0
1,7,26322,0,0
2,0,26323,0,0
3,3,26324,0,0
4,4,26325,0,0
5,3,26326,0,0
6,0,26327,0,0
7,7,26328,0,0
0,6,26329,0,0
1,7,26330,0,0
2,8,26331,0,0
3,3,26332,0,0
4,4,26333,0,0
5,3,26334,0,0
6,0,26335,0,0
7,6,26336,0,0
0,6,26337,0,0
1,7,26338,0,0
2,8,26339,0,0
3,3,26340,0,0
4,2,26341,0,0
5,3,26342,0,0
6,0,26343,0,0
7,4,26344,0,0
0,5,26345,0,0
1,1,26346,0,0
2,8,26347,0,0
3,3,26348,0,0
4,4,26349,0,0
5,3,26350,0,0
6,1,26351,0,0
7,1,26352,0,0
0,4,26353,0,0
1,1,26354,0,0
2,8,26355,0,0
3,3,26356,0,0
4,4,26357,0,0
5,5,26358,0,0
6,1,26359,0,0
7,3,26360,0,0
0,6,26361,0,0
1,1,26362,0,0
2,8,26363,0,0
3,3,26364,0,0
4,4,26365,0,0
5,8,26366,0,0
6,1,26367,0,0
7,5,26368,0,0
0,6,26369,0,0
1,1,26370,0,0
2,8,26371,0,0
3,3,26372,0,0
4,4,26373,0,0
5,8,26374,0,0
6,1,26375,0,0
7,5,26376,0,0
0,6,26377,0,0
1,7,26378,0,0
2,8,26379,0,0
3,3,26380,0,0
4,4,26381,0,0
5,8,26382,0,0
6,1,26383,0,0
7,1,26384,0,0
0,6,26385,0,0
1,7,26386,0,0
2,0,26387,0,0
3,3,26388,0,0
4,4,26389,0,0
5,5,26390,0,0
6,1,26391,0,0
7,1,26392,0,0
0,4,26393,0,0
1,7,26394,0,0
2,8,26395,0,0
3,3,26396,0,0
4,4,26397,0,0
5,5,26398,0,0
6,8,26399,0,0
7,3,26400,0,0
0,6,26401,0,0
1,7,26402,0,0
2,8,26403,0,0
3,3,26404,0,0
4,4,26405,0,0
5,5,26406,0,0
6,1,26407,0,0
7,5,26408,0,0
0,6,26409,0,0
1,7,26410,0,0
2,8,26411,0,0
3,2,26412,0,0
4,4,26413,0,0
5,7,26414,0,0
6,0,26415,0,0
7,5,26416,0,0
0,5,26417,0,0
1,7,26418,0,0
2,8,26419,0,0
3,2,26420,0,0
4,4,26421,0,0
5,5,26422,0,0
6,0,26423,0,0
7,5,26424,0,0
0,5,26425,0,0
1,7,26426,0,0
2,8,26427,0,0
3,1,26428,0,0
4,1,26429,0,0
5,5,26430,0,0
6,4,26431,0,0
7,5,26432,0,0
0,5,26433,0,0
1,7,26434,0,0
2,8,26435,0,0
3,1,26436,0,0
4,8,26437,0,0
5,7,26438,0,0
6,0,26439,0,0
7,5,26440,0,0
0,4,26441,0,0
1,7,26442,0,0
2,8,26443,0,0
3,8,26444,0,0
4,0,26445,0,0
5,3,26446,0,0
6,3,26447,0,0
7,5,26448,0,0
0,2,26449,0,0
1,7,26450,0,0
2,8,26451,0,0
3,1,26452,0,0
4,4,26453,0,0
5,7,26454,0,0
6,1,26455,0,0
7,5,26456,0,0
0,4,26457,0,0
1,7,26458,0,0
2,8,26459,0,0
3,8,26460,0,0
4,4,26461,0,0
5,5,26462,0,0
6,1,26463,0,0
7,5,26464,0,0
0,6,26465,0,0
1,7,26466,0,0
2,8,26467,0,0
3,1,26468,0,0
4,4,26469,0,0
5,2,26470,0,0
6,1,26471,0,0
7,1,26472,0,0
0,6,26473,0,0
1,7,26474,0,0
2,8,26475,0,0
3,1,26476,0,0
4,4,26477,0,0
5,5,26478,0,0
6,1,26479,0,0
7,5,26480,0,0
0,2,26481,0,0
1,7,26482,0,0
2,8,26483,0,0
3,2,26484,0,0
4,4,26485,0,0
5,7,26486,0,0
6,1,26487,0,0
7,3,26488,0,0
0,6,26489,0,0
1,7,26490,0,0
2,8,26491,0,0
3,3,26492,0,0
4,4,26493,0,0
5,5,26494,0,0
6,1,26495,0,0
7,3,26496,0,0
0,6,26497,0,0
1,7,26498,0,0
2,8,26499,0,0
3,3,26500,0,0
4,2,26501,0,0
5,5,26502,0,0
6,8,26503,0,0
7,3,26504,0,0
0,6,26505,0,0
1,7,26506,0,0
2,8,26507,0,0
3,3,26508,0,0
4,4,26509,0,0
5,1,26510,0,0
6,8,26511,0,0
7,1,26512,0,0
0,6,26513,0,0
1,7,26514,0,0
2,8,26515,0,0
3,3,26516,0,0
4,2,26517,0,0
5,1,26518,0,0
6,4,26519,0,0
7,1,26520,0,0
0,2,26521,0,0
1,7,26522,0,0
2,8,26523,0,0
3,2,26524,0,0
4,4,26525,0,0
5,1,26526,0,0
6,6,26527,0,0
7,5,26528,0,0
0,2,26529,0,0
1,1,26530,0,0
2,8,26531,0,0
3,2,26532,0,0
4,4,26533,0,0
5,1,26534,0,0
6,8,26535,0,0
7,5,26536,0,0
0,2,26537,0,0
1,1,26538,0,0
2,8,26539,0,0
3,2,26540,0,0
4,4,26541,0,0
5,1,26542,0,0
6,1,26543,0,0
7,1,26544,0,0
0,2,26545,0,0
1,1,26546,0,0
2,7,26547,0,0
3,2,26548,0,0
4,4,26549,0,0
5,1,26550,0,0
6,1,26551,0,0
7,3,26552,0,0
0,6,26553,0,0
1,7,26554,0,0
2,8,26555,0,0
3,2,26556,0,0
4,1,26557,0,0
5,1,26558,0,0
6,1,26559,0,0
7,1,26560,0,0
0,6,26561,0,0
1,7,26562,0,0
2,8,26563,0,0
3,2,26564,0,0
4,1,26565,0,0
5,2,26566,0,0
6,2,26567,0,0
7,5,26568,0,0
0,5,26569,0,0
1,7,26570,0,0
2,8,26571,0,0
3,2,26572,0,0
4,1,26573,0,0
5,8,26574,0,0
6,2,26575,0,0
7,5,26576,0,0
0,2,26577,0,0
1,7,26578,0,0
2,8,26579,0,0
3,2,26580,0,0
4,6,26581,0,0
5,2,26582,0,0
6,2,26583,0,0
7,5,26584,0,0
0,2,26585,0,0
1,7,26586,0,0
2,7,26587,0,0
3,2,26588,0,0
4,1,26589,0,0
5,2,26590,0,0
6,1,26591,0,0
7,5,26592,0,0
0,2,26593,0,0
1,7,26594,0,0
2,7,26595,0,0
3,2,26596,0,0
4,1,26597,0,0
5,1,26598,0,0
6,1,26599,0,0
7,5,26600,0,0
0,2,26601,0,0
1,7,26602,0,0
2,8,26603,0,0
3,2,26604,0,0
4,1,26605,0,0
5,1,26606,0,0
6,1,26607,0,0
7,5,26608,0,0
0,6,26609,0,0
1,6,26610,0,0
2,8,26611,0,0
3,2,26612,0,0
4,7,26613,0,0
5,1,26614,0,0
6,1,26615,0,0
7,5,26616,0,0
0,6,26617,0,0
1,6,26618,0,0
2,8,26619,0,0
3,1,26620,0,0
4,6,26621,0,0
5,7,26622,0,0
6,1,26623,0,0
7,5,26624,0,0
0,6,26625,0,0
1,6,26626,0,0
2,8,26627,0,0
3,1,26628,0,0
4,6,26629,0,0
5,2,26630,0,0
6,1,26631,0,0
7,5,26632,0,0
0,4,26633,0,0
1,6,26634,0,0
2,8,26635,0,0
3,2,26636,0,0
4,6,26637,0,0
5,7,26638,0,0
6,1,26639,0,0
7,3,26640,0,0
0,2,26641,0,0
1,7,26642,0,0
2,8,26643,0,0
3,2,26644,0,0
4,8,26645,0,0
5,2,26646,0,0
6,2,26647,0,0
7,2,26648,0,0
0,2,26649,0,0
1,7,26650,0,0
2,1,26651,0,0
3,2,26652,0,0
4,8,26653,0,0
5,7,26654,0,0
6,1,26655,0,0
7,5,26656,0,0
0,2,26657,0,0
1,1,26658,0,0
2,1,26659,0,0
3,2,26660,0,0
4,1,26661,0,0
5,5,26662,0,0
6,1,26663,0,0
7,5,26664,0,0
0,2,26665,0,0
1,1,26666,0,0
2,1,26667,0,0
3,2,26668,0,0
4,1,26669,0,0
5,1,26670,0,0
6,1,26671,0,0
7,1,26672,0,0
0,3,26673,0,0
1,1,26674,0,0
2,1,26675,0,0
3,2,26676,0,0
4,1,26677,0,0
5,1,26678,0,0
6,1,26679,0,0
7,1,26680,0,0
0,3,26681,0,0
1,1,26682,0,0
2,1,26683,0,0
3,2,26684,0,0
4,1,26685,0,0
5,1,26686,0,0
6,1,26687,0,0
7,1,26688,0,0
0,3,26689,0,0
1,1,26690,0,0
2,1,26691,0,0
3,2,26692,0,0
4,1,26693,0,0
5,1,26694,0,0
6,1,26695,0,0
7,1,26696,0,0
0,5,26697,0,0
1,1,26698,0,0
2,1,26699,0,0
3,1,26700,0,0
4,1,26701,0,0
5,2,26702,0,0
6,1,26703,0,0
7,1,26704,0,0
0,5,26705,0,0
1,1,26706,0,0
2,8,26707,0,0
3,1,26708,0,0
4,1,26709,0,0
5,1,26710,0,0
6,1,26711,0,0
7,1,26712,0,0
0,5,26713,0,0
1,1,26714,0,0
2,8,26715,0,0
3,1,26716,0,0
4,1,26717,0,0
5,1,26718,0,0
6,1,26719,0,0
7,4,26720,0,0
0,2,26721,0,0
1,1,26722,0,0
2,8,26723,0,0
3,1,26724,0,0
4,1,26725,0,0
5,1,26726,0,0
6,8,26727,0,0
7,4,26728,0,0
0,2,26729,0,0
1,1,26730,0,0
2,8,26731,0,0
3,1,26732,0,0
4,1,26733,0,0
5,2,26734,0,0
6,5,26735,0,0
7,4,26736,0,0
0,2,26737,0,0
1,1,26738,0,0
2,1,26739,0,0
3,1,26740,0,0
4,1,26741,0,0
5,2,26742,0,0
6,2,26743,0,0
7,7,26744,0,0
0,2,26745,0,0
1,1,26746,0,0
2,7,26747,0,0
3,1,26748,0,0
4,1,26749,0,0
5,2,26750,0,0
6,2,26751,0,0
7,4,26752,0,0
0,3,26753,0,0
1,1,26754,0,0
2,7,26755,0,0
3,1,26756,0,0
4,1,26757,0,0
5,8,26758,0,0
6,1,26759,0,0
7,1,26760,0,0
0,2,26761,0,0
1,1,26762,0,0
2,1,26763,0,0
3,1,26764,0,0
4,1,26765,0,0
5,1,26766,0,0
6,1,26767,0,0
7,1,26768,0,0
0,2,26769,0,0
1,1,26770,0,0
2,7,26771,0,0
3,1,26772,0,0
4,1,26773,0,0
5,5,26774,0,0
6,1,26775,0,0
7,1,26776,0,0
0,2,26777,0,0
1,1,26778,0,0
2,1,26779,0,0
3,1,26780,0,0
4,1,26781,0,0
5,5,26782,0,0
6,3,26783,0,0
7,1,26784,0,0
0,2,26785,0,0
1,1,26786,0,0
2,8,26787,0,0
3,1,26788,0,0
4,1,26789,0,0
5,8,26790,0,0
6,8,26791,0,0
7,1,26792,0,0
0,2,26793,0,0
1,1,26794,0,0
2,5,26795,0,0
3,1,26796,0,0
4,1,26797,0,0
5,8,26798,0,0
6,1,26799,0,0
7,1,26800,0,0
0,2,26801,0,0
1,1,26802,0,0
2,1,26803,0,0
3,1,26804,0,0
4,1,26805,0,0
5,8,26806,0,0
6,1,26807,0,0
7,1,26808,0,0
0,3,26809,0,0
1,1,26810,0,0
2,8,26811,0,0
3,8,26812,0,0
4,7,26813,0,0
5,8,26814,0,0
6,1,26815,0,0
7,1,26816,0,0
0,2,26817,0,0
1,1,26818,0,0
2,8,26819,0,0
3,5,26820,0,0
4,8,26821,0,0
5,4,26822,0,0
6,8,26823,0,0
7,1,26824,0,0
0,2,26825,0,0
1,1,26826,0,0
2,8,26827,0,0
3,7,26828,0,0
4,1,26829,0,0
5,4,26830,0,0
6,1,26831,0,0
7,1,26832,0,0
0,2,26833,0,0
1,1,26834,0,0
2,8,26835,0,0
3,7,26836,0,0
4,1,26837,0,0
5,4,26838,0,0
6,8,26839,0,0
7,1,26840,0,0
0,2,26841,0,0
1,1,26842,0,0
2,8,26843,0,0
3,0,26844,0,0
4,1,26845,0,0
5,4,26846,0,0
6,1,26847,0,0
7,1,26848,0,0
0,3,26849,0,0
1,1,26850,0,0
2,8,26851,0,0
3,0,26852,0,0
4,4,26853,0,0
5,4,26854,0,0
6,1,26855,0,0
7,1,26856,0,0
0,4,26857,0,0
1,6,26858,0,0
2,8,26859,0,0
3,0,26860,0,0
4,4,26861,0,0
5,4,26862,0,0
6,2,26863,0,0
7,1,26864,0,0
0,2,26865,0,0
1,6,26866,0,0
2,8,26867,0,0
3,0,26868,0,0
4,4,26869,0,0
5,8,26870,0,0
6,3,26871,0,0
7,1,26872,0,0
0,2,26873,0,0
1,4,26874,0,0
2,8,26875,0,0
3,1,26876,0,0
4,4,26877,0,0
5,5,26878,0,0
6,3,26879,0,0
7,1,26880,0,0
0,2,26881,0,0
1,4,26882,0,0
2,8,26883,0,0
3,1,26884,0,0
4,0,26885,0,0
5,5,26886,0,0
6,3,26887,0,0
7,1,26888,0,0
0,2,26889,0,0
1,6,26890,0,0
2,8,26891,0,0
3,8,26892,0,0
4,6,26893,0,0
5,5,26894,0,0
6,2,26895,0,0
7,1,26896,0,0
0,2,26897,0,0
1,6,26898,0,0
2,8,26899,0,0
3,6,26900,0,0
4,6,26901,0,0
5,3,26902,0,0
6,2,26903,0,0
7,1,26904,0,0
0,6,26905,0,0
1,6,26906,0,0
2,8,26907,0,0
3,6,26908,0,0
4,6,26909,0,0
5,5,26910,0,0
6,2,26911,0,0
7,1,26912,0,0
0,2,26913,0,0
1,6,26914,0,0
2,8,26915,0,0
3,6,26916,0,0
4,6,26917,0,0
5,3,26918,0,0
6,6,26919,0,0
7,1,26920,0,0
0,2,26921,0,0
1,6,26922,0,0
2,8,26923,0,0
3,6,26924,0,0
4,6,26925,0,0
5,8,26926,0,0
6,6,26927,0,0
7,1,26928,0,0
0,6,26929,0,0
1,6,26930,0,0
2,8,26931,0,0
3,5,26932,0,0
4,6,26933,0,0
5,8,26934,0,0
6,1,26935,0,0
7,3,26936,0,0
0,6,26937,0,0
1,6,26938,0,0
2,1,26939,0,0
3,5,26940,0,0
4,6,26941,0,0
5,8,26942,0,0
6,5,26943,0,0
7,4,26944,0,0
0,6,26945,0,0
1,7,26946,0,0
2,1,26947,0,0
3,5,26948,0,0
4,6,26949,0,0
5,5,26950,0,0
6,8,26951,0,0
7,5,26952,0,0
0,6,26953,0,0
1,1,26954,0,0
2,1,26955,0,0
3,5,26956,0,0
4,6,26957,0,0
5,1,26958,0,0
6,8,26959,0,0
7,5,26960,0,0
0,6,26961,0,0
1,1,26962,0,0
2,1,26963,0,0
3,5,26964,0,0
4,6,26965,0,0
5,1,26966,0,0
6,8,26967,0,0
7,1,26968,0,0
0,5,26969,0,0
1,1,26970,0,0
2,8,26971,0,0
3,5,26972,0,0
4,6,26973,0,0
5,3,26974,0,0
6,8,26975,0,0
7,1,26976,0,0
0,5,26977,0,0
1,1,26978,0,0
2,8,26979,0,0
3,5,26980,0,0
4,6,26981,0,0
5,3,26982,0,0
6,8,26983,0,0
7,1,26984,0,0
0,5,26985,0,0
1,1,26986,0,0
2,8,26987,0,0
3,5,26988,0,0
4,6,26989,0,0
5,3,26990,0,0
6,8,26991,0,0
7,1,26992,0,0
0,6,26993,0,0
1,1,26994,0,0
2,8,26995,0,0
3,5,26996,0,0
4,6,26997,0,0
5,3,26998,0,0
6,2,26999,0,0
7,1,27000,0,0
0,6,27001,0,0
1,1,27002,0,0
2,8,27003,0,0
3,5,27004,0,0
4,7,27005,0,0
5,8,27006,0,0
6,2,27007,0,0
7,3,27008,0,0
0,6,27009,0,0
1,1,27010,0,0
2,8,27011,0,0
3,5,27012,0,0
4,7,27013,0,0
5,2,27014,0,0
6,1,27015,0,0
7,3,27016,0,0
0,6,27017,0,0
1,1,27018,0,0
2,8,27019,0,0
3,5,27020,0,0
4,7,27021,0,0
5,4,27022,0,0
6,1,27023,0,0
7,1,27024,0,0
0,5,27025,0,0
1,1,27026,0,0
2,1,27027,0,0
3,5,27028,0,0
4,7,27029,0,0
5,4,27030,0,0
6,1,27031,0,0
7,1,27032,0,0
0,5,27033,0,0
1,1,27034,0,0
2,8,27035,0,0
3,6,27036,0,0
4,7,27037,0,0
5,4,27038,0,0
6,1,27039,0,0
7,1,27040,0,0
0,5,27041,0,0
1,1,27042,0,0
2,8,27043,0,0
3,5,27044,0,0
4,7,27045,0,0
5,3,27046,0,0
6,1,27047,0,0
7,1,27048,0,0
0,6,27049,0,0
1,1,27050,0,0
2,1,27051,0,0
3,6,27052,0,0
4,8,27053,0,0
5,2,27054,0,0
6,1,27055,0,0
7,1,27056,0,0
0,6,27057,0,0
1,1,27058,0,0
2,8,27059,0,0
3,7,27060,0,0
4,7,27061,0,0
5,1,27062,0,0
6,1,27063,0,0
7,1,27064,0,0
0,6,27065,0,0
1,1,27066,0,0
2,8,27067,0,0
3,5,27068,0,0
4,6,27069,0,0
5,1,27070,0,0
6,1,27071,0,0
7,1,27072,0,0
0,5,27073,0,0
1,1,27074,0,0
2,8,27075,0,0
3,8,27076,0,0
4,6,27077,0,0
5,1,27078,0,0
6,1,27079,0,0
7,1,27080,0,0
0,5,27081,0,0
1,1,27082,0,0
2,8,27083,0,0
3,1,27084,0,0
4,7,27085,0,0
5,1,27086,0,0
6,1,27087,0,0
7,1,27088,0,0
0,6,27089,0,0
1,1,27090,0,0
2,8,27091,0,0
3,8,27092,0,0
4,7,27093,0,0
5,1,27094,0,0
6,1,27095,0,0
7,1,27096,0,0
0,5,27097,0,0
1,1,27098,0,0
2,1,27099,0,0
3,1,27100,0,0
4,1,27101,0,0
5,1,27102,0,0
6,1,27103,0,0
7,1,27104,0,0
0,5,27105,0,0
1,1,27106,0,0
2,1,27107,0,0
3,1,27108,0,0
4,6,27109,0,0
5,8,27110,0,0
6,6,27111,0,0
7,1,27112,0,0
0,4,27113,0,0
1,1,27114,0,0
2,8,27115,0,0
3,1,27116,0,0
4,6,27117,0,0
5,2,27118,0,0
6,6,27119,0,0
7,1,27120,0,0
0,5,27121,0,0
1,1,27122,0,0
2,8,27123,0,0
3,1,27124,0,0
4,8,27125,0,0
5,8,27126,0,0
6,6,27127,0,0
7,1,27128,0,0
0,6,27129,0,0
1,1,27130,0,0
2,8,27131,0,0
3,5,27132,0,0
4,7,27133,0,0
5,5,27134,0,0
6,4,27135,0,0
7,5,27136,0,0
0,6,27137,0,0
1,1,27138,0,0
2,8,27139,0,0
3,5,27140,0,0
4,7,27141,0,0
5,5,27142,0,0
6,1,27143,0,0
7,5,27144,0,0
0,6,27145,0,0
1,1,27146,0,0
2,1,27147,0,0
3,5,27148,0,0
4,7,27149,0,0
5,5,27150,0,0
6,1,27151,0,0
7,7,27152,0,0
0,6,27153,0,0
1,1,27154,0,0
2,1,27155,0,0
3,5,27156,0,0
4,6,27157,0,0
5,5,27158,0,0
6,1,27159,0,0
7,7,27160,0,0
0,5,27161,0,0
1,1,27162,0,0
2,8,27163,0,0
3,1,27164,0,0
4,6,27165,0,0
5,5,27166,0,0
6,4,27167,0,0
7,7,27168,0,0
0,5,27169,0,0
1,1,27170,0,0
2,8,27171,0,0
3,1,27172,0,0
4,6,27173,0,0
5,5,27174,0,0
6,4,27175,0,0
7,1,27176,0,0
0,6,27177,0,0
1,1,27178,0,0
2,8,27179,0,0
3,1,27180,0,0
4,6,27181,0,0
5,5,27182,0,0
6,6,27183,0,0
7,1,27184,0,0
0,5,27185,0,0
1,1,27186,0,0
2,8,27187,0,0
3,1,27188,0,0
4,6,27189,0,0
5,5,27190,0,0
6,6,27191,0,0
7,1,27192,0,0
0,7,27193,0,0
1,1,27194,0,0
2,7,27195,0,0
3,5,27196,0,0
4,7,27197,0,0
5,5,27198,0,0
6,6,27199,0,0
7,1,27200,0,0
0,6,27201,0,0
1,1,27202,0,0
2,7,27203,0,0
3,5,27204,0,0
4,7,27205,0,0
5,5,27206,0,0
6,4,27207,0,0
7,1,27208,0,0
0,5,27209,0,0
1,1,27210,0,0
2,7,27211,0,0
3,5,27212,0,0
4,6,27213,0,0
5,5,27214,0,0
6,6,27215,0,0
7,1,27216,0,0
0,5,27217,0,0
1,1,27218,0,0
2,7,27219,0,0
3,5,27220,0,0
4,7,27221,0,0
5,8,27222,0,0
6,4,27223,0,0
7,4,27224,0,0
0,6,27225,0,0
1,1,27226,0,0
2,7,27227,0,0
3,7,27228,0,0
4,7,27229,0,0
5,7,27230,0,0
6,4,27231,0,0
7,7,27232,0,0
0,6,27233,0,0
1,1,27234,0,0
2,7,27235,0,0
3,7,27236,0,0
4,7,27237,0,0
5,7,27238,0,0
6,4,27239,0,0
7,7,27240,0,0
0,6,27241,0,0
1,1,27242,0,0
2,7,27243,0,0
3,5,27244,0,0
4,7,27245,0,0
5,7,27246,0,0
6,4,27247,0,0
7,7,27248,0,0
0,6,27249,0,0
1,1,27250,0,0
2,7,27251,0,0
3,7,27252,0,0
4,7,27253,0,0
5,8,27254,0,0
6,6,27255,0,0
7,7,27256,0,0
0,5,27257,0,0
1,1,27258,0,0
2,7,27259,0,0
3,5,27260,0,0
4,7,27261,0,0
5,7,27262,0,0
6,6,27263,0,0
7,7,27264,0,0
0,7,27265,0,0
1,1,27266,0,0
2,7,27267,0,0
3,7,27268,0,0
4,7,27269,0,0
5,5,27270,0,0
6,6,27271,0,0
7,7,27272,0,0
0,7,27273,0,0
1,1,27274,0,0
2,7,27275,0,0
3,5,27276,0,0
4,6,27277,0,0
5,5,27278,0,0
6,6,27279,0,0
7,7,27280,0,0
0,7,27281,0,0
1,1,27282,0,0
2,7,27283,0,0
3,8,27284,0,0
4,7,27285,0,0
5,5,27286,0,0
6,6,27287,0,0
7,7,27288,0,0
0,7,27289,0,0
1,1,27290,0,0
2,7,27291,0,0
3,8,27292,0,0
4,7,27293,0,0
5,7,27294,0,0
6,6,27295,0,0
7,7,27296,0,0
0,6,27297,0,0
1,1,27298,0,0
2,7,27299,0,0
3,5,27300,0,0
4,7,27301,0,0
5,5,27302,0,0
6,6,27303,0,0
7,7,27304,0,0
0,6,27305,0,0
1,1,27306,0,0
2,7,27307,0,0
3,7,27308,0,0
4,7,27309,0,0
5,8,27310,0,0
6,6,27311,0,0
7,7,27312,0,0
0,5,27313,0,0
1,1,27314,0,0
2,7,27315,0,0
3,7,27316,0,0
4,7,27317,0,0
5,7,27318,0,0
6,6,27319,0,0
7,7,27320,0,0
0,6,27321,0,0
1,1,27322,0,0
2,7,27323,0,0
3,7,27324,0,0
4,7,27325,0,0
5,5,27326,0,0
6,6,27327,0,0
7,7,27328,0,0
0,6,27329,0,0
1,1,27330,0,0
2,7,27331,0,0
3,7,27332,0,0
4,7,27333,0,0
5,5,27334,0,0
6,6,27335,0,0
7,7,27336,0,0
0,7,27337,0,0
1,1,27338,0,0
2,7,27339,0,0
3,7,27340,0,0
4,7,27341,0,0
5,7,27342,0,0
6,6,27343,0,0
7,7,27344,0,0
0,7,27345,0,0
1,1,27346,0,0
2,7,27347,0,0
3,7,27348,0,0
4,7,27349,0,0
5,7,27350,0,0
6,6,27351,0,0
7,7,27352,0,0
0,6,27353,0,0
1,1,27354,0,0
2,7,27355,0,0
3,1,27356,0,0
4,7,27357,0,0
5,5,27358,0,0
6,6,27359,0,0
7,6,27360,0,0
0,5,27361,0,0
1,1,27362,0,0
2,6,27363,0,0
3,6,27364,0,0
4,6,27365,0,0
5,5,27366,0,0
6,6,27367,0,0
7,6,27368,0,0
0,5,27369,0,0
1,1,27370,0,0
2,8,27371,0,0
3,1,27372,0,0
4,7,27373,0,0
5,5,27374,0,0
6,6,27375,0,0
7,6,27376,0,0
0,5,27377,0,0
1,1,27378,0,0
2,8,27379,0,0
3,8,27380,0,0
4,8,27381,0,0
5,5,27382,0,0
6,6,27383,0,0
7,6,27384,0,0
0,5,27385,0,0
1,1,27386,0,0
2,8,27387,0,0
3,8,27388,0,0
4,6,27389,0,0
5,8,27390,0,0
6,6,27391,0,0
7,6,27392,0,0
0,5,27393,0,0
1,1,27394,0,0
2,8,27395,0,0
3,1,27396,0,0
4,7,27397,0,0
5,5,27398,0,0
6,6,27399,0,0
7,6,27400,0,0
0,5,27401,0,0
1,1,27402,0,0
2,7,27403,0,0
3,7,27404,0,0
4,7,27405,0,0
5,5,27406,0,0
6,6,27407,0,0
7,7,27408,0,0
0,7,27409,0,0
1,1,27410,0,0
2,7,27411,0,0
3,6,27412,0,0
4,7,27413,0,0
5,7,27414,0,0
6,6,27415,0,0
7,7,27416,0,0
0,6,27417,0,0
1,1,27418,0,0
2,7,27419,0,0
3,7,27420,0,0
4,7,27421,0,0
5,7,27422,0,0
6,6,27423,0,0
7,7,27424,0,0
0,6,27425,0,0
1,6,27426,0,0
2,7,27427,0,0
3,1,27428,0,0
4,6,27429,0,0
5,5,27430,0,0
6,6,27431,0,0
7,7,27432,0,0
0,6,27433,0,0
1,7,27434,0,0
2,7,27435,0,0
3,5,27436,0,0
4,6,27437,0,0
5,5,27438,0,0
6,6,27439,0,0
7,6,27440,0,0
0,6,27441,0,0
1,7,27442,0,0
2,8,27443,0,0
3,6,27444,0,0
4,6,27445,0,0
5,5,27446,0,0
6,6,27447,0,0
7,7,27448,0,0
0,6,27449,0,0
1,6,27450,0,0
2,8,27451,0,0
3,6,27452,0,0
4,6,27453,0,0
5,7,27454,0,0
6,6,27455,0,0
7,7,27456,0,0
0,6,27457,0,0
1,7,27458,0,0
2,8,27459,0,0
3,6,27460,0,0
4,6,27461,0,0
5,7,27462,0,0
6,6,27463,0,0
7,7,27464,0,0
0,6,27465,0,0
1,7,27466,0,0
2,8,27467,0,0
3,6,27468,0,0
4,6,27469,0,0
5,7,27470,0,0
6,6,27471,0,0
7,7,27472,0,0
0,6,27473,0,0
1,7,27474,0,0
2,8,27475,0,0
3,6,27476,0,0
4,6,27477,0,0
5,7,27478,0,0
6,1,27479,0,0
7,7,27480,0,0
0,6,27481,0,0
1,7,27482,0,0
2,7,27483,0,0
3,6,27484,0,0
4,7,27485,0,0
5,5,27486,0,0
6,1,27487,0,0
7,7,27488,0,0
0,6,27489,0,0
1,7,27490,0,0
2,7,27491,0,0
3,6,27492,0,0
4,6,27493,0,0
5,5,27494,0,0
6,1,27495,0,0
7,6,27496,0,0
0,5,27497,0,0
1,7,27498,0,0
2,7,27499,0,0
3,6,27500,0,0
4,7,27501,0,0
5,8,27502,0,0
6,1,27503,0,0
7,7,27504,0,0
0,5,27505,0,0
1,7,27506,0,0
2,7,27507,0,0
3,6,27508,0,0
4,6,27509,0,0
5,7,27510,0,0
6,6,27511,0,0
7,1,27512,0,0
0,5,27513,0,0
1,6,27514,0,0
2,7,27515,0,0
3,6,27516,0,0
4,6,27517,0,0
5,7,27518,0,0
6,6,27519,0,0
7,1,27520,0,0
0,5,27521,0,0
1,6,27522,0,0
2,7,27523,0,0
3,6,27524,0,0
4,6,27525,0,0
5,7,27526,0,0
6,6,27527,0,0
7,7,27528,0,0
0,5,27529,0,0
1,5,27530,0,0
2,7,27531,0,0
3,6,27532,0,0
4,6,27533,0,0
5,7,27534,0,0
6,6,27535,0,0
7,7,27536,0,0
0,7,27537,0,0
1,6,27538,0,0
2,8,27539,0,0
3,6,27540,0,0
4,6,27541,0,0
5,7,27542,0,0
6,6,27543,0,0
7,7,27544,0,0
0,7,27545,0,0
1,7,27546,0,0
2,8,27547,0,0
3,6,27548,0,0
4,6,27549,0,0
5,7,27550,0,0
6,6,27551,0,0
7,7,27552,0,0
0,7,27553,0,0
1,7,27554,0,0
2,8,27555,0,0
3,6,27556,0,0
4,6,27557,0,0
5,5,27558,0,0
6,6,27559,0,0
7,6,27560,0,0
0,7,27561,0,0
1,7,27562,0,0
2,7,27563,0,0
3,6,27564,0,0
4,6,27565,0,0
5,5,27566,0,0
6,6,27567,0,0
7,6,27568,0,0
0,6,27569,0,0
1,7,27570,0,0
2,8,27571,0,0
3,6,27572,0,0
4,7,27573,0,0
5,5,27574,0,0
6,6,27575,0,0
7,6,27576,0,0
0,7,27577,0,0
1,7,27578,0,0
2,8,27579,0,0
3,6,27580,0,0
4,7,27581,0,0
5,7,27582,0,0
6,4,27583,0,0
7,6,27584,0,0
0,7,27585,0,0
1,7,27586,0,0
2,8,27587,0,0
3,6,27588,0,0
4,6,27589,0,0
5,7,27590,0,0
6,4,27591,0,0
7,7,27592,0,0
0,7,27593,0,0
1,7,27594,0,0
2,8,27595,0,0
3,6,27596,0,0
4,6,27597,0,0
5,7,27598,0,0
6,4,27599,0,0
7,7,27600,0,0
0,5,27601,0,0
1,6,27602,0,0
2,7,27603,0,0
3,6,27604,0,0
4,6,27605,0,0
5,7,27606,0,0
6,5,27607,0,0
7,7,27608,0,0
0,7,27609,0,0
1,6,27610,0,0
2,7,27611,0,0
3,6,27612,0,0
4,6,27613,0,0
5,1,27614,0,0
6,6,27615,0,0
7,7,27616,0,0
0,6,27617,0,0
1,6,27618,0,0
2,7,27619,0,0
3,6,27620,0,0
4,6,27621,0,0
5,1,27622,0,0
6,6,27623,0,0
7,4,27624,0,0
0,6,27625,0,0
1,6,27626,0,0
2,7,27627,0,0
3,6,27628,0,0
4,6,27629,0,0
5,8,27630,0,0
6,6,27631,0,0
7,4,27632,0,0
0,6,27633,0,0
1,6,27634,0,0
2,7,27635,0,0
3,5,27636,0,0
4,6,27637,0,0
5,8,27638,0,0
6,6,27639,0,0
7,4,27640,0,0
0,6,27641,0,0
1,6,27642,0,0
2,6,27643,0,0
3,6,27644,0,0
4,6,27645,0,0
5,8,27646,0,0
6,6,27647,0,0
7,6,27648,0,0
0,6,27649,0,0
1,6,27650,0,0
2,7,27651,0,0
3,6,27652,0,0
4,6,27653,0,0
5,8,27654,0,0
6,6,27655,0,0
7,6,27656,0,0
0,5,27657,0,0
1,7,27658,0,0
2,7,27659,0,0
3,7,27660,0,0
4,6,27661,0,0
5,8,27662,0,0
6,6,27663,0,0
7,7,27664,0,0
0,7,27665,0,0
1,7,27666,0,0
2,7,27667,0,0
3,7,27668,0,0
4,6,27669,0,0
5,7,27670,0,0
6,6,27671,0,0
7,7,27672,0,0
0,7,27673,0,0
1,7,27674,0,0
2,7,27675,0,0
3,7,27676,0,0
4,7,27677,0,0
5,7,27678,0,0
6,6,27679,0,0
7,7,27680,0,0
0,7,27681,0,0
1,7,27682,0,0
2,7,27683,0,0
3,7,27684,0,0
4,7,27685,0,0
5,7,27686,0,0
6,6,27687,0,0
7,6,27688,0,0
0,8,27689,0,0
1,7,27690,0,0
2,7,27691,0,0
3,7,27692,0,0
4,7,27693,0,0
5,1,27694,0,0
6,6,27695,0,0
7,6,27696,0,0
0,7,27697,0,0
1,7,27698,0,0
2,7,27699,0,0
3,7,27700,0,0
4,7,27701,0,0
5,1,27702,0,0
6,6,27703,0,0
7,6,27704,0,0
0,7,27705,0,0
1,7,27706,0,0
2,7,27707,0,0
3,7,27708,0,0
4,7,27709,0,0
5,7,27710,0,0
6,6,27711,0,0
7,6,27712,0,0
0,7,27713,0,0
1,6,27714,0,0
2,7,27715,0,0
3,7,27716,0,0
4,7,27717,0,0
5,1,27718,0,0
6,6,27719,0,0
7,6,27720,0,0
0,7,27721,0,0
1,6,27722,0,0
2,6,27723,0,0
3,5,27724,0,0
4,6,27725,0,0
5,1,27726,0,0
6,6,27727,0,0
7,6,27728,0,0
0,7,27729,0,0
1,6,27730,0,0
2,7,27731,0,0
3,6,27732,0,0
4,6,27733,0,0
5,4,27734,0,0
6,6,27735,0,0
7,6,27736,0,0
0,7,27737,0,0
1,6,27738,0,0
2,7,27739,0,0
3,6,27740,0,0
4,6,27741,0,0
5,4,27742,0,0
6,2,27743,0,0
7,6,27744,0,0
0,6,27745,0,0
1,5,27746,0,0
2,8,27747,0,0
3,6,27748,0,0
4,6,27749,0,0
5,4,27750,0,0
6,8,27751,0,0
7,6,27752,0,0
0,6,27753,0,0
1,4,27754,0,0
2,8,27755,0,0
3,7,27756,0,0
4,6,27757,0,0
5,4,27758,0,0
6,3,27759,0,0
7,6,27760,0,0
0,2,27761,0,0
1,3,27762,0,0
2,8,27763,0,0
3,7,27764,0,0
4,4,27765,0,0
5,4,27766,0,0
6,3,27767,0,0
7,6,27768,0,0
0,2,27769,0,0
1,3,27770,0,0
2,8,27771,0,0
3,5,27772,0,0
4,4,27773,0,0
5,3,27774,0,0
6,3,27775,0,0
7,6,27776,0,0
0,2,27777,0,0
1,3,27778,0,0
2,8,27779,0,0
3,7,27780,0,0
4,4,27781,0,0
5,3,27782,0,0
6,6,27783,0,0
7,5,27784,0,0
0,4,27785,0,0
1,3,27786,0,0
2,8,27787,0,0
3,7,27788,0,0
4,4,27789,0,0
5,3,27790,0,0
6,1,27791,0,0
7,4,27792,0,0
0,2,27793,0,0
1,3,27794,0,0
2,1,27795,0,0
3,2,27796,0,0
4,4,27797,0,0
5,3,27798,0,0
6,8,27799,0,0
7,3,27800,0,0
0,2,27801,0,0
1,3,27802,0,0
2,1,27803,0,0
3,3,27804,0,0
4,4,27805,0,0
5,3,27806,0,0
6,8,27807,0,0
7,3,27808,0,0
0,2,27809,0,0
1,4,27810,0,0
2,1,27811,0,0
3,3,27812,0,0
4,4,27813,0,0
5,3,27814,0,0
6,8,27815,0,0
7,3,27816,0,0
0,2,27817,0,0
1,1,27818,0,0
2,6,27819,0,0
3,3,27820,0,0
4,4,27821,0,0
5,8,27822,0,0
6,8,27823,0,0
7,5,27824,0,0
0,2,27825,0,0
1,1,27826,0,0
2,6,27827,0,0
3,3,27828,0,0
4,4,27829,0,0
5,3,27830,0,0
6,1,27831,0,0
7,1,27832,0,0
0,2,27833,0,0
1,1,27834,0,0
2,7,27835,0,0
3,3,27836,0,0
4,4,27837,0,0
5,4,27838,0,0
6,1,27839,0,0
7,1,27840,0,0
0,6,27841,0,0
1,1,27842,0,0
2,8,27843,0,0
3,3,27844,0,0
4,4,27845,0,0
5,4,27846,0,0
6,8,27847,0,0
7,1,27848,0,0
0,2,27849,0,0
1,1,27850,0,0
2,8,27851,0,0
3,3,27852,0,0
4,4,27853,0,0
5,5,27854,0,0
6,8,27855,0,0
7,1,27856,0,0
0,2,27857,0,0
1,1,27858,0,0
2,1,27859,0,0
3,3,27860,0,0
4,4,27861,0,0
5,5,27862,0,0
6,8,27863,0,0
7,1,27864,0,0
0,2,27865,0,0
1,1,27866,0,0
2,1,27867,0,0
3,3,27868,0,0
4,4,27869,0,0
5,5,27870,0,0
6,8,27871,0,0
7,1,27872,0,0
0,2,27873,0,0
1,1,27874,0,0
2,8,27875,0,0
3,3,27876,0,0
4,4,27877,0,0
5,3,27878,0,0
6,1,27879,0,0
7,1,27880,0,0
0,2,27881,0,0
1,1,27882,0,0
2,8,27883,0,0
3,3,27884,0,0
4,4,27885,0,0
5,5,27886,0,0
6,2,27887,0,0
7,1,27888,0,0
0,3,27889,0,0
1,1,27890,0,0
2,8,27891,0,0
3,3,27892,0,0
4,4,27893,0,0
5,5,27894,0,0
6,2,27895,0,0
7,1,27896,0,0
0,2,27897,0,0
1,1,27898,0,0
2,1,27899,0,0
3,3,27900,0,0
4,3,27901,0,0
5,5,27902,0,0
6,2,27903,0,0
7,1,27904,0,0
0,2,27905,0,0
1,7,27906,0,0
2,2,27907,0,0
3,3,27908,0,0
4,4,27909,0,0
5,5,27910,0,0
6,2,27911,0,0
7,1,27912,0,0
0,2,27913,0,0
1,7,27914,0,0
2,8,27915,0,0
3,3,27916,0,0
4,4,27917,0,0
5,3,27918,0,0
6,2,27919,0,0
7,1,27920,0,0
0,2,27921,0,0
1,7,27922,0,0
2,8,27923,0,0
3,3,27924,0,0
4,3,27925,0,0
5,5,27926,0,0
6,2,27927,0,0
7,1,27928,0,0
0,2,27929,0,0
1,7,27930,0,0
2,8,27931,0,0
3,3,27932,0,0
4,4,27933,0,0
5,5,27934,0,0
6,1,27935,0,0
7,1,27936,0,0
0,3,27937,0,0
1,7,27938,0,0
2,8,27939,0,0
3,3,27940,0,0
4,4,27941,0,0
5,5,27942,0,0
6,1,27943,0,0
7,1,27944,0,0
0,6,27945,0,0
1,7,27946,0,0
2,1,27947,0,0
3,3,27948,0,0
4,4,27949,0,0
5,5,27950,0,0
6,2,27951,0,0
7,1,27952,0,0
0,5,27953,0,0
1,7,27954,0,0
2,6,27955,0,0
3,3,27956,0,0
4,7,27957,0,0
5,3,27958,0,0
6,0,27959,0,0
7,1,27960,0,0
0,6,27961,0,0
1,7,27962,0,0
2,7,27963,0,0
3,1,27964,0,0
4,8,27965,0,0
5,3,27966,0,0
6,8,27967,0,0
7,7,27968,0,0
0,2,27969,0,0
1,7,27970,0,0
2,7,27971,0,0
3,1,27972,0,0
4,8,27973,0,0
5,3,27974,0,0
6,8,27975,0,0
7,7,27976,0,0
0,2,27977,0,0
1,7,27978,0,0
2,7,27979,0,0
3,1,27980,0,0
4,8,27981,0,0
5,3,27982,0,0
6,0,27983,0,0
7,7,27984,0,0
0,4,27985,0,0
1,7,27986,0,0
2,7,27987,0,0
3,1,27988,0,0
4,1,27989,0,0
5,3,27990,0,0
6,0,27991,0,0
7,7,27992,0,0
0,4,27993,0,0
1,7,27994,0,0
2,7,27995,0,0
3,1,27996,0,0
4,1,27997,0,0
5,3,27998,0,0
6,0,27999,0,0
7,7,28000,0,0
0,4,28001,0,0
1,7,28002,0,0
2,7,28003,0,0
3,1,28004,0,0
4,6,28005,0,0
5,3,28006,0,0
6,0,28007,0,0
7,7,28008,0,0
0,4,28009,0,0
1,7,28010,0,0
2,7,28011,0,0
3,1,28012,0,0
4,8,28013,0,0
5,3,28014,0,0
6,8,28015,0,0
7,1,28016,0,0
0,6,28017,0,0
1,7,28018,0,0
2,8,28019,0,0
3,1,28020,0,0
4,1,28021,0,0
5,3,28022,0,0
6,4,28023,0,0
7,5,28024,0,0
0,6,28025,0,0
1,6,28026,0,0
2,8,28027,0,0
3,1,28028,0,0
4,1,28029,0,0
5,3,28030,0,0
6,3,28031,0,0
7,5,28032,0,0
0,6,28033,0,0
1,7,28034,0,0
2,8,28035,0,0
3,1,28036,0,0
4,4,28037,0,0
5,4,28038,0,0
6,5,28039,0,0
7,5,28040,0,0
0,4,28041,0,0
1,7,28042,0,0
2,8,28043,0,0
3,5,28044,0,0
4,4,28045,0,0
5,4,28046,0,0
6,6,28047,0,0
7,5,28048,0,0
0,4,28049,0,0
1,6,28050,0,0
2,8,28051,0,0
3,5,28052,0,0
4,7,28053,0,0
5,8,28054,0,0
6,3,28055,0,0
7,1,28056,0,0
0,3,28057,0,0
1,6,28058,0,0
2,8,28059,0,0
3,1,28060,0,0
4,8,28061,0,0
5,1,28062,0,0
6,3,28063,0,0
7,1,28064,0,0
0,2,28065,0,0
1,7,28066,0,0
2,8,28067,0,0
3,1,28068,0,0
4,8,28069,0,0
5,1,28070,0,0
6,2,28071,0,0
7,5,28072,0,0
0,2,28073,0,0
1,7,28074,0,0
2,8,28075,0,0
3,1,28076,0,0
4,6,28077,0,0
5,1,28078,0,0
6,2,28079,0,0
7,5,28080,0,0
0,2,28081,0,0
1,7,28082,0,0
2,8,28083,0,0
3,6,28084,0,0
4,6,28085,0,0
5,4,28086,0,0
6,2,28087,0,0
7,5,28088,0,0
0,2,28089,0,0
1,6,28090,0,0
2,6,28091,0,0
3,5,28092,0,0
4,6,28093,0,0
5,1,28094,0,0
6,6,28095,0,0
7,5,28096,0,0
0,4,28097,0,0
1,7,28098,0,0
2,7,28099,0,0
3,6,28100,0,0
4,8,28101,0,0
5,1,28102,0,0
6,4,28103,0,0
7,5,28104,0,0
0,2,28105,0,0
1,6,28106,0,0
2,6,28107,0,0
3,8,28108,0,0
4,7,28109,0,0
5,5,28110,0,0
6,4,28111,0,0
7,5,28112,0,0
0,2,28113,0,0
1,6,28114,0,0
2,7,28115,0,0
3,6,28116,0,0
4,0,28117,0,0
5,5,28118,0,0
6,6,28119,0,0
7,5,28120,0,0
0,2,28121,0,0
1,6,28122,0,0
2,7,28123,0,0
3,7,28124,0,0
4,7,28125,0,0
5,5,28126,0,0
6,4,28127,0,0
7,5,28128,0,0
0,6,28129,0,0
1,7,28130,0,0
2,8,28131,0,0
3,0,28132,0,0
4,7,28133,0,0
5,5,28134,0,0
6,5,28135,0,0
7,5,28136,0,0
0,6,28137,0,0
1,6,28138,0,0
2,6,28139,0,0
3,0,28140,0,0
4,4,28141,0,0
5,8,28142,0,0
6,1,28143,0,0
7,5,28144,0,0
0,4,28145,0,0
1,6,28146,0,0
2,6,28147,0,0
3,1,28148,0,0
4,4,28149,0,0
5,1,28150,0,0
6,1,28151,0,0
7,5,28152,0,0
0,4,28153,0,0
1,6,28154,0,0
2,6,28155,0,0
3,1,28156,0,0
4,4,28157,0,0
5,7,28158,0,0
6,1,28159,0,0
7,5,28160,0,0
0,6,28161,0,0
1,6,28162,0,0
2,7,28163,0,0
3,1,28164,0,0
4,4,28165,0,0
5,1,28166,0,0
6,2,28167,0,0
7,5,28168,0,0
0,6,28169,0,0
1,1,28170,0,0
2,7,28171,0,0
3,2,28172,0,0
4,1,28173,0,0
5,2,28174,0,0
6,2,28175,0,0
7,5,28176,0,0
0,6,28177,0,0
1,6,28178,0,0
2,8,28179,0,0
3,2,28180,0,0
4,1,28181,0,0
5,2,28182,0,0
6,8,28183,0,0
7,5,28184,0,0
0,4,28185,0,0
1,6,28186,0,0
2,7,28187,0,0
3,3,28188,0,0
4,4,28189,0,0
5,2,28190,0,0
6,1,28191,0,0
7,5,28192,0,0
0,4,28193,0,0
1,6,28194,0,0
2,7,28195,0,0
3,3,28196,0,0
4,4,28197,0,0
5,1,28198,0,0
6,1,28199,0,0
7,5,28200,0,0
0,2,28201,0,0
1,7,28202,0,0
2,6,28203,0,0
3,3,28204,0,0
4,4,28205,0,0
5,1,28206,0,0
6,1,28207,0,0
7,5,28208,0,0
0,2,28209,0,0
1,7,28210,0,0
2,8,28211,0,0
3,3,28212,0,0
4,4,28213,0,0
5,1,28214,0,0
6,1,28215,0,0
7,5,28216,0,0
0,4,28217,0,0
1,7,28218,0,0
2,6,28219,0,0
3,3,28220,0,0
4,4,28221,0,0
5,2,28222,0,0
6,1,28223,0,0
7,5,28224,0,0
0,4,28225,0,0
1,7,28226,0,0
2,7,28227,0,0
3,3,28228,0,0
4,4,28229,0,0
5,2,28230,0,0
6,2,28231,0,0
7,5,28232,0,0
0,4,28233,0,0
1,6,28234,0,0
2,8,28235,0,0
3,3,28236,0,0
4,4,28237,0,0
5,2,28238,0,0
6,1,28239,0,0
7,5,28240,0,0
0,6,28241,0,0
1,7,28242,0,0
2,8,28243,0,0
3,3,28244,0,0
4,1,28245,0,0
5,2,28246,0,0
6,1,28247,0,0
7,5,28248,0,0
0,6,28249,0,0
1,7,28250,0,0
2,8,28251,0,0
3,3,28252,0,0
4,1,28253,0,0
5,8,28254,0,0
6,8,28255,0,0
7,5,28256,0,0
0,5,28257,0,0
1,7,28258,0,0
2,8,28259,0,0
3,6,28260,0,0
4,1,28261,0,0
5,2,28262,0,0
6,1,28263,0,0
7,4,28264,0,0
0,4,28265,0,0
1,7,28266,0,0
2,8,28267,0,0
3,3,28268,0,0
4,1,28269,0,0
5,2,28270,0,0
6,1,28271,0,0
7,4,28272,0,0
0,4,28273,0,0
1,1,28274,0,0
2,8,28275,0,0
3,3,28276,0,0
4,4,28277,0,0
5,2,28278,0,0
6,1,28279,0,0
7,4,28280,0,0
0,4,28281,0,0
1,1,28282,0,0
2,2,28283,0,0
3,3,28284,0,0
4,4,28285,0,0
5,2,28286,0,0
6,1,28287,0,0
7,5,28288,0,0
0,2,28289,0,0
1,7,28290,0,0
2,2,28291,0,0
3,3,28292,0,0
4,4,28293,0,0
5,2,28294,0,0
6,1,28295,0,0
7,5,28296,0,0
0,2,28297,0,0
1,7,28298,0,0
2,2,28299,0,0
3,3,28300,0,0
4,4,28301,0,0
5,2,28302,0,0
6,1,28303,0,0
7,3,28304,0,0
0,2,28305,0,0
1,7,28306,0,0
2,2,28307,0,0
3,2,28308,0,0
4,4,28309,0,0
5,2,28310,0,0
6,1,28311,0,0
7,3,28312,0,0
0,2,28313,0,0
1,8,28314,0,0
2,1,28315,0,0
3,2,28316,0,0
4,4,28317,0,0
5,1,28318,0,0
6,1,28319,0,0
7,3,28320,0,0
0,4,28321,0,0
1,7,28322,0,0
2,1,28323,0,0
3,2,28324,0,0
4,1,28325,0,0
5,1,28326,0,0
6,1,28327,0,0
7,3,28328,0,0
0,6,28329,0,0
1,7,28330,0,0
2,8,28331,0,0
3,2,28332,0,0
4,4,28333,0,0
5,1,28334,0,0
6,1,28335,0,0
7,3,28336,0,0
0,6,28337,0,0
1,8,28338,0,0
2,8,28339,0,0
3,1,28340,0,0
4,4,28341,0,0
5,1,28342,0,0
6,1,28343,0,0
7,3,28344,0,0
0,6,28345,0,0
1,8,28346,0,0
2,8,28347,0,0
3,1,28348,0,0
4,4,28349,0,0
5,1,28350,0,0
6,1,28351,0,0
7,3,28352,0,0
0,6,28353,0,0
1,7,28354,0,0
2,8,28355,0,0
3,1,28356,0,0
4,4,28357,0,0
5,1,28358,0,0
6,2,28359,0,0
7,3,28360,0,0
0,6,28361,0,0
1,7,28362,0,0
2,8,28363,0,0
3,1,28364,0,0
4,1,28365,0,0
5,2,28366,0,0
6,1,28367,0,0
7,3,28368,0,0
0,6,28369,0,0
1,7,28370,0,0
2,8,28371,0,0
3,1,28372,0,0
4,1,28373,0,0
5,8,28374,0,0
6,1,28375,0,0
7,3,28376,0,0
0,5,28377,0,0
1,7,28378,0,0
2,8,28379,0,0
3,1,28380,0,0
4,4,28381,0,0
5,8,28382,0,0
6,1,28383,0,0
7,3,28384,0,0
0,5,28385,0,0
1,7,28386,0,0
2,8,28387,0,0
3,1,28388,0,0
4,4,28389,0,0
5,8,28390,0,0
6,1,28391,0,0
7,3,28392,0,0
0,6,28393,0,0
1,7,28394,0,0
2,8,28395,0,0
3,1,28396,0,0
4,4,28397,0,0
5,8,28398,0,0
6,2,28399,0,0
7,3,28400,0,0
0,6,28401,0,0
1,7,28402,0,0
2,8,28403,0,0
3,1,28404,0,0
4,4,28405,0,0
5,2,28406,0,0
6,1,28407,0,0
7,3,28408,0,0
0,4,28409,0,0
1,7,28410,0,0
2,8,28411,0,0
3,1,28412,0,0
4,4,28413,0,0
5,2,28414,0,0
6,1,28415,0,0
7,5,28416,0,0
0,6,28417,0,0
1,7,28418,0,0
2,8,28419,0,0
3,2,28420,0,0
4,1,28421,0,0
5,8,28422,0,0
6,1,28423,0,0
7,5,28424,0,0
0,6,28425,0,0
1,7,28426,0,0
2,8,28427,0,0
3,1,28428,0,0
4,7,28429,0,0
5,8,28430,0,0
6,1,28431,0,0
7,5,28432,0,0
0,6,28433,0,0
1,7,28434,0,0
2,8,28435,0,0
3,1,28436,0,0
4,4,28437,0,0
5,8,28438,0,0
6,1,28439,0,0
7,5,28440,0,0
0,6,28441,0,0
1,7,28442,0,0
2,8,28443,0,0
3,1,28444,0,0
4,4,28445,0,0
5,8,28446,0,0
6,1,28447,0,0
7,5,28448,0,0
0,4,28449,0,0
1,7,28450,0,0
2,8,28451,0,0
3,1,28452,0,0
4,4,28453,0,0
5,8,28454,0,0
6,2,28455,0,0
7,5,28456,0,0
0,4,28457,0,0
1,7,28458,0,0
2,8,28459,0,0
3,1,28460,0,0
4,4,28461,0,0
5,8,28462,0,0
6,2,28463,0,0
7,5,28464,0,0
0,8,28465,0,0
1,7,28466,0,0
2,8,28467,0,0
3,8,28468,0,0
4,4,28469,0,0
5,8,28470,0,0
6,1,28471,0,0
7,5,28472,0,0
0,4,28473,0,0
1,7,28474,0,0
2,8,28475,0,0
3,8,28476,0,0
4,1,28477,0,0
5,8,28478,0,0
6,8,28479,0,0
7,5,28480,0,0
0,4,28481,0,0
1,7,28482,0,0
2,5,28483,0,0
3,1,28484,0,0
4,1,28485,0,0
5,2,28486,0,0
6,8,28487,0,0
7,5,28488,0,0
0,4,28489,0,0
1,7,28490,0,0
2,8,28491,0,0
3,1,28492,0,0
4,1,28493,0,0
5,2,28494,0,0
6,1,28495,0,0
7,4,28496,0,0
0,4,28497,0,0
1,7,28498,0,0
2,8,28499,0,0
3,1,28500,0,0
4,4,28501,0,0
5,2,28502,0,0
6,8,28503,0,0
7,4,28504,0,0
0,4,28505,0,0
1,7,28506,0,0
2,8,28507,0,0
3,1,28508,0,0
4,4,28509,0,0
5,1,28510,0,0
6,8,28511,0,0
7,4,28512,0,0
0,4,28513,0,0
1,8,28514,0,0
2,8,28515,0,0
3,1,28516,0,0
4,4,28517,0,0
5,1,28518,0,0
6,8,28519,0,0
7,4,28520,0,0
0,4,28521,0,0
1,7,28522,0,0
2,8,28523,0,0
3,1,28524,0,0
4,4,28525,0,0
5,1,28526,0,0
6,8,28527,0,0
7,5,28528,0,0
0,4,28529,0,0
1,7,28530,0,0
2,8,28531,0,0
3,3,28532,0,0
4,1,28533,0,0
5,1,28534,0,0
6,8,28535,0,0
7,1,28536,0,0
0,4,28537,0,0
1,7,28538,0,0
2,8,28539,0,0
3,3,28540,0,0
4,1,28541,0,0
5,1,28542,0,0
6,8,28543,0,0
7,1,28544,0,0
0,4,28545,0,0
1,7,28546,0,0
2,8,28547,0,0
3,3,28548,0,0
4,1,28549,0,0
5,1,28550,0,0
6,0,28551,0,0
7,1,28552,0,0
0,4,28553,0,0
1,7,28554,0,0
2,1,28555,0,0
3,2,28556,0,0
4,1,28557,0,0
5,1,28558,0,0
6,0,28559,0,0
7,1,28560,0,0
0,4,28561,0,0
1,7,28562,0,0
2,1,28563,0,0
3,1,28564,0,0
4,1,28565,0,0
5,1,28566,0,0
6,8,28567,0,0
7,1,28568,0,0
0,3,28569,0,0
1,7,28570,0,0
2,1,28571,0,0
3,1,28572,0,0
4,1,28573,0,0
5,1,28574,0,0
6,1,28575,0,0
7,2,28576,0,0
0,4,28577,0,0
1,7,28578,0,0
2,1,28579,0,0
3,1,28580,0,0
4,4,28581,0,0
5,1,28582,0,0
6,8,28583,0,0
7,4,28584,0,0
0,4,28585,0,0
1,7,28586,0,0
2,8,28587,0,0
3,8,28588,0,0
4,1,28589,0,0
5,2,28590,0,0
6,8,28591,0,0
7,4,28592,0,0
0,4,28593,0,0
1,7,28594,0,0
2,6,28595,0,0
3,1,28596,0,0
4,1,28597,0,0
5,2,28598,0,0
6,8,28599,0,0
7,4,28600,0,0
0,4,28601,0,0
1,7,28602,0,0
2,6,28603,0,0
3,1,28604,0,0
4,1,28605,0,0
5,2,28606,0,0
6,8,28607,0,0
7,4,28608,0,0
0,2,28609,0,0
1,7,28610,0,0
2,6,28611,0,0
3,1,28612,0,0
4,4,28613,0,0
5,8,28614,0,0
6,2,28615,0,0
7,4,28616,0,0
0,2,28617,0,0
1,7,28618,0,0
2,6,28619,0,0
3,1,28620,0,0
4,1,28621,0,0
5,8,28622,0,0
6,1,28623,0,0
7,4,28624,0,0
0,2,28625,0,0
1,7,28626,0,0
2,6,28627,0,0
3,1,28628,0,0
4,1,28629,0,0
5,8,28630,0,0
6,8,28631,0,0
7,3,28632,0,0
0,2,28633,0,0
1,7,28634,0,0
2,6,28635,0,0
3,8,28636,0,0
4,1,28637,0,0
5,1,28638,0,0
6,0,28639,0,0
7,4,28640,0,0
0,3,28641,0,0
1,7,28642,0,0
2,6,28643,0,0
3,7,28644,0,0
4,1,28645,0,0
5,1,28646,0,0
6,0,28647,0,0
7,4,28648,0,0
0,3,28649,0,0
1,6,28650,0,0
2,7,28651,0,0
3,7,28652,0,0
4,1,28653,0,0
5,7,28654,0,0
6,0,28655,0,0
7,4,28656,0,0
0,3,28657,0,0
1,6,28658,0,0
2,6,28659,0,0
3,7,28660,0,0
4,0,28661,0,0
5,1,28662,0,0
6,0,28663,0,0
7,4,28664,0,0
0,3,28665,0,0
1,6,28666,0,0
2,6,28667,0,0
3,1,28668,0,0
4,0,28669,0,0
5,7,28670,0,0
6,0,28671,0,0
7,3,28672,0,0
0,3,28673,0,0
1,6,28674,0,0
2,4,28675,0,0
3,1,28676,0,0
4,0,28677,0,0
5,1,28678,0,0
6,0,28679,0,0
7,4,28680,0,0
0,3,28681,0,0
1,6,28682,0,0
2,7,28683,0,0
3,1,28684,0,0
4,1,28685,0,0
5,1,28686,0,0
6,8,28687,0,0
7,4,28688,0,0
0,3,28689,0,0
1,7,28690,0,0
2,7,28691,0,0
3,1,28692,0,0
4,0,28693,0,0
5,1,28694,0,0
6,0,28695,0,0
7,5,28696,0,0
0,3,28697,0,0
1,7,28698,0,0
2,7,28699,0,0
3,1,28700,0,0
4,0,28701,0,0
5,1,28702,0,0
6,0,28703,0,0
7,0,28704,0,0
0,3,28705,0,0
1,6,28706,0,0
2,7,28707,0,0
3,1,28708,0,0
4,0,28709,0,0
5,1,28710,0,0
6,0,28711,0,0
7,0,28712,0,0
0,2,28713,0,0
1,6,28714,0,0
2,7,28715,0,0
3,1,28716,0,0
4,0,28717,0,0
5,1,28718,0,0
6,0,28719,0,0
7,0,28720,0,0
0,3,28721,0,0
1,6,28722,0,0
2,7,28723,0,0
3,1,28724,0,0
4,0,28725,0,0
5,1,28726,0,0
6,0,28727,0,0
7,0,28728,0,0
0,2,28729,0,0
1,7,28730,0,0
2,4,28731,0,0
3,1,28732,0,0
4,0,28733,0,0
5,1,28734,0,0
6,0,28735,0,0
7,0,28736,0,0
0,6,28737,0,0
1,5,28738,0,0
2,7,28739,0,0
3,1,28740,0,0
4,1,28741,0,0
5,1,28742,0,0
6,0,28743,0,0
7,0,28744,0,0
0,6,28745,0,0
1,5,28746,0,0
2,4,28747,0,0
3,1,28748,0,0
4,1,28749,0,0
5,1,28750,0,0
6,5,28751,0,0
7,0,28752,0,0
0,6,28753,0,0
1,5,28754,0,0
2,4,28755,0,0
3,7,28756,0,0
4,4,28757,0,0
5,1,28758,0,0
6,4,28759,0,0
7,0,28760,0,0
0,6,28761,0,0
1,6,28762,0,0
2,6,28763,0,0
3,1,28764,0,0
4,2,28765,0,0
5,1,28766,0,0
6,4,28767,0,0
7,0,28768,0,0
0,6,28769,0,0
1,6,28770,0,0
2,8,28771,0,0
3,8,28772,0,0
4,2,28773,0,0
5,1,28774,0,0
6,3,28775,0,0
7,0,28776,0,0
0,6,28777,0,0
1,6,28778,0,0
2,7,28779,0,0
3,8,28780,0,0
4,1,28781,0,0
5,1,28782,0,0
6,4,28783,0,0
7,0,28784,0,0
0,3,28785,0,0
1,6,28786,0,0
2,8,28787,0,0
3,1,28788,0,0
4,1,28789,0,0
5,1,28790,0,0
6,4,28791,0,0
7,0,28792,0,0
0,4,28793,0,0
1,5,28794,0,0
2,8,28795,0,0
3,1,28796,0,0
4,1,28797,0,0
5,1,28798,0,0
6,0,28799,0,0
7,0,28800,0,0
0,4,28801,0,0
1,5,28802,0,0
2,8,28803,0,0
3,1,28804,0,0
4,4,28805,0,0
5,1,28806,0,0
6,0,28807,0,0
7,0,28808,0,0
0,4,28809,0,0
1,5,28810,0,0
2,8,28811,0,0
3,1,28812,0,0
4,4,28813,0,0
5,1,28814,0,0
6,0,28815,0,0
7,7,28816,0,0
0,4,28817,0,0
1,7,28818,0,0
2,8,28819,0,0
3,1,28820,0,0
4,1,28821,0,0
5,1,28822,0,0
6,0,28823,0,0
7,4,28824,0,0
0,4,28825,0,0
1,5,28826,0,0
2,8,28827,0,0
3,1,28828,0,0
4,7,28829,0,0
5,1,28830,0,0
6,3,28831,0,0
7,0,28832,0,0
0,2,28833,0,0
1,7,28834,0,0
2,8,28835,0,0
3,1,28836,0,0
4,7,28837,0,0
5,1,28838,0,0
6,0,28839,0,0
7,4,28840,0,0
0,2,28841,0,0
1,7,28842,0,0
2,7,28843,0,0
3,1,28844,0,0
4,7,28845,0,0
5,1,28846,0,0
6,0,28847,0,0
7,4,28848,0,0
0,3,28849,0,0
1,7,28850,0,0
2,7,28851,0,0
3,1,28852,0,0
4,7,28853,0,0
5,1,28854,0,0
6,5,28855,0,0
7,4,28856,0,0
0,3,28857,0,0
1,1,28858,0,0
2,1,28859,0,0
3,1,28860,0,0
4,0,28861,0,0
5,1,28862,0,0
6,0,28863,0,0
7,5,28864,0,0
0,2,28865,0,0
1,7,28866,0,0
2,8,28867,0,0
3,1,28868,0,0
4,1,28869,0,0
5,1,28870,0,0
6,0,28871,0,0
7,5,28872,0,0
0,4,28873,0,0
1,4,28874,0,0
2,8,28875,0,0
3,1,28876,0,0
4,0,28877,0,0
5,1,28878,0,0
6,3,28879,0,0
7,5,28880,0,0
0,2,28881,0,0
1,7,28882,0,0
2,1,28883,0,0
3,8,28884,0,0
4,8,28885,0,0
5,1,28886,0,0
6,8,28887,0,0
7,5,28888,0,0
0,3,28889,0,0
1,7,28890,0,0
2,1,28891,0,0
3,1,28892,0,0
4,8,28893,0,0
5,1,28894,0,0
6,2,28895,0,0
7,5,28896,0,0
0,2,28897,0,0
1,1,28898,0,0
2,1,28899,0,0
3,8,28900,0,0
4,8,28901,0,0
5,1,28902,0,0
6,1,28903,0,0
7,2,28904,0,0
0,2,28905,0,0
1,7,28906,0,0
2,8,28907,0,0
3,8,28908,0,0
4,8,28909,0,0
5,8,28910,0,0
6,2,28911,0,0
7,5,28912,0,0
0,2,28913,0,0
1,7,28914,0,0
2,8,28915,0,0
3,8,28916,0,0
4,8,28917,0,0
5,7,28918,0,0
6,0,28919,0,0
7,5,28920,0,0
0,2,28921,0,0
1,7,28922,0,0
2,8,28923,0,0
3,8,28924,0,0
4,7,28925,0,0
5,7,28926,0,0
6,0,28927,0,0
7,5,28928,0,0
0,3,28929,0,0
1,7,28930,0,0
2,7,28931,0,0
3,8,28932,0,0
4,4,28933,0,0
5,7,28934,0,0
6,8,28935,0,0
7,5,28936,0,0
0,3,28937,0,0
1,6,28938,0,0
2,8,28939,0,0
3,8,28940,0,0
4,4,28941,0,0
5,7,28942,0,0
6,8,28943,0,0
7,2,28944,0,0
0,2,28945,0,0
1,7,28946,0,0
2,8,28947,0,0
3,1,28948,0,0
4,4,28949,0,0
5,1,28950,0,0
6,1,28951,0,0
7,2,28952,0,0
0,3,28953,0,0
1,6,28954,0,0
2,2,28955,0,0
3,1,28956,0,0
4,4,28957,0,0
5,1,28958,0,0
6,1,28959,0,0
7,2,28960,0,0
0,2,28961,0,0
1,7,28962,0,0
2,2,28963,0,0
3,1,28964,0,0
4,4,28965,0,0
5,1,28966,0,0
6,2,28967,0,0
7,2,28968,0,0
0,2,28969,0,0
1,3,28970,0,0
2,2,28971,0,0
3,3,28972,0,0
4,4,28973,0,0
5,1,28974,0,0
6,2,28975,0,0
7,7,28976,0,0
0,2,28977,0,0
1,3,28978,0,0
2,2,28979,0,0
3,3,28980,0,0
4,4,28981,0,0
5,1,28982,0,0
6,4,28983,0,0
7,5,28984,0,0
0,2,28985,0,0
1,3,28986,0,0
2,1,28987,0,0
3,3,28988,0,0
4,4,28989,0,0
5,8,28990,0,0
6,5,28991,0,0
7,5,28992,0,0
0,2,28993,0,0
1,3,28994,0,0
2,8,28995,0,0
3,3,28996,0,0
4,4,28997,0,0
5,8,28998,0,0
6,3,28999,0,0
7,2,29000,0,0
0,2,29001,0,0
1,1,29002,0,0
2,8,29003,0,0
3,3,29004,0,0
4,7,29005,0,0
5,1,29006,0,0
6,3,29007,0,0
7,7,29008,0,0
0,2,29009,0,0
1,1,29010,0,0
2,6,29011,0,0
3,3,29012,0,0
4,7,29013,0,0
5,8,29014,0,0
6,3,29015,0,0
7,7,29016,0,0
0,2,29017,0,0
1,1,29018,0,0
2,7,29019,0,0
3,8,29020,0,0
4,4,29021,0,0
5,1,29022,0,0
6,4,29023,0,0
7,0,29024,0,0
0,2,29025,0,0
1,1,29026,0,0
2,8,29027,0,0
3,8,29028,0,0
4,4,29029,0,0
5,7,29030,0,0
6,4,29031,0,0
7,2,29032,0,0
0,2,29033,0,0
1,7,29034,0,0
2,8,29035,0,0
3,8,29036,0,0
4,4,29037,0,0
5,1,29038,0,0
6,4,29039,0,0
7,2,29040,0,0
0,2,29041,0,0
1,7,29042,0,0
2,7,29043,0,0
3,1,29044,0,0
4,4,29045,0,0
5,1,29046,0,0
6,4,29047,0,0
7,4,29048,0,0
0,2,29049,0,0
1,7,29050,0,0
2,7,29051,0,0
3,8,29052,0,0
4,4,29053,0,0
5,1,29054,0,0
6,4,29055,0,0
7,4,29056,0,0
0,2,29057,0,0
1,1,29058,0,0
2,7,29059,0,0
3,8,29060,0,0
4,4,29061,0,0
5,1,29062,0,0
6,4,29063,0,0
7,4,29064,0,0
0,2,29065,0,0
1,1,29066,0,0
2,8,29067,0,0
3,1,29068,0,0
4,4,29069,0,0
5,1,29070,0,0
6,0,29071,0,0
7,4,29072,0,0
0,2,29073,0,0
1,7,29074,0,0
2,8,29075,0,0
3,2,29076,0,0
4,4,29077,0,0
5,1,29078,0,0
6,5,29079,0,0
7,4,29080,0,0
0,3,29081,0,0
1,7,29082,0,0
2,8,29083,0,0
3,3,29084,0,0
4,4,29085,0,0
5,1,29086,0,0
6,8,29087,0,0
7,2,29088,0,0
0,2,29089,0,0
1,7,29090,0,0
2,8,29091,0,0
3,3,29092,0,0
4,4,29093,0,0
5,1,29094,0,0
6,1,29095,0,0
7,4,29096,0,0
0,2,29097,0,0
1,6,29098,0,0
2,8,29099,0,0
3,3,29100,0,0
4,4,29101,0,0
5,1,29102,0,0
6,1,29103,0,0
7,4,29104,0,0
0,4,29105,0,0
1,6,29106,0,0
2,8,29107,0,0
3,3,29108,0,0
4,4,29109,0,0
5,1,29110,0,0
6,8,29111,0,0
7,4,29112,0,0
0,3,29113,0,0
1,6,29114,0,0
2,8,29115,0,0
3,8,29116,0,0
4,4,29117,0,0
5,1,29118,0,0
6,0,29119,0,0
7,4,29120,0,0
0,3,29121,0,0
1,6,29122,0,0
2,7,29123,0,0
3,8,29124,0,0
4,4,29125,0,0
5,7,29126,0,0
6,0,29127,0,0
7,4,29128,0,0
0,2,29129,0,0
1,6,29130,0,0
2,8,29131,0,0
3,8,29132,0,0
4,4,29133,0,0
5,7,29134,0,0
6,0,29135,0,0
7,4,29136,0,0
0,2,29137,0,0
1,6,29138,0,0
2,6,29139,0,0
3,8,29140,0,0
4,4,29141,0,0
5,7,29142,0,0
6,1,29143,0,0
7,4,29144,0,0
0,4,29145,0,0
1,6,29146,0,0
2,7,29147,0,0
3,7,29148,0,0
4,4,29149,0,0
5,7,29150,0,0
6,1,29151,0,0
7,4,29152,0,0
0,3,29153,0,0
1,7,29154,0,0
2,7,29155,0,0
3,1,29156,0,0
4,4,29157,0,0
5,7,29158,0,0
6,1,29159,0,0
7,4,29160,0,0
0,2,29161,0,0
1,6,29162,0,0
2,7,29163,0,0
3,1,29164,0,0
4,4,29165,0,0
5,7,29166,0,0
6,8,29167,0,0
7,4,29168,0,0
0,2,29169,0,0
1,6,29170,0,0
2,8,29171,0,0
3,1,29172,0,0
4,4,29173,0,0
5,7,29174,0,0
6,8,29175,0,0
7,4,29176,0,0
0,2,29177,0,0
1,6,29178,0,0
2,8,29179,0,0
3,1,29180,0,0
4,4,29181,0,0
5,7,29182,0,0
6,0,29183,0,0
7,4,29184,0,0
0,4,29185,0,0
1,4,29186,0,0
2,8,29187,0,0
3,1,29188,0,0
4,4,29189,0,0
5,7,29190,0,0
6,3,29191,0,0
7,4,29192,0,0
0,4,29193,0,0
1,5,29194,0,0
2,8,29195,0,0
3,1,29196,0,0
4,4,29197,0,0
5,7,29198,0,0
6,2,29199,0,0
7,3,29200,0,0
0,4,29201,0,0
1,5,29202,0,0
2,1,29203,0,0
3,1,29204,0,0
4,4,29205,0,0
5,7,29206,0,0
6,2,29207,0,0
7,3,29208,0,0
0,6,29209,0,0
1,6,29210,0,0
2,8,29211,0,0
3,1,29212,0,0
4,4,29213,0,0
5,8,29214,0,0
6,6,29215,0,0
7,4,29216,0,0
0,6,29217,0,0
1,6,29218,0,0
2,8,29219,0,0
3,1,29220,0,0
4,4,29221,0,0
5,8,29222,0,0
6,6,29223,0,0
7,4,29224,0,0
0,6,29225,0,0
1,6,29226,0,0
2,8,29227,0,0
3,1,29228,0,0
4,7,29229,0,0
5,3,29230,0,0
6,6,29231,0,0
7,4,29232,0,0
0,6,29233,0,0
1,6,29234,0,0
2,8,29235,0,0
3,2,29236,0,0
4,1,29237,0,0
5,3,29238,0,0
6,8,29239,0,0
7,4,29240,0,0
0,4,29241,0,0
1,7,29242,0,0
2,8,29243,0,0
3,2,29244,0,0
4,8,29245,0,0
5,5,29246,0,0
6,6,29247,0,0
7,4,29248,0,0
0,2,29249,0,0
1,6,29250,0,0
2,8,29251,0,0
3,3,29252,0,0
4,6,29253,0,0
5,7,29254,0,0
6,6,29255,0,0
7,4,29256,0,0
0,6,29257,0,0
1,6,29258,0,0
2,8,29259,0,0
3,6,29260,0,0
4,6,29261,0,0
5,7,29262,0,0
6,6,29263,0,0
7,4,29264,0,0
0,6,29265,0,0
1,7,29266,0,0
2,1,29267,0,0
3,6,29268,0,0
4,7,29269,0,0
5,8,29270,0,0
6,4,29271,0,0
7,4,29272,0,0
0,6,29273,0,0
1,6,29274,0,0
2,1,29275,0,0
3,6,29276,0,0
4,1,29277,0,0
5,7,29278,0,0
6,1,29279,0,0
7,5,29280,0,0
0,6,29281,0,0
1,4,29282,0,0
2,8,29283,0,0
3,6,29284,0,0
4,7,29285,0,0
5,1,29286,0,0
6,6,29287,0,0
7,5,29288,0,0
0,6,29289,0,0
1,6,29290,0,0
2,7,29291,0,0
3,7,29292,0,0
4,8,29293,0,0
5,1,29294,0,0
6,6,29295,0,0
7,2,29296,0,0
0,5,29297,0,0
1,7,29298,0,0
2,7,29299,0,0
3,7,29300,0,0
4,6,29301,0,0
5,2,29302,0,0
6,6,29303,0,0
7,1,29304,0,0
0,6,29305,0,0
1,6,29306,0,0
2,8,29307,0,0
3,7,29308,0,0
4,6,29309,0,0
5,2,29310,0,0
6,6,29311,0,0
7,1,29312,0,0
0,6,29313,0,0
1,7,29314,0,0
2,8,29315,0,0
3,7,29316,0,0
4,7,29317,0,0
5,2,29318,0,0
6,6,29319,0,0
7,1,29320,0,0
0,5,29321,0,0
1,7,29322,0,0
2,8,29323,0,0
3,6,29324,0,0
4,8,29325,0,0
5,2,29326,0,0
6,6,29327,0,0
7,1,29328,0,0
0,2,29329,0,0
1,6,29330,0,0
2,8,29331,0,0
3,1,29332,0,0
4,1,29333,0,0
5,5,29334,0,0
6,1,29335,0,0
7,1,29336,0,0
0,6,29337,0,0
1,7,29338,0,0
2,8,29339,0,0
3,1,29340,0,0
4,4,29341,0,0
5,5,29342,0,0
6,0,29343,0,0
7,1,29344,0,0
0,6,29345,0,0
1,7,29346,0,0
2,8,29347,0,0
3,8,29348,0,0
4,4,29349,0,0
5,2,29350,0,0
6,5,29351,0,0
7,1,29352,0,0
0,6,29353,0,0
1,6,29354,0,0
2,8,29355,0,0
3,8,29356,0,0
4,4,29357,0,0
5,5,29358,0,0
6,5,29359,0,0
7,5,29360,0,0
0,4,29361,0,0
1,7,29362,0,0
2,8,29363,0,0
3,8,29364,0,0
4,4,29365,0,0
5,5,29366,0,0
6,1,29367,0,0
7,3,29368,0,0
0,4,29369,0,0
1,7,29370,0,0
2,7,29371,0,0
3,1,29372,0,0
4,2,29373,0,0
5,1,29374,0,0
6,1,29375,0,0
7,3,29376,0,0
0,6,29377,0,0
1,7,29378,0,0
2,7,29379,0,0
3,1,29380,0,0
4,4,29381,0,0
5,2,29382,0,0
6,1,29383,0,0
7,3,29384,0,0
0,6,29385,0,0
1,7,29386,0,0
2,7,29387,0,0
3,1,29388,0,0
4,4,29389,0,0
5,2,29390,0,0
6,1,29391,0,0
7,3,29392,0,0
0,6,29393,0,0
1,7,29394,0,0
2,8,29395,0,0
3,1,29396,0,0
4,7,29397,0,0
5,8,29398,0,0
6,1,29399,0,0
7,3,29400,0,0
0,4,29401,0,0
1,7,29402,0,0
2,8,29403,0,0
3,1,29404,0,0
4,4,29405,0,0
5,2,29406,0,0
6,1,29407,0,0
7,3,29408,0,0
0,4,29409,0,0
1,7,29410,0,0
2,8,29411,0,0
3,8,29412,0,0
4,4,29413,0,0
5,7,29414,0,0
6,1,29415,0,0
7,3,29416,0,0
0,4,29417,0,0
1,7,29418,0,0
2,8,29419,0,0
3,8,29420,0,0
4,4,29421,0,0
5,2,29422,0,0
6,1,29423,0,0
7,3,29424,0,0
0,4,29425,0,0
1,7,29426,0,0
2,8,29427,0,0
3,1,29428,0,0
4,4,29429,0,0
5,7,29430,0,0
6,1,29431,0,0
7,3,29432,0,0
0,4,29433,0,0
1,7,29434,0,0
2,8,29435,0,0
3,1,29436,0,0
4,4,29437,0,0
5,1,29438,0,0
6,1,29439,0,0
7,4,29440,0,0
0,4,29441,0,0
1,7,29442,0,0
2,8,29443,0,0
3,1,29444,0,0
4,4,29445,0,0
5,7,29446,0,0
6,1,29447,0,0
7,5,29448,0,0
0,4,29449,0,0
1,7,29450,0,0
2,8,29451,0,0
3,1,29452,0,0
4,4,29453,0,0
5,7,29454,0,0
6,1,29455,0,0
7,4,29456,0,0
0,4,29457,0,0
1,7,29458,0,0
2,8,29459,0,0
3,1,29460,0,0
4,4,29461,0,0
5,7,29462,0,0
6,1,29463,0,0
7,4,29464,0,0
0,6,29465,0,0
1,7,29466,0,0
2,8,29467,0,0
3,1,29468,0,0
4,4,29469,0,0
5,7,29470,0,0
6,8,29471,0,0
7,4,29472,0,0
0,6,29473,0,0
1,7,29474,0,0
2,8,29475,0,0
3,8,29476,0,0
4,4,29477,0,0
5,7,29478,0,0
6,8,29479,0,0
7,5,29480,0,0
0,4,29481,0,0
1,7,29482,0,0
2,8,29483,0,0
3,8,29484,0,0
4,4,29485,0,0
5,7,29486,0,0
6,1,29487,0,0
7,4,29488,0,0
0,4,29489,0,0
1,7,29490,0,0
2,8,29491,0,0
3,8,29492,0,0
4,4,29493,0,0
5,2,29494,0,0
6,1,29495,0,0
7,4,29496,0,0
0,4,29497,0,0
1,7,29498,0,0
2,8,29499,0,0
3,8,29500,0,0
4,1,29501,0,0
5,8,29502,0,0
6,1,29503,0,0
7,4,29504,0,0
0,6,29505,0,0
1,7,29506,0,0
2,8,29507,0,0
3,1,29508,0,0
4,4,29509,0,0
5,2,29510,0,0
6,8,29511,0,0
7,4,29512,0,0
0,6,29513,0,0
1,7,29514,0,0
2,8,29515,0,0
3,8,29516,0,0
4,0,29517,0,0
5,2,29518,0,0
6,4,29519,0,0
7,4,29520,0,0
0,6,29521,0,0
1,7,29522,0,0
2,8,29523,0,0
3,8,29524,0,0
4,4,29525,0,0
5,7,29526,0,0
6,6,29527,0,0
7,4,29528,0,0
0,6,29529,0,0
1,7,29530,0,0
2,8,29531,0,0
3,2,29532,0,0
4,1,29533,0,0
5,7,29534,0,0
6,8,29535,0,0
7,4,29536,0,0
0,4,29537,0,0
1,7,29538,0,0
2,8,29539,0,0
3,1,29540,0,0
4,7,29541,0,0
5,3,29542,0,0
6,8,29543,0,0
7,4,29544,0,0
0,4,29545,0,0
1,7,29546,0,0
2,8,29547,0,0
3,1,29548,0,0
4,7,29549,0,0
5,7,29550,0,0
6,1,29551,0,0
7,4,29552,0,0
0,6,29553,0,0
1,7,29554,0,0
2,8,29555,0,0
3,7,29556,0,0
4,6,29557,0,0
5,3,29558,0,0
6,4,29559,0,0
7,4,29560,0,0
0,6,29561,0,0
1,7,29562,0,0
2,1,29563,0,0
3,7,29564,0,0
4,7,29565,0,0
5,8,29566,0,0
6,1,29567,0,0
7,4,29568,0,0
0,6,29569,0,0
1,7,29570,0,0
2,8,29571,0,0
3,1,29572,0,0
4,7,29573,0,0
5,5,29574,0,0
6,1,29575,0,0
7,4,29576,0,0
0,6,29577,0,0
1,7,29578,0,0
2,8,29579,0,0
3,1,29580,0,0
4,7,29581,0,0
5,5,29582,0,0
6,1,29583,0,0
7,3,29584,0,0
0,2,29585,0,0
1,7,29586,0,0
2,8,29587,0,0
3,7,29588,0,0
4,1,29589,0,0
5,5,29590,0,0
6,1,29591,0,0
7,1,29592,0,0
0,6,29593,0,0
1,7,29594,0,0
2,8,29595,0,0
3,7,29596,0,0
4,4,29597,0,0
5,5,29598,0,0
6,1,29599,0,0
7,1,29600,0,0
0,4,29601,0,0
1,7,29602,0,0
2,8,29603,0,0
3,7,29604,0,0
4,4,29605,0,0
5,5,29606,0,0
6,1,29607,0,0
7,1,29608,0,0
0,4,29609,0,0
1,7,29610,0,0
2,8,29611,0,0
3,1,29612,0,0
4,4,29613,0,0
5,8,29614,0,0
6,1,29615,0,0
7,1,29616,0,0
0,4,29617,0,0
1,1,29618,0,0
2,8,29619,0,0
3,1,29620,0,0
4,4,29621,0,0
5,8,29622,0,0
6,1,29623,0,0
7,1,29624,0,0
0,4,29625,0,0
1,4,29626,0,0
2,8,29627,0,0
3,1,29628,0,0
4,4,29629,0,0
5,3,29630,0,0
6,1,29631,0,0
7,4,29632,0,0
0,4,29633,0,0
1,7,29634,0,0
2,1,29635,0,0
3,1,29636,0,0
4,1,29637,0,0
5,3,29638,0,0
6,1,29639,0,0
7,4,29640,0,0
0,6,29641,0,0
1,5,29642,0,0
2,8,29643,0,0
3,1,29644,0,0
4,4,29645,0,0
5,7,29646,0,0
6,1,29647,0,0
7,4,29648,0,0
0,6,29649,0,0
1,7,29650,0,0
2,1,29651,0,0
3,7,29652,0,0
4,4,29653,0,0
5,7,29654,0,0
6,1,29655,0,0
7,4,29656,0,0
0,2,29657,0,0
1,4,29658,0,0
2,8,29659,0,0
3,7,29660,0,0
4,4,29661,0,0
5,7,29662,0,0
6,1,29663,0,0
7,4,29664,0,0
0,4,29665,0,0
1,7,29666,0,0
2,8,29667,0,0
3,1,29668,0,0
4,4,29669,0,0
5,3,29670,0,0
6,1,29671,0,0
7,4,29672,0,0
0,6,29673,0,0
1,7,29674,0,0
2,8,29675,0,0
3,1,29676,0,0
4,4,29677,0,0
5,7,29678,0,0
6,2,29679,0,0
7,4,29680,0,0
0,4,29681,0,0
1,7,29682,0,0
2,1,29683,0,0
3,1,29684,0,0
4,0,29685,0,0
5,3,29686,0,0
6,5,29687,0,0
7,4,29688,0,0
0,4,29689,0,0
1,7,29690,0,0
2,8,29691,0,0
3,1,29692,0,0
4,0,29693,0,0
5,3,29694,0,0
6,2,29695,0,0
7,4,29696,0,0
0,6,29697,0,0
1,7,29698,0,0
2,8,29699,0,0
3,1,29700,0,0
4,0,29701,0,0
5,3,29702,0,0
6,2,29703,0,0
7,4,29704,0,0
0,6,29705,0,0
1,7,29706,0,0
2,8,29707,0,0
3,8,29708,0,0
4,6,29709,0,0
5,8,29710,0,0
6,1,29711,0,0
7,4,29712,0,0
0,4,29713,0,0
1,7,29714,0,0
2,8,29715,0,0
3,8,29716,0,0
4,7,29717,0,0
5,2,29718,0,0
6,1,29719,0,0
7,4,29720,0,0
0,4,29721,0,0
1,7,29722,0,0
2,8,29723,0,0
3,1,29724,0,0
4,7,29725,0,0
5,1,29726,0,0
6,1,29727,0,0
7,4,29728,0,0
0,2,29729,0,0
1,7,29730,0,0
2,8,29731,0,0
3,1,29732,0,0
4,8,29733,0,0
5,2,29734,0,0
6,1,29735,0,0
7,4,29736,0,0
0,2,29737,0,0
1,7,29738,0,0
2,8,29739,0,0
3,1,29740,0,0
4,1,29741,0,0
5,2,29742,0,0
6,1,29743,0,0
7,4,29744,0,0
0,2,29745,0,0
1,4,29746,0,0
2,8,29747,0,0
3,6,29748,0,0
4,1,29749,0,0
5,8,29750,0,0
6,1,29751,0,0
7,4,29752,0,0
0,2,29753,0,0
1,7,29754,0,0
2,8,29755,0,0
3,3,29756,0,0
4,1,29757,0,0
5,8,29758,0,0
6,8,29759,0,0
7,4,29760,0,0
0,2,29761,0,0
1,7,29762,0,0
2,8,29763,0,0
3,3,29764,0,0
4,2,29765,0,0
5,8,29766,0,0
6,5,29767,0,0
7,4,29768,0,0
0,2,29769,0,0
1,7,29770,0,0
2,8,29771,0,0
3,2,29772,0,0
4,7,29773,0,0
5,8,29774,0,0
6,3,29775,0,0
7,4,29776,0,0
0,2,29777,0,0
1,4,29778,0,0
2,8,29779,0,0
3,2,29780,0,0
4,7,29781,0,0
5,8,29782,0,0
6,3,29783,0,0
7,3,29784,0,0
0,2,29785,0,0
1,4,29786,0,0
2,8,29787,0,0
3,8,29788,0,0
4,1,29789,0,0
5,5,29790,0,0
6,3,29791,0,0
7,4,29792,0,0
0,2,29793,0,0
1,4,29794,0,0
2,8,29795,0,0
3,6,29796,0,0
4,1,29797,0,0
5,5,29798,0,0
6,3,29799,0,0
7,4,29800,0,0
0,2,29801,0,0
1,6,29802,0,0
2,1,29803,0,0
3,3,29804,0,0
4,1,29805,0,0
5,5,29806,0,0
6,3,29807,0,0
7,4,29808,0,0
0,2,29809,0,0
1,6,29810,0,0
2,2,29811,0,0
3,3,29812,0,0
4,1,29813,0,0
5,5,29814,0,0
6,4,29815,0,0
7,4,29816,0,0
0,2,29817,0,0
1,7,29818,0,0
2,2,29819,0,0
3,3,29820,0,0
4,1,29821,0,0
5,3,29822,0,0
6,5,29823,0,0
7,4,29824,0,0
0,2,29825,0,0
1,7,29826,0,0
2,2,29827,0,0
3,3,29828,0,0
4,2,29829,0,0
5,3,29830,0,0
6,4,29831,0,0
7,4,29832,0,0
0,2,29833,0,0
1,5,29834,0,0
2,1,29835,0,0
3,3,29836,0,0
4,4,29837,0,0
5,5,29838,0,0
6,3,29839,0,0
7,4,29840,0,0
0,2,29841,0,0
1,5,29842,0,0
2,8,29843,0,0
3,3,29844,0,0
4,4,29845,0,0
5,5,29846,0,0
6,2,29847,0,0
7,4,29848,0,0
0,2,29849,0,0
1,4,29850,0,0
2,8,29851,0,0
3,3,29852,0,0
4,1,29853,0,0
5,5,29854,0,0
6,2,29855,0,0
7,4,29856,0,0
0,2,29857,0,0
1,4,29858,0,0
2,7,29859,0,0
3,1,29860,0,0
4,1,29861,0,0
5,5,29862,0,0
6,2,29863,0,0
7,4,29864,0,0
0,4,29865,0,0
1,5,29866,0,0
2,7,29867,0,0
3,1,29868,0,0
4,1,29869,0,0
5,5,29870,0,0
6,2,29871,0,0
7,4,29872,0,0
0,2,29873,0,0
1,5,29874,0,0
2,8,29875,0,0
3,8,29876,0,0
4,1,29877,0,0
5,5,29878,0,0
6,2,29879,0,0
7,4,29880,0,0
0,6,29881,0,0
1,5,29882,0,0
2,7,29883,0,0
3,3,29884,0,0
4,1,29885,0,0
5,8,29886,0,0
6,2,29887,0,0
7,4,29888,0,0
0,6,29889,0,0
1,5,29890,0,0
2,7,29891,0,0
3,3,29892,0,0
4,1,29893,0,0
5,8,29894,0,0
6,2,29895,0,0
7,4,29896,0,0
0,4,29897,0,0
1,5,29898,0,0
2,7,29899,0,0
3,3,29900,0,0
4,1,29901,0,0
5,8,29902,0,0
6,2,29903,0,0
7,4,29904,0,0
0,4,29905,0,0
1,5,29906,0,0
2,7,29907,0,0
3,3,29908,0,0
4,1,29909,0,0
5,8,29910,0,0
6,2,29911,0,0
7,4,29912,0,0
0,4,29913,0,0
1,5,29914,0,0
2,7,29915,0,0
3,1,29916,0,0
4,7,29917,0,0
5,3,29918,0,0
6,4,29919,0,0
7,4,29920,0,0
0,4,29921,0,0
1,5,29922,0,0
2,8,29923,0,0
3,1,29924,0,0
4,7,29925,0,0
5,8,29926,0,0
6,4,29927,0,0
7,4,29928,0,0
0,4,29929,0,0
1,3,29930,0,0
2,8,29931,0,0
3,1,29932,0,0
4,7,29933,0,0
5,8,29934,0,0
6,5,29935,0,0
7,3,29936,0,0
0,4,29937,0,0
1,3,29938,0,0
2,8,29939,0,0
3,1,29940,0,0
4,1,29941,0,0
5,8,29942,0,0
6,3,29943,0,0
7,5,29944,0,0
0,6,29945,0,0
1,3,29946,0,0
2,8,29947,0,0
3,7,29948,0,0
4,1,29949,0,0
5,8,29950,0,0
6,2,29951,0,0
7,5,29952,0,0
0,5,29953,0,0
1,3,29954,0,0
2,8,29955,0,0
3,7,29956,0,0
4,1,29957,0,0
5,1,29958,0,0
6,0,29959,0,0
7,5,29960,0,0
0,5,29961,0,0
1,3,29962,0,0
2,8,29963,0,0
3,1,29964,0,0
4,1,29965,0,0
5,3,29966,0,0
6,0,29967,0,0
7,5,29968,0,0
0,6,29969,0,0
1,3,29970,0,0
2,8,29971,0,0
3,8,29972,0,0
4,1,29973,0,0
5,3,29974,0,0
6,8,29975,0,0
7,5,29976,0,0
0,6,29977,0,0
1,3,29978,0,0
2,8,29979,0,0
3,8,29980,0,0
4,1,29981,0,0
5,3,29982,0,0
6,8,29983,0,0
7,5,29984,0,0
0,6,29985,0,0
1,5,29986,0,0
2,8,29987,0,0
3,8,29988,0,0
4,1,29989,0,0
5,7,29990,0,0
6,8,29991,0,0
7,5,29992,0,0
0,6,29993,0,0
1,5,29994,0,0
2,8,29995,0,0
3,1,29996,0,0
4,7,29997,0,0
5,1,29998,0,0
6,1,29999,0,0
7,3,30000,0,0
0,5,30001,0,0
1,5,30002,0,0
2,8,30003,0,0
3,1,30004,0,0
4,7,30005,0,0
5,5,30006,0,0
6,8,30007,0,0
7,5,30008,0,0
0,5,30009,0,0
1,5,30010,0,0
2,8,30011,0,0
3,1,30012,0,0
4,7,30013,0,0
5,5,30014,0,0
6,8,30015,0,0
7,5,30016,0,0
0,6,30017,0,0
1,7,30018,0,0
2,8,30019,0,0
3,1,30020,0,0
4,7,30021,0,0
5,5,30022,0,0
6,8,30023,0,0
7,5,30024,0,0
0,6,30025,0,0
1,7,30026,0,0
2,8,30027,0,0
3,1,30028,0,0
4,7,30029,0,0
5,5,30030,0,0
6,8,30031,0,0
7,1,30032,0,0
0,6,30033,0,0
1,1,30034,0,0
2,8,30035,0,0
3,1,30036,0,0
4,7,30037,0,0
5,1,30038,0,0
6,1,30039,0,0
7,1,30040,0,0
0,6,30041,0,0
1,7,30042,0,0
2,8,30043,0,0
3,1,30044,0,0
4,7,30045,0,0
5,8,30046,0,0
6,1,30047,0,0
7,1,30048,0,0
0,6,30049,0,0
1,4,30050,0,0
2,8,30051,0,0
3,1,30052,0,0
4,7,30053,0,0
5,4,30054,0,0
6,1,30055,0,0
7,1,30056,0,0
0,5,30057,0,0
1,4,30058,0,0
2,8,30059,0,0
3,1,30060,0,0
4,7,30061,0,0
5,7,30062,0,0
6,0,30063,0,0
7,1,30064,0,0
0,5,30065,0,0
1,3,30066,0,0
2,7,30067,0,0
3,1,30068,0,0
4,1,30069,0,0
5,7,30070,0,0
6,0,30071,0,0
7,1,30072,0,0
0,6,30073,0,0
1,3,30074,0,0
2,7,30075,0,0
3,1,30076,0,0
4,4,30077,0,0
5,8,30078,0,0
6,0,30079,0,0
7,1,30080,0,0
0,6,30081,0,0
1,3,30082,0,0
2,8,30083,0,0
3,1,30084,0,0
4,4,30085,0,0
5,3,30086,0,0
6,0,30087,0,0
7,1,30088,0,0
0,5,30089,0,0
1,3,30090,0,0
2,8,30091,0,0
3,5,30092,0,0
4,0,30093,0,0
5,3,30094,0,0
6,0,30095,0,0
7,5,30096,0,0
0,6,30097,0,0
1,3,30098,0,0
2,8,30099,0,0
3,5,30100,0,0
4,6,30101,0,0
5,5,30102,0,0
6,0,30103,0,0
7,4,30104,0,0
0,5,30105,0,0
1,3,30106,0,0
2,8,30107,0,0
3,5,30108,0,0
4,6,30109,0,0
5,3,30110,0,0
6,8,30111,0,0
7,5,30112,0,0
0,6,30113,0,0
1,3,30114,0,0
2,8,30115,0,0
3,5,30116,0,0
4,6,30117,0,0
5,3,30118,0,0
6,8,30119,0,0
7,5,30120,0,0
0,6,30121,0,0
1,3,30122,0,0
2,6,30123,0,0
3,5,30124,0,0
4,6,30125,0,0
5,3,30126,0,0
6,8,30127,0,0
7,5,30128,0,0
0,6,30129,0,0
1,3,30130,0,0
2,6,30131,0,0
3,5,30132,0,0
4,6,30133,0,0
5,5,30134,0,0
6,8,30135,0,0
7,5,30136,0,0
0,6,30137,0,0
1,3,30138,0,0
2,6,30139,0,0
3,1,30140,0,0
4,6,30141,0,0
5,5,30142,0,0
6,8,30143,0,0
7,5,30144,0,0
0,6,30145,0,0
1,3,30146,0,0
2,7,30147,0,0
3,2,30148,0,0
4,6,30149,0,0
5,3,30150,0,0
6,8,30151,0,0
7,5,30152,0,0
0,6,30153,0,0
1,3,30154,0,0
2,7,30155,0,0
3,2,30156,0,0
4,6,30157,0,0
5,5,30158,0,0
6,0,30159,0,0
7,5,30160,0,0
0,6,30161,0,0
1,3,30162,0,0
2,7,30163,0,0
3,1,30164,0,0
4,6,30165,0,0
5,3,30166,0,0
6,1,30167,0,0
7,5,30168,0,0
0,3,30169,0,0
1,3,30170,0,0
2,6,30171,0,0
3,1,30172,0,0
4,0,30173,0,0
5,3,30174,0,0
6,0,30175,0,0
7,1,30176,0,0
0,2,30177,0,0
1,3,30178,0,0
2,6,30179,0,0
3,3,30180,0,0
4,7,30181,0,0
5,5,30182,0,0
6,0,30183,0,0
7,1,30184,0,0
0,8,30185,0,0
1,3,30186,0,0
2,7,30187,0,0
3,3,30188,0,0
4,1,30189,0,0
5,5,30190,0,0
6,0,30191,0,0
7,3,30192,0,0
0,4,30193,0,0
1,4,30194,0,0
2,6,30195,0,0
3,3,30196,0,0
4,2,30197,0,0
5,5,30198,0,0
6,0,30199,0,0
7,1,30200,0,0
0,6,30201,0,0
1,4,30202,0,0
2,7,30203,0,0
3,1,30204,0,0
4,2,30205,0,0
5,5,30206,0,0
6,0,30207,0,0
7,1,30208,0,0
0,8,30209,0,0
1,4,30210,0,0
2,7,30211,0,0
3,1,30212,0,0
4,1,30213,0,0
5,5,30214,0,0
6,0,30215,0,0
7,3,30216,0,0
0,6,30217,0,0
1,4,30218,0,0
2,7,30219,0,0
3,1,30220,0,0
4,1,30221,0,0
5,3,30222,0,0
6,8,30223,0,0
7,3,30224,0,0
0,6,30225,0,0
1,4,30226,0,0
2,7,30227,0,0
3,1,30228,0,0
4,2,30229,0,0
5,3,30230,0,0
6,0,30231,0,0
7,3,30232,0,0
0,4,30233,0,0
1,3,30234,0,0
2,7,30235,0,0
3,1,30236,0,0
4,4,30237,0,0
5,3,30238,0,0
6,0,30239,0,0
7,1,30240,0,0
0,2,30241,0,0
1,3,30242,0,0
2,7,30243,0,0
3,1,30244,0,0
4,4,30245,0,0
5,7,30246,0,0
6,0,30247,0,0
7,1,30248,0,0
0,3,30249,0,0
1,3,30250,0,0
2,7,30251,0,0
3,1,30252,0,0
4,4,30253,0,0
5,7,30254,0,0
6,0,30255,0,0
7,1,30256,0,0
0,4,30257,0,0
1,3,30258,0,0
2,7,30259,0,0
3,0,30260,0,0
4,2,30261,0,0
5,7,30262,0,0
6,0,30263,0,0
7,7,30264,0,0
0,4,30265,0,0
1,3,30266,0,0
2,7,30267,0,0
3,0,30268,0,0
4,2,30269,0,0
5,7,30270,0,0
6,4,30271,0,0
7,4,30272,0,0
0,4,30273,0,0
1,3,30274,0,0
2,7,30275,0,0
3,0,30276,0,0
4,2,30277,0,0
5,7,30278,0,0
6,4,30279,0,0
7,4,30280,0,0
0,4,30281,0,0
1,3,30282,0,0
2,7,30283,0,0
3,0,30284,0,0
4,2,30285,0,0
5,7,30286,0,0
6,0,30287,0,0
7,0,30288,0,0
0,4,30289,0,0
1,3,30290,0,0
2,7,30291,0,0
3,0,30292,0,0
4,2,30293,0,0
5,2,30294,0,0
6,2,30295,0,0
7,0,30296,0,0
0,4,30297,0,0
1,3,30298,0,0
2,7,30299,0,0
3,0,30300,0,0
4,2,30301,0,0
5,7,30302,0,0
6,2,30303,0,0
7,0,30304,0,0
0,4,30305,0,0
1,3,30306,0,0
2,7,30307,0,0
3,1,30308,0,0
4,2,30309,0,0
5,5,30310,0,0
6,8,30311,0,0
7,0,30312,0,0
0,4,30313,0,0
1,3,30314,0,0
2,7,30315,0,0
3,1,30316,0,0
4,2,30317,0,0
5,7,30318,0,0
6,4,30319,0,0
7,0,30320,0,0
0,4,30321,0,0
1,3,30322,0,0
2,7,30323,0,0
3,1,30324,0,0
4,2,30325,0,0
5,8,30326,0,0
6,4,30327,0,0
7,7,30328,0,0
0,4,30329,0,0
1,3,30330,0,0
2,7,30331,0,0
3,0,30332,0,0
4,2,30333,0,0
5,3,30334,0,0
6,3,30335,0,0
7,4,30336,0,0
0,4,30337,0,0
1,3,30338,0,0
2,7,30339,0,0
3,8,30340,0,0
4,2,30341,0,0
5,8,30342,0,0
6,3,30343,0,0
7,4,30344,0,0
0,4,30345,0,0
1,4,30346,0,0
2,6,30347,0,0
3,8,30348,0,0
4,2,30349,0,0
5,3,30350,0,0
6,3,30351,0,0
7,5,30352,0,0
0,4,30353,0,0
1,4,30354,0,0
2,6,30355,0,0
3,1,30356,0,0
4,2,30357,0,0
5,3,30358,0,0
6,3,30359,0,0
7,2,30360,0,0
0,4,30361,0,0
1,1,30362,0,0
2,6,30363,0,0
3,1,30364,0,0
4,2,30365,0,0
5,7,30366,0,0
6,5,30367,0,0
7,2,30368,0,0
0,4,30369,0,0
1,4,30370,0,0
2,6,30371,0,0
3,1,30372,0,0
4,2,30373,0,0
5,7,30374,0,0
6,3,30375,0,0
7,2,30376,0,0
0,4,30377,0,0
1,3,30378,0,0
2,6,30379,0,0
3,0,30380,0,0
4,2,30381,0,0
5,7,30382,0,0
6,0,30383,0,0
7,0,30384,0,0
0,4,30385,0,0
1,6,30386,0,0
2,8,30387,0,0
3,0,30388,0,0
4,2,30389,0,0
5,7,30390,0,0
6,0,30391,0,0
7,0,30392,0,0
0,4,30393,0,0
1,7,30394,0,0
2,8,30395,0,0
3,0,30396,0,0
4,2,30397,0,0
5,7,30398,0,0
6,0,30399,0,0
7,0,30400,0,0
0,5,30401,0,0
1,7,30402,0,0
2,8,30403,0,0
3,1,30404,0,0
4,2,30405,0,0
5,7,30406,0,0
6,0,30407,0,0
7,0,30408,0,0
0,2,30409,0,0
1,6,30410,0,0
2,8,30411,0,0
3,1,30412,0,0
4,2,30413,0,0
5,7,30414,0,0
6,0,30415,0,0
7,0,30416,0,0
0,4,30417,0,0
1,1,30418,0,0
2,8,30419,0,0
3,1,30420,0,0
4,2,30421,0,0
5,7,30422,0,0
6,0,30423,0,0
7,0,30424,0,0
0,5,30425,0,0
1,1,30426,0,0
2,6,30427,0,0
3,1,30428,0,0
4,2,30429,0,0
5,7,30430,0,0
6,0,30431,0,0
7,0,30432,0,0
0,2,30433,0,0
1,1,30434,0,0
2,6,30435,0,0
3,1,30436,0,0
4,2,30437,0,0
5,7,30438,0,0
6,3,30439,0,0
7,4,30440,0,0
0,2,30441,0,0
1,5,30442,0,0
2,6,30443,0,0
3,1,30444,0,0
4,2,30445,0,0
5,8,30446,0,0
6,3,30447,0,0
7,2,30448,0,0
0,2,30449,0,0
1,6,30450,0,0
2,6,30451,0,0
3,1,30452,0,0
4,2,30453,0,0
5,7,30454,0,0
6,2,30455,0,0
7,2,30456,0,0
0,4,30457,0,0
1,6,30458,0,0
2,6,30459,0,0
3,0,30460,0,0
4,2,30461,0,0
5,7,30462,0,0
6,2,30463,0,0
7,4,30464,0,0
0,5,30465,0,0
1,6,30466,0,0
2,6,30467,0,0
3,1,30468,0,0
4,2,30469,0,0
5,8,30470,0,0
6,2,30471,0,0
7,2,30472,0,0
0,5,30473,0,0
1,6,30474,0,0
2,6,30475,0,0
3,1,30476,0,0
4,2,30477,0,0
5,8,30478,0,0
6,2,30479,0,0
7,2,30480,0,0
0,3,30481,0,0
1,6,30482,0,0
2,6,30483,0,0
3,1,30484,0,0
4,2,30485,0,0
5,5,30486,0,0
6,8,30487,0,0
7,2,30488,0,0
0,3,30489,0,0
1,6,30490,0,0
2,6,30491,0,0
3,1,30492,0,0
4,1,30493,0,0
5,7,30494,0,0
6,8,30495,0,0
7,2,30496,0,0
0,3,30497,0,0
1,6,30498,0,0
2,6,30499,0,0
3,1,30500,0,0
4,1,30501,0,0
5,5,30502,0,0
6,8,30503,0,0
7,2,30504,0,0
0,3,30505,0,0
1,6,30506,0,0
2,6,30507,0,0
3,0,30508,0,0
4,6,30509,0,0
5,1,30510,0,0
6,8,30511,0,0
7,2,30512,0,0
0,3,30513,0,0
1,5,30514,0,0
2,6,30515,0,0
3,0,30516,0,0
4,8,30517,0,0
5,1,30518,0,0
6,3,30519,0,0
7,4,30520,0,0
0,5,30521,0,0
1,6,30522,0,0
2,7,30523,0,0
3,0,30524,0,0
4,6,30525,0,0
5,1,30526,0,0
6,4,30527,0,0
7,5,30528,0,0
0,5,30529,0,0
1,6,30530,0,0
2,7,30531,0,0
3,0,30532,0,0
4,6,30533,0,0
5,1,30534,0,0
6,0,30535,0,0
7,4,30536,0,0
0,5,30537,0,0
1,6,30538,0,0
2,6,30539,0,0
3,0,30540,0,0
4,6,30541,0,0
5,1,30542,0,0
6,0,30543,0,0
7,5,30544,0,0
0,5,30545,0,0
1,6,30546,0,0
2,7,30547,0,0
3,0,30548,0,0
4,6,30549,0,0
5,1,30550,0,0
6,0,30551,0,0
7,5,30552,0,0
0,5,30553,0,0
1,7,30554,0,0
2,7,30555,0,0
3,0,30556,0,0
4,6,30557,0,0
5,1,30558,0,0
6,8,30559,0,0
7,0,30560,0,0
0,5,30561,0,0
1,1,30562,0,0
2,7,30563,0,0
3,0,30564,0,0
4,1,30565,0,0
5,1,30566,0,0
6,8,30567,0,0
7,0,30568,0,0
0,4,30569,0,0
1,1,30570,0,0
2,8,30571,0,0
3,0,30572,0,0
4,1,30573,0,0
5,1,30574,0,0
6,0,30575,0,0
7,0,30576,0,0
0,4,30577,0,0
1,1,30578,0,0
2,8,30579,0,0
3,0,30580,0,0
4,1,30581,0,0
5,2,30582,0,0
6,0,30583,0,0
7,0,30584,0,0
0,5,30585,0,0
1,1,30586,0,0
2,7,30587,0,0
3,0,30588,0,0
4,1,30589,0,0
5,2,30590,0,0
6,4,30591,0,0
7,0,30592,0,0
0,4,30593,0,0
1,1,30594,0,0
2,7,30595,0,0
3,1,30596,0,0
4,1,30597,0,0
5,8,30598,0,0
6,6,30599,0,0
7,0,30600,0,0
0,4,30601,0,0
1,8,30602,0,0
2,7,30603,0,0
3,6,30604,0,0
4,1,30605,0,0
5,8,30606,0,0
6,6,30607,0,0
7,0,30608,0,0
0,7,30609,0,0
1,1,30610,0,0
2,7,30611,0,0
3,0,30612,0,0
4,1,30613,0,0
5,8,30614,0,0
6,4,30615,0,0
7,0,30616,0,0
0,7,30617,0,0
1,1,30618,0,0
2,7,30619,0,0
3,0,30620,0,0
4,1,30621,0,0
5,8,30622,0,0
6,0,30623,0,0
7,0,30624,0,0
0,7,30625,0,0
1,7,30626,0,0
2,7,30627,0,0
3,1,30628,0,0
4,7,30629,0,0
5,8,30630,0,0
6,0,30631,0,0
7,7,30632,0,0
0,7,30633,0,0
1,7,30634,0,0
2,7,30635,0,0
3,1,30636,0,0
4,7,30637,0,0
5,8,30638,0,0
6,0,30639,0,0
7,7,30640,0,0
0,7,30641,0,0
1,1,30642,0,0
2,7,30643,0,0
3,0,30644,0,0
4,1,30645,0,0
5,8,30646,0,0
6,0,30647,0,0
7,7,30648,0,0
0,7,30649,0,0
1,7,30650,0,0
2,8,30651,0,0
3,0,30652,0,0
4,1,30653,0,0
5,3,30654,0,0
6,3,30655,0,0
7,7,30656,0,0
0,7,30657,0,0
1,7,30658,0,0
2,8,30659,0,0
3,0,30660,0,0
4,2,30661,0,0
5,3,30662,0,0
6,3,30663,0,0
7,7,30664,0,0
0,7,30665,0,0
1,7,30666,0,0
2,8,30667,0,0
3,0,30668,0,0
4,2,30669,0,0
5,3,30670,0,0
6,4,30671,0,0
7,7,30672,0,0
0,7,30673,0,0
1,7,30674,0,0
2,7,30675,0,0
3,0,30676,0,0
4,2,30677,0,0
5,3,30678,0,0
6,2,30679,0,0
7,7,30680,0,0
0,7,30681,0,0
1,6,30682,0,0
2,7,30683,0,0
3,0,30684,0,0
4,2,30685,0,0
5,3,30686,0,0
6,2,30687,0,0
7,4,30688,0,0
0,7,30689,0,0
1,5,30690,0,0
2,7,30691,0,0
3,0,30692,0,0
4,2,30693,0,0
5,3,30694,0,0
6,2,30695,0,0
7,4,30696,0,0
0,7,30697,0,0
1,7,30698,0,0
2,7,30699,0,0
3,0,30700,0,0
4,1,30701,0,0
5,3,30702,0,0
6,8,30703,0,0
7,4,30704,0,0
0,7,30705,0,0
1,7,30706,0,0
2,7,30707,0,0
3,0,30708,0,0
4,1,30709,0,0
5,3,30710,0,0
6,5,30711,0,0
7,2,30712,0,0
0,7,30713,0,0
1,7,30714,0,0
2,7,30715,0,0
3,0,30716,0,0
4,1,30717,0,0
5,8,30718,0,0
6,8,30719,0,0
7,7,30720,0,0
0,6,30721,0,0
1,7,30722,0,0
2,8,30723,0,0
3,3,30724,0,0
4,1,30725,0,0
5,8,30726,0,0
6,3,30727,0,0
7,5,30728,0,0
0,5,30729,0,0
1,7,30730,0,0
2,8,30731,0,0
3,3,30732,0,0
4,1,30733,0,0
5,4,30734,0,0
6,3,30735,0,0
7,5,30736,0,0
0,6,30737,0,0
1,7,30738,0,0
2,1,30739,0,0
3,3,30740,0,0
4,1,30741,0,0
5,4,30742,0,0
6,4,30743,0,0
7,4,30744,0,0
0,5,30745,0,0
1,6,30746,0,0
2,1,30747,0,0
3,1,30748,0,0
4,1,30749,0,0
5,4,30750,0,0
6,5,30751,0,0
7,4,30752,0,0
0,5,30753,0,0
1,6,30754,0,0
2,1,30755,0,0
3,1,30756,0,0
4,2,30757,0,0
5,8,30758,0,0
6,5,30759,0,0
7,4,30760,0,0
0,5,30761,0,0
1,7,30762,0,0
2,1,30763,0,0
3,1,30764,0,0
4,2,30765,0,0
5,5,30766,0,0
6,5,30767,0,0
7,4,30768,0,0
0,5,30769,0,0
1,3,30770,0,0
2,8,30771,0,0
3,1,30772,0,0
4,2,30773,0,0
5,8,30774,0,0
6,4,30775,0,0
7,4,30776,0,0
0,5,30777,0,0
1,1,30778,0,0
2,8,30779,0,0
3,8,30780,0,0
4,2,30781,0,0
5,8,30782,0,0
6,4,30783,0,0
7,3,30784,0,0
0,5,30785,0,0
1,1,30786,0,0
2,8,30787,0,0
3,6,30788,0,0
4,1,30789,0,0
5,8,30790,0,0
6,4,30791,0,0
7,5,30792,0,0
0,5,30793,0,0
1,1,30794,0,0
2,8,30795,0,0
3,1,30796,0,0
4,1,30797,0,0
5,7,30798,0,0
6,4,30799,0,0
7,4,30800,0,0
0,5,30801,0,0
1,7,30802,0,0
2,8,30803,0,0
3,1,30804,0,0
4,1,30805,0,0
5,2,30806,0,0
6,4,30807,0,0
7,4,30808,0,0
0,5,30809,0,0
1,6,30810,0,0
2,8,30811,0,0
3,1,30812,0,0
4,2,30813,0,0
5,2,30814,0,0
6,5,30815,0,0
7,0,30816,0,0
0,5,30817,0,0
1,6,30818,0,0
2,8,30819,0,0
3,2,30820,0,0
4,1,30821,0,0
5,2,30822,0,0
6,2,30823,0,0
7,0,30824,0,0
0,5,30825,0,0
1,6,30826,0,0
2,8,30827,0,0
3,2,30828,0,0
4,1,30829,0,0
5,8,30830,0,0
6,2,30831,0,0
7,2,30832,0,0
0,5,30833,0,0
1,6,30834,0,0
2,8,30835,0,0
3,2,30836,0,0
4,1,30837,0,0
5,8,30838,0,0
6,2,30839,0,0
7,5,30840,0,0
0,5,30841,0,0
1,7,30842,0,0
2,8,30843,0,0
3,3,30844,0,0
4,1,30845,0,0
5,8,30846,0,0
6,2,30847,0,0
7,5,30848,0,0
0,5,30849,0,0
1,1,30850,0,0
2,8,30851,0,0
3,0,30852,0,0
4,1,30853,0,0
5,8,30854,0,0
6,2,30855,0,0
7,5,30856,0,0
0,5,30857,0,0
1,1,30858,0,0
2,8,30859,0,0
3,0,30860,0,0
4,1,30861,0,0
5,8,30862,0,0
6,8,30863,0,0
7,4,30864,0,0
0,5,30865,0,0
1,3,30866,0,0
2,8,30867,0,0
3,0,30868,0,0
4,1,30869,0,0
5,7,30870,0,0
6,0,30871,0,0
7,4,30872,0,0
0,5,30873,0,0
1,3,30874,0,0
2,8,30875,0,0
3,0,30876,0,0
4,2,30877,0,0
5,7,30878,0,0
6,0,30879,0,0
7,4,30880,0,0
0,5,30881,0,0
1,6,30882,0,0
2,8,30883,0,0
3,0,30884,0,0
4,2,30885,0,0
5,7,30886,0,0
6,0,30887,0,0
7,7,30888,0,0
0,5,30889,0,0
1,5,30890,0,0
2,8,30891,0,0
3,0,30892,0,0
4,2,30893,0,0
5,1,30894,0,0
6,0,30895,0,0
7,5,30896,0,0
0,5,30897,0,0
1,5,30898,0,0
2,8,30899,0,0
3,0,30900,0,0
4,1,30901,0,0
5,1,30902,0,0
6,5,30903,0,0
7,5,30904,0,0
0,5,30905,0,0
1,5,30906,0,0
2,8,30907,0,0
3,0,30908,0,0
4,1,30909,0,0
5,7,30910,0,0
6,5,30911,0,0
7,5,30912,0,0
0,5,30913,0,0
1,5,30914,0,0
2,8,30915,0,0
3,0,30916,0,0
4,1,30917,0,0
5,1,30918,0,0
6,0,30919,0,0
7,5,30920,0,0
0,5,30921,0,0
1,5,30922,0,0
2,8,30923,0,0
3,0,30924,0,0
4,1,30925,0,0
5,2,30926,0,0
6,1,30927,0,0
7,5,30928,0,0
0,5,30929,0,0
1,5,30930,0,0
2,8,30931,0,0
3,0,30932,0,0
4,1,30933,0,0
5,2,30934,0,0
6,1,30935,0,0
7,5,30936,0,0
0,5,30937,0,0
1,5,30938,0,0
2,8,30939,0,0
3,0,30940,0,0
4,2,30941,0,0
5,2,30942,0,0
6,1,30943,0,0
7,5,30944,0,0
0,5,30945,0,0
1,5,30946,0,0
2,8,30947,0,0
3,0,30948,0,0
4,2,30949,0,0
5,8,30950,0,0
6,1,30951,0,0
7,4,30952,0,0
0,5,30953,0,0
1,5,30954,0,0
2,8,30955,0,0
3,0,30956,0,0
4,2,30957,0,0
5,8,30958,0,0
6,1,30959,0,0
7,5,30960,0,0
0,5,30961,0,0
1,5,30962,0,0
2,8,30963,0,0
3,0,30964,0,0
4,1,30965,0,0
5,8,30966,0,0
6,1,30967,0,0
7,5,30968,0,0
0,5,30969,0,0
1,5,30970,0,0
2,8,30971,0,0
3,1,30972,0,0
4,1,30973,0,0
5,2,30974,0,0
6,1,30975,0,0
7,4,30976,0,0
0,5,30977,0,0
1,5,30978,0,0
2,8,30979,0,0
3,1,30980,0,0
4,1,30981,0,0
5,2,30982,0,0
6,8,30983,0,0
7,4,30984,0,0
0,5,30985,0,0
1,5,30986,0,0
2,8,30987,0,0
3,1,30988,0,0
4,1,30989,0,0
5,7,30990,0,0
6,8,30991,0,0
7,5,30992,0,0
0,5,30993,0,0
1,5,30994,0,0
2,8,30995,0,0
3,1,30996,0,0
4,1,30997,0,0
5,1,30998,0,0
6,2,30999,0,0
7,5,31000,0,0
0,5,31001,0,0
1,5,31002,0,0
2,8,31003,0,0
3,1,31004,0,0
4,1,31005,0,0
5,2,31006,0,0
6,2,31007,0,0
7,5,31008,0,0
0,5,31009,0,0
1,5,31010,0,0
2,8,31011,0,0
3,1,31012,0,0
4,1,31013,0,0
5,1,31014,0,0
6,2,31015,0,0
7,5,31016,0,0
0,5,31017,0,0
1,5,31018,0,0
2,8,31019,0,0
3,1,31020,0,0
4,1,31021,0,0
5,8,31022,0,0
6,2,31023,0,0
7,4,31024,0,0
0,5,31025,0,0
1,6,31026,0,0
2,8,31027,0,0
3,1,31028,0,0
4,1,31029,0,0
5,8,31030,0,0
6,1,31031,0,0
7,4,31032,0,0
0,6,31033,0,0
1,6,31034,0,0
2,8,31035,0,0
3,1,31036,0,0
4,1,31037,0,0
5,1,31038,0,0
6,1,31039,0,0
7,4,31040,0,0
0,6,31041,0,0
1,6,31042,0,0
2,8,31043,0,0
3,8,31044,0,0
4,1,31045,0,0
5,1,31046,0,0
6,1,31047,0,0
7,4,31048,0,0
0,6,31049,0,0
1,6,31050,0,0
2,8,31051,0,0
3,0,31052,0,0
4,1,31053,0,0
5,2,31054,0,0
6,1,31055,0,0
7,4,31056,0,0
0,5,31057,0,0
1,5,31058,0,0
2,8,31059,0,0
3,6,31060,0,0
4,2,31061,0,0
5,1,31062,0,0
6,1,31063,0,0
7,4,31064,0,0
0,5,31065,0,0
1,6,31066,0,0
2,8,31067,0,0
3,6,31068,0,0
4,2,31069,0,0
5,1,31070,0,0
6,1,31071,0,0
7,4,31072,0,0
0,5,31073,0,0
1,6,31074,0,0
2,8,31075,0,0
3,8,31076,0,0
4,2,31077,0,0
5,2,31078,0,0
6,1,31079,0,0
7,7,31080,0,0
0,5,31081,0,0
1,5,31082,0,0
2,8,31083,0,0
3,0,31084,0,0
4,2,31085,0,0
5,1,31086,0,0
6,8,31087,0,0
7,4,31088,0,0
0,5,31089,0,0
1,5,31090,0,0
2,8,31091,0,0
3,0,31092,0,0
4,2,31093,0,0
5,1,31094,0,0
6,0,31095,0,0
7,5,31096,0,0
0,7,31097,0,0
1,5,31098,0,0
2,8,31099,0,0
3,8,31100,0,0
4,2,31101,0,0
5,2,31102,0,0
6,0,31103,0,0
7,7,31104,0,0
0,5,31105,0,0
1,5,31106,0,0
2,8,31107,0,0
3,8,31108,0,0
4,1,31109,0,0
5,2,31110,0,0
6,0,31111,0,0
7,7,31112,0,0
0,5,31113,0,0
1,6,31114,0,0
2,8,31115,0,0
3,1,31116,0,0
4,1,31117,0,0
5,4,31118,0,0
6,5,31119,0,0
7,5,31120,0,0
0,5,31121,0,0
1,6,31122,0,0
2,8,31123,0,0
3,1,31124,0,0
4,2,31125,0,0
5,4,31126,0,0
6,5,31127,0,0
7,4,31128,0,0
0,5,31129,0,0
1,5,31130,0,0
2,7,31131,0,0
3,1,31132,0,0
4,1,31133,0,0
5,4,31134,0,0
6,4,31135,0,0
7,0,31136,0,0
0,5,31137,0,0
1,5,31138,0,0
2,7,31139,0,0
3,8,31140,0,0
4,1,31141,0,0
5,2,31142,0,0
6,5,31143,0,0
7,5,31144,0,0
0,5,31145,0,0
1,4,31146,0,0
2,8,31147,0,0
3,1,31148,0,0
4,2,31149,0,0
5,2,31150,0,0
6,0,31151,0,0
7,0,31152,0,0
0,5,31153,0,0
1,4,31154,0,0
2,8,31155,0,0
3,5,31156,0,0
4,1,31157,0,0
5,2,31158,0,0
6,0,31159,0,0
7,0,31160,0,0
0,5,31161,0,0
1,7,31162,0,0
2,7,31163,0,0
3,5,31164,0,0
4,8,31165,0,0
5,2,31166,0,0
6,0,31167,0,0
7,0,31168,0,0
0,5,31169,0,0
1,4,31170,0,0
2,8,31171,0,0
3,5,31172,0,0
4,8,31173,0,0
5,2,31174,0,0
6,0,31175,0,0
7,0,31176,0,0
0,5,31177,0,0
1,3,31178,0,0
2,7,31179,0,0
3,5,31180,0,0
4,8,31181,0,0
5,1,31182,0,0
6,0,31183,0,0
7,0,31184,0,0
0,6,31185,0,0
1,6,31186,0,0
2,7,31187,0,0
3,8,31188,0,0
4,8,31189,0,0
5,1,31190,0,0
6,0,31191,0,0
7,0,31192,0,0
0,6,31193,0,0
1,7,31194,0,0
2,7,31195,0,0
3,8,31196,0,0
4,8,31197,0,0
5,1,31198,0,0
6,4,31199,0,0
7,0,31200,0,0
0,6,31201,0,0
1,5,31202,0,0
2,7,31203,0,0
3,8,31204,0,0
4,7,31205,0,0
5,1,31206,0,0
6,4,31207,0,0
7,0,31208,0,0
0,6,31209,0,0
1,5,31210,0,0
2,7,31211,0,0
3,8,31212,0,0
4,6,31213,0,0
5,1,31214,0,0
6,4,31215,0,0
7,0,31216,0,0
0,5,31217,0,0
1,5,31218,0,0
2,7,31219,0,0
3,1,31220,0,0
4,7,31221,0,0
5,4,31222,0,0
6,4,31223,0,0
7,5,31224,0,0
0,6,31225,0,0
1,7,31226,0,0
2,8,31227,0,0
3,0,31228,0,0
4,7,31229,0,0
5,7,31230,0,0
6,4,31231,0,0
7,7,31232,0,0
0,6,31233,0,0
1,7,31234,0,0
2,8,31235,0,0
3,0,31236,0,0
4,6,31237,0,0
5,4,31238,0,0
6,6,31239,0,0
7,5,31240,0,0
0,5,31241,0,0
1,7,31242,0,0
2,8,31243,0,0
3,0,31244,0,0
4,6,31245,0,0
5,1,31246,0,0
6,6,31247,0,0
7,5,31248,0,0
0,6,31249,0,0
1,7,31250,0,0
2,0,31251,0,0
3,0,31252,0,0
4,6,31253,0,0
5,1,31254,0,0
6,6,31255,0,0
7,7,31256,0,0
0,5,31257,0,0
1,1,31258,0,0
2,0,31259,0,0
3,0,31260,0,0
4,7,31261,0,0
5,1,31262,0,0
6,5,31263,0,0
7,4,31264,0,0
0,4,31265,0,0
1,5,31266,0,0
2,0,31267,0,0
3,0,31268,0,0
4,8,31269,0,0
5,1,31270,0,0
6,4,31271,0,0
7,4,31272,0,0
0,2,31273,0,0
1,5,31274,0,0
2,0,31275,0,0
3,0,31276,0,0
4,8,31277,0,0
5,1,31278,0,0
6,4,31279,0,0
7,7,31280,0,0
0,3,31281,0,0
1,5,31282,0,0
2,0,31283,0,0
3,0,31284,0,0
4,8,31285,0,0
5,1,31286,0,0
6,4,31287,0,0
7,5,31288,0,0
0,6,31289,0,0
1,5,31290,0,0
2,0,31291,0,0
3,8,31292,0,0
4,1,31293,0,0
5,1,31294,0,0
6,5,31295,0,0
7,5,31296,0,0
0,6,31297,0,0
1,5,31298,0,0
2,0,31299,0,0
3,8,31300,0,0
4,1,31301,0,0
5,1,31302,0,0
6,4,31303,0,0
7,5,31304,0,0
0,6,31305,0,0
1,7,31306,0,0
2,0,31307,0,0
3,1,31308,0,0
4,1,31309,0,0
5,4,31310,0,0
6,4,31311,0,0
7,7,31312,0,0
0,6,31313,0,0
1,7,31314,0,0
2,0,31315,0,0
3,1,31316,0,0
4,1,31317,0,0
5,1,31318,0,0
6,2,31319,0,0
7,4,31320,0,0
0,4,31321,0,0
1,6,31322,0,0
2,0,31323,0,0
3,8,31324,0,0
4,1,31325,0,0
5,1,31326,0,0
6,3,31327,0,0
7,5,31328,0,0
0,4,31329,0,0
1,3,31330,0,0
2,0,31331,0,0
3,8,31332,0,0
4,2,31333,0,0
5,1,31334,0,0
6,1,31335,0,0
7,3,31336,0,0
0,4,31337,0,0
1,3,31338,0,0
2,0,31339,0,0
3,1,31340,0,0
4,2,31341,0,0
5,1,31342,0,0
6,2,31343,0,0
7,4,31344,0,0
0,3,31345,0,0
1,3,31346,0,0
2,0,31347,0,0
3,1,31348,0,0
4,2,31349,0,0
5,7,31350,0,0
6,2,31351,0,0
7,4,31352,0,0
0,4,31353,0,0
1,1,31354,0,0
2,0,31355,0,0
3,1,31356,0,0
4,2,31357,0,0
5,7,31358,0,0
6,1,31359,0,0
7,4,31360,0,0
0,4,31361,0,0
1,7,31362,0,0
2,2,31363,0,0
3,1,31364,0,0
4,2,31365,0,0
5,5,31366,0,0
6,1,31367,0,0
7,7,31368,0,0
0,2,31369,0,0
1,7,31370,0,0
2,8,31371,0,0
3,1,31372,0,0
4,2,31373,0,0
5,7,31374,0,0
6,1,31375,0,0
7,4,31376,0,0
0,6,31377,0,0
1,1,31378,0,0
2,8,31379,0,0
3,1,31380,0,0
4,2,31381,0,0
5,7,31382,0,0
6,1,31383,0,0
7,4,31384,0,0
0,6,31385,0,0
1,6,31386,0,0
2,8,31387,0,0
3,3,31388,0,0
4,2,31389,0,0
5,7,31390,0,0
6,1,31391,0,0
7,4,31392,0,0
0,6,31393,0,0
1,5,31394,0,0
2,8,31395,0,0
3,3,31396,0,0
4,2,31397,0,0
5,7,31398,0,0
6,5,31399,0,0
7,3,31400,0,0
0,6,31401,0,0
1,5,31402,0,0
2,8,31403,0,0
3,3,31404,0,0
4,2,31405,0,0
5,7,31406,0,0
6,5,31407,0,0
7,4,31408,0,0
0,6,31409,0,0
1,1,31410,0,0
2,8,31411,0,0
3,3,31412,0,0
4,2,31413,0,0
5,1,31414,0,0
6,5,31415,0,0
7,4,31416,0,0
0,6,31417,0,0
1,7,31418,0,0
2,8,31419,0,0
3,1,31420,0,0
4,2,31421,0,0
5,7,31422,0,0
6,5,31423,0,0
7,4,31424,0,0
0,6,31425,0,0
1,6,31426,0,0
2,8,31427,0,0
3,1,31428,0,0
4,2,31429,0,0
5,7,31430,0,0
6,5,31431,0,0
7,4,31432,0,0
0,6,31433,0,0
1,6,31434,0,0
2,8,31435,0,0
3,1,31436,0,0
4,2,31437,0,0
5,7,31438,0,0
6,5,31439,0,0
7,4,31440,0,0
0,6,31441,0,0
1,6,31442,0,0
2,8,31443,0,0
3,1,31444,0,0
4,2,31445,0,0
5,7,31446,0,0
6,1,31447,0,0
7,4,31448,0,0
0,6,31449,0,0
1,6,31450,0,0
2,8,31451,0,0
3,1,31452,0,0
4,2,31453,0,0
5,7,31454,0,0
6,1,31455,0,0
7,4,31456,0,0
0,6,31457,0,0
1,6,31458,0,0
2,8,31459,0,0
3,1,31460,0,0
4,2,31461,0,0
5,7,31462,0,0
6,5,31463,0,0
7,7,31464,0,0
0,5,31465,0,0
1,6,31466,0,0
2,8,31467,0,0
3,8,31468,0,0
4,2,31469,0,0
5,7,31470,0,0
6,1,31471,0,0
7,4,31472,0,0
0,6,31473,0,0
1,6,31474,0,0
2,8,31475,0,0
3,8,31476,0,0
4,2,31477,0,0
5,7,31478,0,0
6,1,31479,0,0
7,4,31480,0,0
0,6,31481,0,0
1,4,31482,0,0
2,8,31483,0,0
3,8,31484,0,0
4,2,31485,0,0
5,7,31486,0,0
6,1,31487,0,0
7,4,31488,0,0
0,6,31489,0,0
1,6,31490,0,0
2,8,31491,0,0
3,1,31492,0,0
4,2,31493,0,0
5,7,31494,0,0
6,1,31495,0,0
7,4,31496,0,0
0,6,31497,0,0
1,5,31498,0,0
2,8,31499,0,0
3,3,31500,0,0
4,4,31501,0,0
5,5,31502,0,0
6,1,31503,0,0
7,4,31504,0,0
0,6,31505,0,0
1,6,31506,0,0
2,8,31507,0,0
3,3,31508,0,0
4,4,31509,0,0
5,5,31510,0,0
6,5,31511,0,0
7,4,31512,0,0
0,6,31513,0,0
1,6,31514,0,0
2,1,31515,0,0
3,3,31516,0,0
4,4,31517,0,0
5,5,31518,0,0
6,5,31519,0,0
7,4,31520,0,0
0,6,31521,0,0
1,6,31522,0,0
2,2,31523,0,0
3,3,31524,0,0
4,0,31525,0,0
5,5,31526,0,0
6,5,31527,0,0
7,4,31528,0,0
0,6,31529,0,0
1,6,31530,0,0
2,2,31531,0,0
3,3,31532,0,0
4,0,31533,0,0
5,7,31534,0,0
6,3,31535,0,0
7,5,31536,0,0
0,6,31537,0,0
1,5,31538,0,0
2,2,31539,0,0
3,3,31540,0,0
4,0,31541,0,0
5,7,31542,0,0
6,3,31543,0,0
7,5,31544,0,0
0,6,31545,0,0
1,6,31546,0,0
2,2,31547,0,0
3,3,31548,0,0
4,0,31549,0,0
5,5,31550,0,0
6,2,31551,0,0
7,1,31552,0,0
0,6,31553,0,0
1,6,31554,0,0
2,2,31555,0,0
3,3,31556,0,0
4,4,31557,0,0
5,5,31558,0,0
6,1,31559,0,0
7,1,31560,0,0
0,2,31561,0,0
1,6,31562,0,0
2,2,31563,0,0
3,3,31564,0,0
4,4,31565,0,0
5,5,31566,0,0
6,1,31567,0,0
7,1,31568,0,0
0,2,31569,0,0
1,6,31570,0,0
2,2,31571,0,0
3,3,31572,0,0
4,2,31573,0,0
5,1,31574,0,0
6,1,31575,0,0
7,1,31576,0,0
0,6,31577,0,0
1,3,31578,0,0
2,1,31579,0,0
3,3,31580,0,0
4,2,31581,0,0
5,1,31582,0,0
6,1,31583,0,0
7,1,31584,0,0
0,2,31585,0,0
1,3,31586,0,0
2,8,31587,0,0
3,3,31588,0,0
4,2,31589,0,0
5,7,31590,0,0
6,1,31591,0,0
7,1,31592,0,0
0,2,31593,0,0
1,3,31594,0,0
2,8,31595,0,0
3,3,31596,0,0
4,2,31597,0,0
5,7,31598,0,0
6,1,31599,0,0
7,1,31600,0,0
0,6,31601,0,0
1,3,31602,0,0
2,8,31603,0,0
3,3,31604,0,0
4,2,31605,0,0
5,1,31606,0,0
6,1,31607,0,0
7,1,31608,0,0
0,6,31609,0,0
1,6,31610,0,0
2,8,31611,0,0
3,3,31612,0,0
4,2,31613,0,0
5,1,31614,0,0
6,1,31615,0,0
7,2,31616,0,0
0,6,31617,0,0
1,6,31618,0,0
2,8,31619,0,0
3,3,31620,0,0
4,1,31621,0,0
5,1,31622,0,0
6,4,31623,0,0
7,2,31624,0,0
0,4,31625,0,0
1,6,31626,0,0
2,8,31627,0,0
3,1,31628,0,0
4,1,31629,0,0
5,2,31630,0,0
6,5,31631,0,0
7,2,31632,0,0
0,6,31633,0,0
1,6,31634,0,0
2,8,31635,0,0
3,3,31636,0,0
4,1,31637,0,0
5,2,31638,0,0
6,5,31639,0,0
7,1,31640,0,0
0,6,31641,0,0
1,6,31642,0,0
2,8,31643,0,0
3,3,31644,0,0
4,0,31645,0,0
5,1,31646,0,0
6,5,31647,0,0
7,3,31648,0,0
0,6,31649,0,0
1,7,31650,0,0
2,8,31651,0,0
3,3,31652,0,0
4,1,31653,0,0
5,2,31654,0,0
6,5,31655,0,0
7,3,31656,0,0
0,5,31657,0,0
1,7,31658,0,0
2,8,31659,0,0
3,2,31660,0,0
4,2,31661,0,0
5,2,31662,0,0
6,5,31663,0,0
7,3,31664,0,0
0,5,31665,0,0
1,6,31666,0,0
2,8,31667,0,0
3,1,31668,0,0
4,0,31669,0,0
5,8,31670,0,0
6,4,31671,0,0
7,5,31672,0,0
0,6,31673,0,0
1,7,31674,0,0
2,8,31675,0,0
3,6,31676,0,0
4,1,31677,0,0
5,8,31678,0,0
6,4,31679,0,0
7,1,31680,0,0
0,6,31681,0,0
1,7,31682,0,0
2,6,31683,0,0
3,1,31684,0,0
4,1,31685,0,0
5,2,31686,0,0
6,4,31687,0,0
7,3,31688,0,0
0,6,31689,0,0
1,7,31690,0,0
2,7,31691,0,0
3,1,31692,0,0
4,1,31693,0,0
5,2,31694,0,0
6,4,31695,0,0
7,4,31696,0,0
0,6,31697,0,0
1,7,31698,0,0
2,7,31699,0,0
3,1,31700,0,0
4,1,31701,0,0
5,2,31702,0,0
6,5,31703,0,0
7,4,31704,0,0
0,6,31705,0,0
1,6,31706,0,0
2,4,31707,0,0
3,1,31708,0,0
4,1,31709,0,0
5,2,31710,0,0
6,4,31711,0,0
7,4,31712,0,0
0,6,31713,0,0
1,6,31714,0,0
2,5,31715,0,0
3,1,31716,0,0
4,7,31717,0,0
5,2,31718,0,0
6,4,31719,0,0
7,4,31720,0,0
0,6,31721,0,0
1,6,31722,0,0
2,4,31723,0,0
3,1,31724,0,0
4,1,31725,0,0
5,2,31726,0,0
6,4,31727,0,0
7,4,31728,0,0
0,2,31729,0,0
1,7,31730,0,0
2,4,31731,0,0
3,1,31732,0,0
4,1,31733,0,0
5,2,31734,0,0
6,4,31735,0,0
7,1,31736,0,0
0,6,31737,0,0
1,7,31738,0,0
2,4,31739,0,0
3,0,31740,0,0
4,1,31741,0,0
5,2,31742,0,0
6,5,31743,0,0
7,2,31744,0,0
0,6,31745,0,0
1,7,31746,0,0
2,6,31747,0,0
3,0,31748,0,0
4,1,31749,0,0
5,2,31750,0,0
6,4,31751,0,0
7,1,31752,0,0
0,6,31753,0,0
1,7,31754,0,0
2,7,31755,0,0
3,0,31756,0,0
4,1,31757,0,0
5,2,31758,0,0
6,4,31759,0,0
7,1,31760,0,0
0,6,31761,0,0
1,7,31762,0,0
2,7,31763,0,0
3,0,31764,0,0
4,1,31765,0,0
5,2,31766,0,0
6,5,31767,0,0
7,1,31768,0,0
0,6,31769,0,0
1,7,31770,0,0
2,7,31771,0,0
3,0,31772,0,0
4,1,31773,0,0
5,2,31774,0,0
6,5,31775,0,0
7,1,31776,0,0
0,4,31777,0,0
1,7,31778,0,0
2,7,31779,0,0
3,0,31780,0,0
4,1,31781,0,0
5,2,31782,0,0
6,5,31783,0,0
7,1,31784,0,0
0,6,31785,0,0
1,7,31786,0,0
2,6,31787,0,0
3,0,31788,0,0
4,1,31789,0,0
5,2,31790,0,0
6,5,31791,0,0
7,4,31792,0,0
0,6,31793,0,0
1,7,31794,0,0
2,7,31795,0,0
3,0,31796,0,0
4,4,31797,0,0
5,2,31798,0,0
6,5,31799,0,0
7,4,31800,0,0
0,6,31801,0,0
1,7,31802,0,0
2,6,31803,0,0
3,6,31804,0,0
4,4,31805,0,0
5,2,31806,0,0
6,5,31807,0,0
7,4,31808,0,0
0,6,31809,0,0
1,3,31810,0,0
2,6,31811,0,0
3,7,31812,0,0
4,1,31813,0,0
5,2,31814,0,0
6,5,31815,0,0
7,4,31816,0,0
0,6,31817,0,0
1,6,31818,0,0
2,6,31819,0,0
3,5,31820,0,0
4,0,31821,0,0
5,2,31822,0,0
6,2,31823,0,0
7,4,31824,0,0
0,6,31825,0,0
1,6,31826,0,0
2,6,31827,0,0
3,1,31828,0,0
4,1,31829,0,0
5,2,31830,0,0
6,2,31831,0,0
7,4,31832,0,0
0,6,31833,0,0
1,3,31834,0,0
2,6,31835,0,0
3,1,31836,0,0
4,1,31837,0,0
5,8,31838,0,0
6,5,31839,0,0
7,4,31840,0,0
0,7,31841,0,0
1,6,31842,0,0
2,8,31843,0,0
3,5,31844,0,0
4,8,31845,0,0
5,8,31846,0,0
6,5,31847,0,0
7,4,31848,0,0
0,7,31849,0,0
1,7,31850,0,0
2,8,31851,0,0
3,5,31852,0,0
4,7,31853,0,0
5,8,31854,0,0
6,5,31855,0,0
7,4,31856,0,0
0,5,31857,0,0
1,7,31858,0,0
2,8,31859,0,0
3,5,31860,0,0
4,1,31861,0,0
5,8,31862,0,0
6,5,31863,0,0
7,0,31864,0,0
0,3,31865,0,0
1,6,31866,0,0
2,8,31867,0,0
3,5,31868,0,0
4,1,31869,0,0
5,3,31870,0,0
6,5,31871,0,0
7,0,31872,0,0
0,3,31873,0,0
1,6,31874,0,0
2,8,31875,0,0
3,5,31876,0,0
4,7,31877,0,0
5,5,31878,0,0
6,5,31879,0,0
7,0,31880,0,0
0,5,31881,0,0
1,3,31882,0,0
2,8,31883,0,0
3,5,31884,0,0
4,7,31885,0,0
5,4,31886,0,0
6,5,31887,0,0
7,0,31888,0,0
0,7,31889,0,0
1,3,31890,0,0
2,7,31891,0,0
3,5,31892,0,0
4,6,31893,0,0
5,4,31894,0,0
6,5,31895,0,0
7,2,31896,0,0
0,7,31897,0,0
1,6,31898,0,0
2,7,31899,0,0
3,0,31900,0,0
4,6,31901,0,0
5,4,31902,0,0
6,5,31903,0,0
7,2,31904,0,0
0,7,31905,0,0
1,6,31906,0,0
2,8,31907,0,0
3,1,31908,0,0
4,8,31909,0,0
5,5,31910,0,0
6,4,31911,0,0
7,0,31912,0,0
0,7,31913,0,0
1,6,31914,0,0
2,8,31915,0,0
3,0,31916,0,0
4,6,31917,0,0
5,4,31918,0,0
6,4,31919,0,0
7,6,31920,0,0
0,6,31921,0,0
1,3,31922,0,0
2,8,31923,0,0
3,0,31924,0,0
4,6,31925,0,0
5,5,31926,0,0
6,4,31927,0,0
7,6,31928,0,0
0,3,31929,0,0
1,6,31930,0,0
2,8,31931,0,0
3,7,31932,0,0
4,6,31933,0,0
5,7,31934,0,0
6,4,31935,0,0
7,6,31936,0,0
0,3,31937,0,0
1,6,31938,0,0
2,5,31939,0,0
3,0,31940,0,0
4,6,31941,0,0
5,1,31942,0,0
6,8,31943,0,0
7,5,31944,0,0
0,2,31945,0,0
1,3,31946,0,0
2,7,31947,0,0
3,1,31948,0,0
4,6,31949,0,0
5,1,31950,0,0
6,8,31951,0,0
7,7,31952,0,0
0,3,31953,0,0
1,3,31954,0,0
2,7,31955,0,0
3,7,31956,0,0
4,6,31957,0,0
5,7,31958,0,0
6,8,31959,0,0
7,7,31960,0,0
0,5,31961,0,0
1,6,31962,0,0
2,5,31963,0,0
3,0,31964,0,0
4,6,31965,0,0
5,1,31966,0,0
6,8,31967,0,0
7,0,31968,0,0
0,0,31969,0,0
1,4,31970,0,0
2,8,31971,0,0
3,0,31972,0,0
4,6,31973,0,0
5,1,31974,0,0
6,2,31975,0,0
7,7,31976,0,0
0,0,31977,0,0
1,5,31978,0,0
2,8,31979,0,0
3,6,31980,0,0
4,6,31981,0,0
5,1,31982,0,0
6,2,31983,0,0
7,7,31984,0,0
0,8,31985,0,0
1,4,31986,0,0
2,7,31987,0,0
3,3,31988,0,0
4,6,31989,0,0
5,1,31990,0,0
6,2,31991,0,0
7,7,31992,0,0
0,8,31993,0,0
1,7,31994,0,0
2,7,31995,0,0
3,3,31996,0,0
4,6,31997,0,0
5,1,31998,0,0
6,2,31999,0,0
7,7,32000,0,0
0,8,32001,0,0
1,6,32002,0,0
2,4,32003,0,0
3,3,32004,0,0
4,6,32005,0,0
5,7,32006,0,0
6,2,32007,0,0
7,7,32008,0,0
0,5,32009,0,0
1,6,32010,0,0
2,5,32011,0,0
3,3,32012,0,0
4,6,32013,0,0
5,7,32014,0,0
6,2,32015,0,0
7,7,32016,0,0
0,8,32017,0,0
1,7,32018,0,0
2,5,32019,0,0
3,3,32020,0,0
4,6,32021,0,0
5,7,32022,0,0
6,2,32023,0,0
7,7,32024,0,0
0,7,32025,0,0
1,6,32026,0,0
2,7,32027,0,0
3,2,32028,0,0
4,6,32029,0,0
5,7,32030,0,0
6,2,32031,0,0
7,7,32032,0,0
0,5,32033,0,0
1,5,32034,0,0
2,8,32035,0,0
3,2,32036,0,0
4,6,32037,0,0
5,7,32038,0,0
6,2,32039,0,0
7,1,32040,0,0
0,3,32041,0,0
1,7,32042,0,0
2,8,32043,0,0
3,2,32044,0,0
4,6,32045,0,0
5,7,32046,0,0
6,2,32047,0,0
7,1,32048,0,0
0,6,32049,0,0
1,7,32050,0,0
2,8,32051,0,0
3,1,32052,0,0
4,4,32053,0,0
5,7,32054,0,0
6,2,32055,0,0
7,1,32056,0,0
0,5,32057,0,0
1,6,32058,0,0
2,7,32059,0,0
3,1,32060,0,0
4,2,32061,0,0
5,7,32062,0,0
6,2,32063,0,0
7,7,32064,0,0
0,5,32065,0,0
1,7,32066,0,0
2,7,32067,0,0
3,1,32068,0,0
4,2,32069,0,0
5,8,32070,0,0
6,2,32071,0,0
7,7,32072,0,0
0,3,32073,0,0
1,7,32074,0,0
2,8,32075,0,0
3,2,32076,0,0
4,1,32077,0,0
5,1,32078,0,0
6,2,32079,0,0
7,7,32080,0,0
0,3,32081,0,0
1,7,32082,0,0
2,8,32083,0,0
3,2,32084,0,0
4,4,32085,0,0
5,1,32086,0,0
6,2,32087,0,0
7,7,32088,0,0
0,3,32089,0,0
1,7,32090,0,0
2,7,32091,0,0
3,2,32092,0,0
4,1,32093,0,0
5,8,32094,0,0
6,2,32095,0,0
7,7,32096,0,0
0,3,32097,0,0
1,8,32098,0,0
2,8,32099,0,0
3,2,32100,0,0
4,1,32101,0,0
5,8,32102,0,0
6,2,32103,0,0
7,7,32104,0,0
0,3,32105,0,0
1,7,32106,0,0
2,8,32107,0,0
3,2,32108,0,0
4,1,32109,0,0
5,8,32110,0,0
6,2,32111,0,0
7,7,32112,0,0
0,7,32113,0,0
1,7,32114,0,0
2,8,32115,0,0
3,1,32116,0,0
4,1,32117,0,0
5,8,32118,0,0
6,2,32119,0,0
7,7,32120,0,0
0,7,32121,0,0
1,4,32122,0,0
2,8,32123,0,0
3,1,32124,0,0
4,1,32125,0,0
5,8,32126,0,0
6,2,32127,0,0
7,7,32128,0,0
0,7,32129,0,0
1,7,32130,0,0
2,8,32131,0,0
3,1,32132,0,0
4,1,32133,0,0
5,8,32134,0,0
6,2,32135,0,0
7,7,32136,0,0
0,7,32137,0,0
1,5,32138,0,0
2,8,32139,0,0
3,1,32140,0,0
4,1,32141,0,0
5,8,32142,0,0
6,2,32143,0,0
7,0,32144,0,0
0,0,32145,0,0
1,7,32146,0,0
2,7,32147,0,0
3,1,32148,0,0
4,1,32149,0,0
5,8,32150,0,0
6,2,32151,0,0
7,7,32152,0,0
0,0,32153,0,0
1,3,32154,0,0
2,7,32155,0,0
3,1,32156,0,0
4,1,32157,0,0
5,8,32158,0,0
6,2,32159,0,0
7,7,32160,0,0
0,5,32161,0,0
1,5,32162,0,0
2,7,32163,0,0
3,5,32164,0,0
4,1,32165,0,0
5,2,32166,0,0
6,2,32167,0,0
7,7,32168,0,0
0,7,32169,0,0
1,6,32170,0,0
2,7,32171,0,0
3,5,32172,0,0
4,1,32173,0,0
5,2,32174,0,0
6,2,32175,0,0
7,7,32176,0,0
0,6,32177,0,0
1,7,32178,0,0
2,8,32179,0,0
3,5,32180,0,0
4,8,32181,0,0
5,2,32182,0,0
6,2,32183,0,0
7,5,32184,0,0
0,6,32185,0,0
1,7,32186,0,0
2,8,32187,0,0
3,5,32188,0,0
4,8,32189,0,0
5,1,32190,0,0
6,2,32191,0,0
7,5,32192,0,0
0,5,32193,0,0
1,7,32194,0,0
2,8,32195,0,0
3,5,32196,0,0
4,8,32197,0,0
5,1,32198,0,0
6,2,32199,0,0
7,4,32200,0,0
0,3,32201,0,0
1,6,32202,0,0
2,8,32203,0,0
3,5,32204,0,0
4,7,32205,0,0
5,1,32206,0,0
6,2,32207,0,0
7,7,32208,0,0
0,3,32209,0,0
1,7,32210,0,0
2,8,32211,0,0
3,1,32212,0,0
4,8,32213,0,0
5,8,32214,0,0
6,2,32215,0,0
7,5,32216,0,0
0,5,32217,0,0
1,7,32218,0,0
2,8,32219,0,0
3,1,32220,0,0
4,8,32221,0,0
5,8,32222,0,0
6,2,32223,0,0
7,5,32224,0,0
0,0,32225,0,0
1,7,32226,0,0
2,8,32227,0,0
3,1,32228,0,0
4,8,32229,0,0
5,7,32230,0,0
6,8,32231,0,0
7,1,32232,0,0
0,0,32233,0,0
1,7,32234,0,0
2,8,32235,0,0
3,1,32236,0,0
4,8,32237,0,0
5,7,32238,0,0
6,1,32239,0,0
7,1,32240,0,0
0,0,32241,0,0
1,4,32242,0,0
2,8,32243,0,0
3,1,32244,0,0
4,8,32245,0,0
5,7,32246,0,0
6,2,32247,0,0
7,2,32248,0,0
0,5,32249,0,0
1,4,32250,0,0
2,8,32251,0,0
3,1,32252,0,0
4,8,32253,0,0
5,7,32254,0,0
6,1,32255,0,0
7,7,32256,0,0
0,6,32257,0,0
1,4,32258,0,0
2,8,32259,0,0
3,1,32260,0,0
4,8,32261,0,0
5,1,32262,0,0
6,1,32263,0,0
7,7,32264,0,0
0,3,32265,0,0
1,4,32266,0,0
2,8,32267,0,0
3,1,32268,0,0
4,8,32269,0,0
5,2,32270,0,0
6,1,32271,0,0
7,6,32272,0,0
0,5,32273,0,0
1,8,32274,0,0
2,8,32275,0,0
3,1,32276,0,0
4,7,32277,0,0
5,1,32278,0,0
6,2,32279,0,0
7,7,32280,0,0
0,7,32281,0,0
1,8,32282,0,0
2,8,32283,0,0
3,1,32284,0,0
4,7,32285,0,0
5,1,32286,0,0
6,2,32287,0,0
7,7,32288,0,0
0,8,32289,0,0
1,8,32290,0,0
2,8,32291,0,0
3,1,32292,0,0
4,7,32293,0,0
5,1,32294,0,0
6,1,32295,0,0
7,7,32296,0,0
0,5,32297,0,0
1,8,32298,0,0
2,8,32299,0,0
3,1,32300,0,0
4,7,32301,0,0
5,1,32302,0,0
6,1,32303,0,0
7,7,32304,0,0
0,0,32305,0,0
1,7,32306,0,0
2,8,32307,0,0
3,1,32308,0,0
4,6,32309,0,0
5,7,32310,0,0
6,1,32311,0,0
7,2,32312,0,0
0,3,32313,0,0
1,7,32314,0,0
2,8,32315,0,0
3,8,32316,0,0
4,6,32317,0,0
5,7,32318,0,0
6,1,32319,0,0
7,2,32320,0,0
0,3,32321,0,0
1,7,32322,0,0
2,8,32323,0,0
3,8,32324,0,0
4,8,32325,0,0
5,7,32326,0,0
6,1,32327,0,0
7,1,32328,0,0
0,8,32329,0,0
1,8,32330,0,0
2,8,32331,0,0
3,8,32332,0,0
4,6,32333,0,0
5,7,32334,0,0
6,1,32335,0,0
7,7,32336,0,0
0,5,32337,0,0
1,8,32338,0,0
2,8,32339,0,0
3,1,32340,0,0
4,7,32341,0,0
5,7,32342,0,0
6,1,32343,0,0
7,5,32344,0,0
0,0,32345,0,0
1,8,32346,0,0
2,8,32347,0,0
3,1,32348,0,0
4,7,32349,0,0
5,7,32350,0,0
6,1,32351,0,0
7,7,32352,0,0
0,8,32353,0,0
1,8,32354,0,0
2,8,32355,0,0
3,1,32356,0,0
4,8,32357,0,0
5,7,32358,0,0
6,1,32359,0,0
7,7,32360,0,0
0,0,32361,0,0
1,8,32362,0,0
2,8,32363,0,0
3,1,32364,0,0
4,8,32365,0,0
5,7,32366,0,0
6,2,32367,0,0
7,1,32368,0,0
0,0,32369,0,0
1,7,32370,0,0
2,8,32371,0,0
3,8,32372,0,0
4,6,32373,0,0
5,1,32374,0,0
6,2,32375,0,0
7,2,32376,0,0
0,7,32377,0,0
1,7,32378,0,0
2,8,32379,0,0
3,8,32380,0,0
4,6,32381,0,0
5,8,32382,0,0
6,2,32383,0,0
7,7,32384,0,0
0,8,32385,0,0
1,8,32386,0,0
2,8,32387,0,0
3,1,32388,0,0
4,6,32389,0,0
5,8,32390,0,0
6,8,32391,0,0
7,5,32392,0,0
0,8,32393,0,0
1,8,32394,0,0
2,8,32395,0,0
3,1,32396,0,0
4,6,32397,0,0
5,8,32398,0,0
6,8,32399,0,0
7,5,32400,0,0
0,7,32401,0,0
1,8,32402,0,0
2,8,32403,0,0
3,2,32404,0,0
4,7,32405,0,0
5,8,32406,0,0
6,0,32407,0,0
7,5,32408,0,0
0,0,32409,0,0
1,7,32410,0,0
2,8,32411,0,0
3,2,32412,0,0
4,8,32413,0,0
5,8,32414,0,0
6,2,32415,0,0
7,7,32416,0,0
0,5,32417,0,0
1,7,32418,0,0
2,8,32419,0,0
3,0,32420,0,0
4,7,32421,0,0
5,5,32422,0,0
6,1,32423,0,0
7,7,32424,0,0
0,6,32425,0,0
1,7,32426,0,0
2,8,32427,0,0
3,0,32428,0,0
4,4,32429,0,0
5,5,32430,0,0
6,1,32431,0,0
7,7,32432,0,0
0,6,32433,0,0
1,7,32434,0,0
2,8,32435,0,0
3,7,32436,0,0
4,0,32437,0,0
5,7,32438,0,0
6,8,32439,0,0
7,7,32440,0,0
0,7,32441,0,0
1,7,32442,0,0
2,8,32443,0,0
3,7,32444,0,0
4,8,32445,0,0
5,8,32446,0,0
6,3,32447,0,0
7,7,32448,0,0
0,2,32449,0,0
1,7,32450,0,0
2,8,32451,0,0
3,5,32452,0,0
4,7,32453,0,0
5,7,32454,0,0
6,1,32455,0,0
7,4,32456,0,0
0,5,32457,0,0
1,7,32458,0,0
2,0,32459,0,0
3,5,32460,0,0
4,6,32461,0,0
5,1,32462,0,0
6,1,32463,0,0
7,4,32464,0,0
0,2,32465,0,0
1,7,32466,0,0
2,0,32467,0,0
3,7,32468,0,0
4,7,32469,0,0
5,8,32470,0,0
6,2,32471,0,0
7,4,32472,0,0
0,2,32473,0,0
1,7,32474,0,0
2,0,32475,0,0
3,5,32476,0,0
4,1,32477,0,0
5,5,32478,0,0
6,2,32479,0,0
7,4,32480,0,0
0,2,32481,0,0
1,7,32482,0,0
2,0,32483,0,0
3,5,32484,0,0
4,1,32485,0,0
5,3,32486,0,0
6,1,32487,0,0
7,5,32488,0,0
0,2,32489,0,0
1,7,32490,0,0
2,0,32491,0,0
3,5,32492,0,0
4,1,32493,0,0
5,3,32494,0,0
6,1,32495,0,0
7,5,32496,0,0
0,6,32497,0,0
1,8,32498,0,0
2,0,32499,0,0
3,8,32500,0,0
4,7,32501,0,0
5,5,32502,0,0
6,1,32503,0,0
7,4,32504,0,0
0,5,32505,0,0
1,8,32506,0,0
2,0,32507,0,0
3,7,32508,0,0
4,7,32509,0,0
5,5,32510,0,0
6,1,32511,0,0
7,4,32512,0,0
0,3,32513,0,0
1,8,32514,0,0
2,8,32515,0,0
3,7,32516,0,0
4,8,32517,0,0
5,5,32518,0,0
6,1,32519,0,0
7,4,32520,0,0
0,3,32521,0,0
1,8,32522,0,0
2,1,32523,0,0
3,6,32524,0,0
4,7,32525,0,0
5,4,32526,0,0
6,2,32527,0,0
7,4,32528,0,0
0,3,32529,0,0
1,8,32530,0,0
2,1,32531,0,0
3,1,32532,0,0
4,7,32533,0,0
5,4,32534,0,0
6,2,32535,0,0
7,3,32536,0,0
0,5,32537,0,0
1,7,32538,0,0
2,1,32539,0,0
3,1,32540,0,0
4,7,32541,0,0
5,8,32542,0,0
6,2,32543,0,0
7,1,32544,0,0
0,8,32545,0,0
1,7,32546,0,0
2,8,32547,0,0
3,1,32548,0,0
4,8,32549,0,0
5,5,32550,0,0
6,1,32551,0,0
7,1,32552,0,0
0,5,32553,0,0
1,7,32554,0,0
2,8,32555,0,0
3,1,32556,0,0
4,8,32557,0,0
5,5,32558,0,0
6,1,32559,0,0
7,1,32560,0,0
0,6,32561,0,0
1,8,32562,0,0
2,8,32563,0,0
3,8,32564,0,0
4,8,32565,0,0
5,5,32566,0,0
6,1,32567,0,0
7,1,32568,0,0
0,6,32569,0,0
1,8,32570,0,0
2,8,32571,0,0
3,1,32572,0,0
4,8,32573,0,0
5,8,32574,0,0
6,1,32575,0,0
7,1,32576,0,0
0,4,32577,0,0
1,8,32578,0,0
2,5,32579,0,0
3,8,32580,0,0
4,8,32581,0,0
5,8,32582,0,0
6,1,32583,0,0
7,1,32584,0,0
0,2,32585,0,0
1,8,32586,0,0
2,8,32587,0,0
3,1,32588,0,0
4,8,32589,0,0
5,8,32590,0,0
6,1,32591,0,0
7,1,32592,0,0
0,2,32593,0,0
1,8,32594,0,0
2,5,32595,0,0
3,1,32596,0,0
4,8,32597,0,0
5,3,32598,0,0
6,1,32599,0,0
7,1,32600,0,0
0,7,32601,0,0
1,8,32602,0,0
2,7,32603,0,0
3,1,32604,0,0
4,1,32605,0,0
5,8,32606,0,0
6,1,32607,0,0
7,1,32608,0,0
0,7,32609,0,0
1,7,32610,0,0
2,7,32611,0,0
3,1,32612,0,0
4,1,32613,0,0
5,8,32614,0,0
6,2,32615,0,0
7,1,32616,0,0
0,7,32617,0,0
1,7,32618,0,0
2,7,32619,0,0
3,1,32620,0,0
4,1,32621,0,0
5,3,32622,0,0
6,2,32623,0,0
7,1,32624,0,0
0,7,32625,0,0
1,8,32626,0,0
2,7,32627,0,0
3,5,32628,0,0
4,1,32629,0,0
5,3,32630,0,0
6,2,32631,0,0
7,1,32632,0,0
0,6,32633,0,0
1,8,32634,0,0
2,1,32635,0,0
3,0,32636,0,0
4,1,32637,0,0
5,8,32638,0,0
6,2,32639,0,0
7,5,32640,0,0
0,4,32641,0,0
1,7,32642,0,0
2,1,32643,0,0
3,5,32644,0,0
4,2,32645,0,0
5,3,32646,0,0
6,2,32647,0,0
7,5,32648,0,0
0,6,32649,0,0
1,7,32650,0,0
2,8,32651,0,0
3,5,32652,0,0
4,1,32653,0,0
5,3,32654,0,0
6,3,32655,0,0
7,5,32656,0,0
0,6,32657,0,0
1,7,32658,0,0
2,8,32659,0,0
3,5,32660,0,0
4,6,32661,0,0
5,3,32662,0,0
6,3,32663,0,0
7,7,32664,0,0
0,7,32665,0,0
1,7,32666,0,0
2,8,32667,0,0
3,5,32668,0,0
4,7,32669,0,0
5,3,32670,0,0
6,0,32671,0,0
7,6,32672,0,0
0,7,32673,0,0
1,7,32674,0,0
2,5,32675,0,0
3,5,32676,0,0
4,6,32677,0,0
5,8,32678,0,0
6,0,32679,0,0
7,7,32680,0,0
0,7,32681,0,0
1,8,32682,0,0
2,5,32683,0,0
3,7,32684,0,0
4,8,32685,0,0
5,8,32686,0,0
6,8,32687,0,0
7,6,32688,0,0
0,7,32689,0,0
1,8,32690,0,0
2,8,32691,0,0
3,7,32692,0,0
4,8,32693,0,0
5,8,32694,0,0
6,8,32695,0,0
7,7,32696,0,0
0,7,32697,0,0
1,8,32698,0,0
2,8,32699,0,0
3,7,32700,0,0
4,8,32701,0,0
5,8,32702,0,0
6,8,32703,0,0
7,4,32704,0,0
0,6,32705,0,0
1,5,32706,0,0
2,8,32707,0,0
3,7,32708,0,0
4,8,32709,0,0
5,8,32710,0,0
6,8,32711,0,0
7,5,32712,0,0
0,7,32713,0,0
1,5,32714,0,0
2,8,32715,0,0
3,7,32716,0,0
4,8,32717,0,0
5,8,32718,0,0
6,8,32719,0,0
7,1,32720,0,0
0,7,32721,0,0
1,1,32722,0,0
2,8,32723,0,0
3,7,32724,0,0
4,6,32725,0,0
5,8,32726,0,0
6,8,32727,0,0
7,1,32728,0,0
0,6,32729,0,0
1,1,32730,0,0
2,1,32731,0,0
3,6,32732,0,0
4,6,32733,0,0
5,8,32734,0,0
6,8,32735,0,0
7,1,32736,0,0
0,6,32737,0,0
1,1,32738,0,0
2,8,32739,0,0
3,6,32740,0,0
4,8,32741,0,0
5,8,32742,0,0
6,0,32743,0,0
7,1,32744,0,0
0,7,32745,0,0
1,1,32746,0,0
2,8,32747,0,0
3,6,32748,0,0
4,6,32749,0,0
5,8,32750,0,0
6,0,32751,0,0
7,1,32752,0,0
0,5,32753,0,0
1,1,32754,0,0
2,8,32755,0,0
3,6,32756,0,0
4,6,32757,0,0
5,1,32758,0,0
6,8,32759,0,0
7,1,32760,0,0
0,5,32761,0,0
1,1,32762,0,0
2,8,32763,0,0
3,6,32764,0,0
4,6,32765,0,0
5,1,32766,0,0
6,8,32767,0,0
7,2,32768,0,0
0,5,32769,0,0
1,1,32770,0,0
2,8,32771,0,0
3,6,32772,0,0
4,6,32773,0,0
5,1,32774,0,0
6,1,32775,0,0
7,2,32776,0,0
0,5,32777,0,0
1,1,32778,0,0
2,8,32779,0,0
3,6,32780,0,0
4,6,32781,0,0
5,1,32782,0,0
6,1,32783,0,0
7,2,32784,0,0
0,5,32785,0,0
1,1,32786,0,0
2,1,32787,0,0
3,6,32788,0,0
4,8,32789,0,0
5,8,32790,0,0
6,1,32791,0,0
7,2,32792,0,0
0,7,32793,0,0
1,1,32794,0,0
2,1,32795,0,0
3,6,32796,0,0
4,8,32797,0,0
5,8,32798,0,0
6,8,32799,0,0
7,2,32800,0,0
0,8,32801,0,0
1,1,32802,0,0
2,1,32803,0,0
3,6,32804,0,0
4,8,32805,0,0
5,8,32806,0,0
6,8,32807,0,0
7,1,32808,0,0
0,8,32809,0,0
1,1,32810,0,0
2,8,32811,0,0
3,5,32812,0,0
4,8,32813,0,0
5,8,32814,0,0
6,1,32815,0,0
7,1,32816,0,0
0,5,32817,0,0
1,1,32818,0,0
2,8,32819,0,0
3,1,32820,0,0
4,1,32821,0,0
5,1,32822,0,0
6,1,32823,0,0
7,1,32824,0,0
0,8,32825,0,0
1,1,32826,0,0
2,8,32827,0,0
3,5,32828,0,0
4,8,32829,0,0
5,1,32830,0,0
6,8,32831,0,0
7,2,32832,0,0
0,8,32833,0,0
1,1,32834,0,0
2,8,32835,0,0
3,5,32836,0,0
4,8,32837,0,0
5,8,32838,0,0
6,5,32839,0,0
7,1,32840,0,0
0,8,32841,0,0
1,1,32842,0,0
2,8,32843,0,0
3,5,32844,0,0
4,8,32845,0,0
5,1,32846,0,0
6,8,32847,0,0
7,1,32848,0,0
0,8,32849,0,0
1,1,32850,0,0
2,8,32851,0,0
3,5,32852,0,0
4,8,32853,0,0
5,1,32854,0,0
6,5,32855,0,0
7,1,32856,0,0
0,5,32857,0,0
1,1,32858,0,0
2,8,32859,0,0
3,6,32860,0,0
4,8,32861,0,0
5,1,32862,0,0
6,0,32863,0,0
7,1,32864,0,0
0,8,32865,0,0
1,1,32866,0,0
2,8,32867,0,0
3,6,32868,0,0
4,8,32869,0,0
5,8,32870,0,0
6,0,32871,0,0
7,1,32872,0,0
0,6,32873,0,0
1,1,32874,0,0
2,8,32875,0,0
3,6,32876,0,0
4,7,32877,0,0
5,8,32878,0,0
6,8,32879,0,0
7,1,32880,0,0
0,6,32881,0,0
1,1,32882,0,0
2,8,32883,0,0
3,6,32884,0,0
4,8,32885,0,0
5,8,32886,0,0
6,1,32887,0,0
7,1,32888,0,0
0,6,32889,0,0
1,1,32890,0,0
2,8,32891,0,0
3,5,32892,0,0
4,7,32893,0,0
5,8,32894,0,0
6,1,32895,0,0
7,1,32896,0,0
0,7,32897,0,0
1,1,32898,0,0
2,8,32899,0,0
3,6,32900,0,0
4,7,32901,0,0
5,8,32902,0,0
6,1,32903,0,0
7,1,32904,0,0
0,5,32905,0,0
1,1,32906,0,0
2,7,32907,0,0
3,6,32908,0,0
4,8,32909,0,0
5,8,32910,0,0
6,8,32911,0,0
7,1,32912,0,0
0,8,32913,0,0
1,1,32914,0,0
2,7,32915,0,0
3,6,32916,0,0
4,8,32917,0,0
5,1,32918,0,0
6,8,32919,0,0
7,1,32920,0,0
0,7,32921,0,0
1,1,32922,0,0
2,1,32923,0,0
3,1,32924,0,0
4,1,32925,0,0
5,1,32926,0,0
6,1,32927,0,0
7,1,32928,0,0
0,6,32929,0,0
1,1,32930,0,0
2,1,32931,0,0
3,1,32932,0,0
4,1,32933,0,0
5,1,32934,0,0
6,1,32935,0,0
7,1,32936,0,0
0,6,32937,0,0
1,1,32938,0,0
2,7,32939,0,0
3,1,32940,0,0
4,1,32941,0,0
5,1,32942,0,0
6,8,32943,0,0
7,1,32944,0,0
0,5,32945,0,0
1,1,32946,0,0
2,7,32947,0,0
3,7,32948,0,0
4,6,32949,0,0
5,1,32950,0,0
6,1,32951,0,0
7,1,32952,0,0
0,7,32953,0,0
1,1,32954,0,0
2,7,32955,0,0
3,7,32956,0,0
4,7,32957,0,0
5,1,32958,0,0
6,1,32959,0,0
7,1,32960,0,0
0,7,32961,0,0
1,1,32962,0,0
2,7,32963,0,0
3,7,32964,0,0
4,8,32965,0,0
5,4,32966,0,0
6,8,32967,0,0
7,1,32968,0,0
0,5,32969,0,0
1,1,32970,0,0
2,7,32971,0,0
3,5,32972,0,0
4,8,32973,0,0
5,3,32974,0,0
6,8,32975,0,0
7,5,32976,0,0
0,5,32977,0,0
1,1,32978,0,0
2,7,32979,0,0
3,7,32980,0,0
4,8,32981,0,0
5,3,32982,0,0
6,8,32983,0,0
7,1,32984,0,0
0,5,32985,0,0
1,1,32986,0,0
2,7,32987,0,0
3,6,32988,0,0
4,6,32989,0,0
5,3,32990,0,0
6,1,32991,0,0
7,7,32992,0,0
0,7,32993,0,0
1,1,32994,0,0
2,8,32995,0,0
3,5,32996,0,0
4,7,32997,0,0
5,3,32998,0,0
6,2,32999,0,0
7,7,33000,0,0
0,7,33001,0,0
1,1,33002,0,0
2,8,33003,0,0
3,5,33004,0,0
4,7,33005,0,0
5,3,33006,0,0
6,4,33007,0,0
7,1,33008,0,0
0,6,33009,0,0
1,1,33010,0,0
2,1,33011,0,0
3,5,33012,0,0
4,7,33013,0,0
5,3,33014,0,0
6,5,33015,0,0
7,1,33016,0,0
0,5,33017,0,0
1,7,33018,0,0
2,8,33019,0,0
3,5,33020,0,0
4,7,33021,0,0
5,3,33022,0,0
6,5,33023,0,0
7,1,33024,0,0
0,7,33025,0,0
1,6,33026,0,0
2,8,33027,0,0
3,5,33028,0,0
4,6,33029,0,0
5,3,33030,0,0
6,4,33031,0,0
7,1,33032,0,0
0,8,33033,0,0
1,6,33034,0,0
2,8,33035,0,0
3,5,33036,0,0
4,6,33037,0,0
5,3,33038,0,0
6,5,33039,0,0
7,1,33040,0,0
0,8,33041,0,0
1,6,33042,0,0
2,8,33043,0,0
3,5,33044,0,0
4,8,33045,0,0
5,5,33046,0,0
6,5,33047,0,0
7,1,33048,0,0
0,5,33049,0,0
1,7,33050,0,0
2,8,33051,0,0
3,5,33052,0,0
4,8,33053,0,0
5,8,33054,0,0
6,5,33055,0,0
7,1,33056,0,0
0,5,33057,0,0
1,1,33058,0,0
2,8,33059,0,0
3,6,33060,0,0
4,8,33061,0,0
5,8,33062,0,0
6,5,33063,0,0
7,1,33064,0,0
0,8,33065,0,0
1,1,33066,0,0
2,8,33067,0,0
3,5,33068,0,0
4,8,33069,0,0
5,4,33070,0,0
6,2,33071,0,0
7,1,33072,0,0
0,8,33073,0,0
1,7,33074,0,0
2,8,33075,0,0
3,7,33076,0,0
4,7,33077,0,0
5,8,33078,0,0
6,1,33079,0,0
7,1,33080,0,0
0,5,33081,0,0
1,1,33082,0,0
2,8,33083,0,0
3,7,33084,0,0
4,4,33085,0,0
5,7,33086,0,0
6,8,33087,0,0
7,1,33088,0,0
0,8,33089,0,0
1,1,33090,0,0
2,8,33091,0,0
3,5,33092,0,0
4,8,33093,0,0
5,8,33094,0,0
6,8,33095,0,0
7,1,33096,0,0
0,7,33097,0,0
1,1,33098,0,0
2,8,33099,0,0
3,5,33100,0,0
4,8,33101,0,0
5,5,33102,0,0
6,8,33103,0,0
7,1,33104,0,0
0,7,33105,0,0
1,1,33106,0,0
2,7,33107,0,0
3,7,33108,0,0
4,7,33109,0,0
5,8,33110,0,0
6,8,33111,0,0
7,2,33112,0,0
0,5,33113,0,0
1,1,33114,0,0
2,7,33115,0,0
3,6,33116,0,0
4,7,33117,0,0
5,5,33118,0,0
6,8,33119,0,0
7,1,33120,0,0
0,5,33121,0,0
1,1,33122,0,0
2,7,33123,0,0
3,5,33124,0,0
4,6,33125,0,0
5,5,33126,0,0
6,6,33127,0,0
7,2,33128,0,0
0,7,33129,0,0
1,6,33130,0,0
2,7,33131,0,0
3,5,33132,0,0
4,6,33133,0,0
5,5,33134,0,0
6,6,33135,0,0
7,4,33136,0,0
0,7,33137,0,0
1,6,33138,0,0
2,7,33139,0,0
3,5,33140,0,0
4,6,33141,0,0
5,5,33142,0,0
6,6,33143,0,0
7,6,33144,0,0
0,7,33145,0,0
1,6,33146,0,0
2,7,33147,0,0
3,5,33148,0,0
4,6,33149,0,0
5,3,33150,0,0
6,6,33151,0,0
7,6,33152,0,0
0,7,33153,0,0
1,6,33154,0,0
2,7,33155,0,0
3,5,33156,0,0
4,6,33157,0,0
5,5,33158,0,0
6,6,33159,0,0
7,6,33160,0,0
0,7,33161,0,0
1,6,33162,0,0
2,6,33163,0,0
3,6,33164,0,0
4,6,33165,0,0
5,3,33166,0,0
6,6,33167,0,0
7,6,33168,0,0
0,7,33169,0,0
1,6,33170,0,0
2,7,33171,0,0
3,5,33172,0,0
4,6,33173,0,0
5,3,33174,0,0
6,6,33175,0,0
7,6,33176,0,0
0,7,33177,0,0
1,6,33178,0,0
2,8,33179,0,0
3,5,33180,0,0
4,6,33181,0,0
5,5,33182,0,0
6,6,33183,0,0
7,6,33184,0,0
0,7,33185,0,0
1,6,33186,0,0
2,5,33187,0,0
3,5,33188,0,0
4,7,33189,0,0
5,5,33190,0,0
6,6,33191,0,0
7,6,33192,0,0
0,7,33193,0,0
1,7,33194,0,0
2,5,33195,0,0
3,5,33196,0,0
4,7,33197,0,0
5,3,33198,0,0
6,6,33199,0,0
7,5,33200,0,0
0,7,33201,0,0
1,7,33202,0,0
2,8,33203,0,0
3,5,33204,0,0
4,7,33205,0,0
5,3,33206,0,0
6,6,33207,0,0
7,1,33208,0,0
0,7,33209,0,0
1,7,33210,0,0
2,8,33211,0,0
3,5,33212,0,0
4,6,33213,0,0
5,5,33214,0,0
6,6,33215,0,0
7,1,33216,0,0
0,6,33217,0,0
1,6,33218,0,0
2,8,33219,0,0
3,5,33220,0,0
4,6,33221,0,0
5,5,33222,0,0
6,5,33223,0,0
7,2,33224,0,0
0,6,33225,0,0
1,8,33226,0,0
2,8,33227,0,0
3,5,33228,0,0
4,6,33229,0,0
5,4,33230,0,0
6,5,33231,0,0
7,4,33232,0,0
0,6,33233,0,0
1,6,33234,0,0
2,8,33235,0,0
3,5,33236,0,0
4,6,33237,0,0
5,3,33238,0,0
6,6,33239,0,0
7,6,33240,0,0
0,7,33241,0,0
1,6,33242,0,0
2,8,33243,0,0
3,6,33244,0,0
4,6,33245,0,0
5,3,33246,0,0
6,6,33247,0,0
7,5,33248,0,0
0,7,33249,0,0
1,6,33250,0,0
2,8,33251,0,0
3,5,33252,0,0
4,6,33253,0,0
5,5,33254,0,0
6,6,33255,0,0
7,7,33256,0,0
0,6,33257,0,0
1,6,33258,0,0
2,8,33259,0,0
3,5,33260,0,0
4,6,33261,0,0
5,4,33262,0,0
6,4,33263,0,0
7,0,33264,0,0
0,6,33265,0,0
1,6,33266,0,0
2,6,33267,0,0
3,5,33268,0,0
4,6,33269,0,0
5,4,33270,0,0
6,6,33271,0,0
7,0,33272,0,0
0,6,33273,0,0
1,6,33274,0,0
2,8,33275,0,0
3,5,33276,0,0
4,6,33277,0,0
5,4,33278,0,0
6,6,33279,0,0
7,0,33280,0,0
0,6,33281,0,0
1,7,33282,0,0
2,1,33283,0,0
3,5,33284,0,0
4,8,33285,0,0
5,3,33286,0,0
6,1,33287,0,0
7,7,33288,0,0
0,5,33289,0,0
1,7,33290,0,0
2,1,33291,0,0
3,5,33292,0,0
4,1,33293,0,0
5,3,33294,0,0
6,1,33295,0,0
7,7,33296,0,0
0,6,33297,0,0
1,7,33298,0,0
2,1,33299,0,0
3,5,33300,0,0
4,8,33301,0,0
5,3,33302,0,0
6,8,33303,0,0
7,7,33304,0,0
0,7,33305,0,0
1,8,33306,0,0
2,8,33307,0,0
3,7,33308,0,0
4,8,33309,0,0
5,8,33310,0,0
6,8,33311,0,0
7,0,33312,0,0
0,8,33313,0,0
1,8,33314,0,0
2,8,33315,0,0
3,5,33316,0,0
4,8,33317,0,0
5,8,33318,0,0
6,8,33319,0,0
7,2,33320,0,0
0,8,33321,0,0
1,8,33322,0,0
2,1,33323,0,0
3,5,33324,0,0
4,8,33325,0,0
5,1,33326,0,0
6,8,33327,0,0
7,2,33328,0,0
0,5,33329,0,0
1,8,33330,0,0
2,1,33331,0,0
3,6,33332,0,0
4,8,33333,0,0
5,1,33334,0,0
6,8,33335,0,0
7,2,33336,0,0
0,5,33337,0,0
1,8,33338,0,0
2,2,33339,0,0
3,1,33340,0,0
4,8,33341,0,0
5,1,33342,0,0
6,8,33343,0,0
7,2,33344,0,0
0,5,33345,0,0
1,1,33346,0,0
2,2,33347,0,0
3,1,33348,0,0
4,8,33349,0,0
5,7,33350,0,0
6,8,33351,0,0
7,1,33352,0,0
0,5,33353,0,0
1,1,33354,0,0
2,2,33355,0,0
3,1,33356,0,0
4,8,33357,0,0
5,4,33358,0,0
6,0,33359,0,0
7,1,33360,0,0
0,5,33361,0,0
1,1,33362,0,0
2,2,33363,0,0
3,1,33364,0,0
4,8,33365,0,0
5,4,33366,0,0
6,8,33367,0,0
7,1,33368,0,0
0,7,33369,0,0
1,1,33370,0,0
2,2,33371,0,0
3,1,33372,0,0
4,8,33373,0,0
5,4,33374,0,0
6,8,33375,0,0
7,1,33376,0,0
0,8,33377,0,0
1,7,33378,0,0
2,2,33379,0,0
3,2,33380,0,0
4,8,33381,0,0
5,4,33382,0,0
6,8,33383,0,0
7,1,33384,0,0
0,8,33385,0,0
1,7,33386,0,0
2,1,33387,0,0
3,1,33388,0,0
4,8,33389,0,0
5,4,33390,0,0
6,8,33391,0,0
7,1,33392,0,0
0,5,33393,0,0
1,7,33394,0,0
2,8,33395,0,0
3,1,33396,0,0
4,7,33397,0,0
5,4,33398,0,0
6,8,33399,0,0
7,1,33400,0,0
0,8,33401,0,0
1,7,33402,0,0
2,8,33403,0,0
3,1,33404,0,0
4,7,33405,0,0
5,3,33406,0,0
6,8,33407,0,0
7,0,33408,0,0
0,8,33409,0,0
1,7,33410,0,0
2,8,33411,0,0
3,1,33412,0,0
4,7,33413,0,0
5,4,33414,0,0
6,8,33415,0,0
7,0,33416,0,0
0,8,33417,0,0
1,1,33418,0,0
2,8,33419,0,0
3,1,33420,0,0
4,8,33421,0,0
5,2,33422,0,0
6,8,33423,0,0
7,0,33424,0,0
0,7,33425,0,0
1,1,33426,0,0
2,8,33427,0,0
3,1,33428,0,0
4,8,33429,0,0
5,7,33430,0,0
6,0,33431,0,0
7,7,33432,0,0
0,7,33433,0,0
1,1,33434,0,0
2,8,33435,0,0
3,8,33436,0,0
4,8,33437,0,0
5,7,33438,0,0
6,8,33439,0,0
7,7,33440,0,0
0,7,33441,0,0
1,1,33442,0,0
2,8,33443,0,0
3,8,33444,0,0
4,8,33445,0,0
5,7,33446,0,0
6,8,33447,0,0
7,7,33448,0,0
0,7,33449,0,0
1,1,33450,0,0
2,1,33451,0,0
3,8,33452,0,0
4,8,33453,0,0
5,7,33454,0,0
6,8,33455,0,0
7,5,33456,0,0
0,7,33457,0,0
1,1,33458,0,0
2,1,33459,0,0
3,8,33460,0,0
4,7,33461,0,0
5,7,33462,0,0
6,8,33463,0,0
7,7,33464,0,0
0,7,33465,0,0
1,1,33466,0,0
2,8,33467,0,0
3,1,33468,0,0
4,8,33469,0,0
5,7,33470,0,0
6,8,33471,0,0
7,7,33472,0,0
0,7,33473,0,0
1,1,33474,0,0
2,8,33475,0,0
3,2,33476,0,0
4,8,33477,0,0
5,7,33478,0,0
6,8,33479,0,0
7,1,33480,0,0
0,7,33481,0,0
1,1,33482,0,0
2,8,33483,0,0
3,1,33484,0,0
4,7,33485,0,0
5,7,33486,0,0
6,8,33487,0,0
7,7,33488,0,0
0,7,33489,0,0
1,3,33490,0,0
2,8,33491,0,0
3,2,33492,0,0
4,7,33493,0,0
5,7,33494,0,0
6,8,33495,0,0
7,1,33496,0,0
0,7,33497,0,0
1,3,33498,0,0
2,8,33499,0,0
3,2,33500,0,0
4,8,33501,0,0
5,7,33502,0,0
6,8,33503,0,0
7,2,33504,0,0
0,7,33505,0,0
1,3,33506,0,0
2,8,33507,0,0
3,2,33508,0,0
4,8,33509,0,0
5,7,33510,0,0
6,0,33511,0,0
7,1,33512,0,0
0,7,33513,0,0
1,3,33514,0,0
2,8,33515,0,0
3,2,33516,0,0
4,8,33517,0,0
5,7,33518,0,0
6,8,33519,0,0
7,1,33520,0,0
0,6,33521,0,0
1,3,33522,0,0
2,8,33523,0,0
3,1,33524,0,0
4,8,33525,0,0
5,7,33526,0,0
6,8,33527,0,0
7,2,33528,0,0
0,7,33529,0,0
1,1,33530,0,0
2,8,33531,0,0
3,8,33532,0,0
4,7,33533,0,0
5,4,33534,0,0
6,8,33535,0,0
7,2,33536,0,0
0,7,33537,0,0
1,1,33538,0,0
2,8,33539,0,0
3,1,33540,0,0
4,7,33541,0,0
5,4,33542,0,0
6,8,33543,0,0
7,2,33544,0,0
0,5,33545,0,0
1,1,33546,0,0
2,7,33547,0,0
3,2,33548,0,0
4,8,33549,0,0
5,4,33550,0,0
6,8,33551,0,0
7,2,33552,0,0
0,6,33553,0,0
1,1,33554,0,0
2,8,33555,0,0
3,2,33556,0,0
4,7,33557,0,0
5,4,33558,0,0
6,8,33559,0,0
7,2,33560,0,0
0,7,33561,0,0
1,1,33562,0,0
2,8,33563,0,0
3,1,33564,0,0
4,8,33565,0,0
5,4,33566,0,0
6,8,33567,0,0
7,2,33568,0,0
0,8,33569,0,0
1,1,33570,0,0
2,8,33571,0,0
3,1,33572,0,0
4,8,33573,0,0
5,4,33574,0,0
6,8,33575,0,0
7,3,33576,0,0
0,8,33577,0,0
1,7,33578,0,0
2,8,33579,0,0
3,1,33580,0,0
4,8,33581,0,0
5,5,33582,0,0
6,8,33583,0,0
7,5,33584,0,0
0,6,33585,0,0
1,6,33586,0,0
2,8,33587,0,0
3,1,33588,0,0
4,8,33589,0,0
5,8,33590,0,0
6,8,33591,0,0
7,1,33592,0,0
0,6,33593,0,0
1,4,33594,0,0
2,8,33595,0,0
3,1,33596,0,0
4,8,33597,0,0
5,7,33598,0,0
6,8,33599,0,0
7,1,33600,0,0
0,7,33601,0,0
1,4,33602,0,0
2,1,33603,0,0
3,1,33604,0,0
4,8,33605,0,0
5,7,33606,0,0
6,8,33607,0,0
7,1,33608,0,0
0,6,33609,0,0
1,3,33610,0,0
2,1,33611,0,0
3,1,33612,0,0
4,8,33613,0,0
5,7,33614,0,0
6,8,33615,0,0
7,2,33616,0,0
0,6,33617,0,0
1,3,33618,0,0
2,1,33619,0,0
3,1,33620,0,0
4,8,33621,0,0
5,7,33622,0,0
6,8,33623,0,0
7,2,33624,0,0
0,6,33625,0,0
1,4,33626,0,0
2,1,33627,0,0
3,1,33628,0,0
4,8,33629,0,0
5,1,33630,0,0
6,8,33631,0,0
7,1,33632,0,0
0,6,33633,0,0
1,4,33634,0,0
2,8,33635,0,0
3,1,33636,0,0
4,8,33637,0,0
5,8,33638,0,0
6,8,33639,0,0
7,1,33640,0,0
0,6,33641,0,0
1,4,33642,0,0
2,8,33643,0,0
3,1,33644,0,0
4,8,33645,0,0
5,5,33646,0,0
6,0,33647,0,0
7,1,33648,0,0
0,4,33649,0,0
1,3,33650,0,0
2,8,33651,0,0
3,1,33652,0,0
4,8,33653,0,0
5,5,33654,0,0
6,0,33655,0,0
7,1,33656,0,0
0,2,33657,0,0
1,4,33658,0,0
2,8,33659,0,0
3,1,33660,0,0
4,8,33661,0,0
5,5,33662,0,0
6,8,33663,0,0
7,3,33664,0,0
0,6,33665,0,0
1,4,33666,0,0
2,8,33667,0,0
3,1,33668,0,0
4,8,33669,0,0
5,8,33670,0,0
6,8,33671,0,0
7,1,33672,0,0
0,6,33673,0,0
1,4,33674,0,0
2,8,33675,0,0
3,5,33676,0,0
4,6,33677,0,0
5,4,33678,0,0
6,8,33679,0,0
7,1,33680,0,0
0,6,33681,0,0
1,3,33682,0,0
2,8,33683,0,0
3,5,33684,0,0
4,6,33685,0,0
5,4,33686,0,0
6,4,33687,0,0
7,1,33688,0,0
0,6,33689,0,0
1,4,33690,0,0
2,8,33691,0,0
3,5,33692,0,0
4,6,33693,0,0
5,4,33694,0,0
6,4,33695,0,0
7,1,33696,0,0
0,6,33697,0,0
1,4,33698,0,0
2,8,33699,0,0
3,5,33700,0,0
4,7,33701,0,0
5,4,33702,0,0
6,6,33703,0,0
7,6,33704,0,0
0,5,33705,0,0
1,4,33706,0,0
2,7,33707,0,0
3,6,33708,0,0
4,6,33709,0,0
5,4,33710,0,0
6,6,33711,0,0
7,6,33712,0,0
0,5,33713,0,0
1,4,33714,0,0
2,7,33715,0,0
3,7,33716,0,0
4,7,33717,0,0
5,4,33718,0,0
6,6,33719,0,0
7,6,33720,0,0
0,7,33721,0,0
1,4,33722,0,0
2,8,33723,0,0
3,7,33724,0,0
4,7,33725,0,0
5,4,33726,0,0
6,2,33727,0,0
7,6,33728,0,0
0,7,33729,0,0
1,4,33730,0,0
2,8,33731,0,0
3,7,33732,0,0
4,7,33733,0,0
5,4,33734,0,0
6,1,33735,0,0
7,6,33736,0,0
0,6,33737,0,0
1,4,33738,0,0
2,8,33739,0,0
3,7,33740,0,0
4,7,33741,0,0
5,5,33742,0,0
6,2,33743,0,0
7,6,33744,0,0
0,3,33745,0,0
1,4,33746,0,0
2,8,33747,0,0
3,7,33748,0,0
4,7,33749,0,0
5,4,33750,0,0
6,5,33751,0,0
7,6,33752,0,0
0,3,33753,0,0
1,4,33754,0,0
2,8,33755,0,0
3,7,33756,0,0
4,4,33757,0,0
5,4,33758,0,0
6,6,33759,0,0
7,5,33760,0,0
0,5,33761,0,0
1,4,33762,0,0
2,1,33763,0,0
3,7,33764,0,0
4,4,33765,0,0
5,8,33766,0,0
6,8,33767,0,0
7,5,33768,0,0
0,5,33769,0,0
1,4,33770,0,0
2,1,33771,0,0
3,7,33772,0,0
4,4,33773,0,0
5,4,33774,0,0
6,8,33775,0,0
7,5,33776,0,0
0,5,33777,0,0
1,4,33778,0,0
2,8,33779,0,0
3,7,33780,0,0
4,0,33781,0,0
5,8,33782,0,0
6,8,33783,0,0
7,6,33784,0,0
0,5,33785,0,0
1,4,33786,0,0
2,8,33787,0,0
3,7,33788,0,0
4,6,33789,0,0
5,8,33790,0,0
6,8,33791,0,0
7,6,33792,0,0
0,5,33793,0,0
1,4,33794,0,0
2,8,33795,0,0
3,5,33796,0,0
4,6,33797,0,0
5,7,33798,0,0
6,1,33799,0,0
7,6,33800,0,0
0,4,33801,0,0
1,7,33802,0,0
2,8,33803,0,0
3,5,33804,0,0
4,6,33805,0,0
5,7,33806,0,0
6,1,33807,0,0
7,6,33808,0,0
0,5,33809,0,0
1,6,33810,0,0
2,1,33811,0,0
3,5,33812,0,0
4,6,33813,0,0
5,7,33814,0,0
6,1,33815,0,0
7,6,33816,0,0
0,7,33817,0,0
1,7,33818,0,0
2,2,33819,0,0
3,5,33820,0,0
4,0,33821,0,0
5,7,33822,0,0
6,1,33823,0,0
7,6,33824,0,0
0,7,33825,0,0
1,6,33826,0,0
2,2,33827,0,0
3,1,33828,0,0
4,0,33829,0,0
5,7,33830,0,0
6,1,33831,0,0
7,6,33832,0,0
0,7,33833,0,0
1,7,33834,0,0
2,1,33835,0,0
3,3,33836,0,0
4,4,33837,0,0
5,7,33838,0,0
6,8,33839,0,0
7,5,33840,0,0
0,6,33841,0,0
1,7,33842,0,0
2,1,33843,0,0
3,3,33844,0,0
4,4,33845,0,0
5,1,33846,0,0
6,1,33847,0,0
7,1,33848,0,0
0,6,33849,0,0
1,7,33850,0,0
2,8,33851,0,0
3,3,33852,0,0
4,4,33853,0,0
5,1,33854,0,0
6,8,33855,0,0
7,1,33856,0,0
0,6,33857,0,0
1,6,33858,0,0
2,8,33859,0,0
3,3,33860,0,0
4,4,33861,0,0
5,1,33862,0,0
6,1,33863,0,0
7,1,33864,0,0
0,7,33865,0,0
1,6,33866,0,0
2,8,33867,0,0
3,3,33868,0,0
4,4,33869,0,0
5,1,33870,0,0
6,1,33871,0,0
7,1,33872,0,0
0,6,33873,0,0
1,6,33874,0,0
2,8,33875,0,0
3,3,33876,0,0
4,6,33877,0,0
5,1,33878,0,0
6,1,33879,0,0
7,5,33880,0,0
0,3,33881,0,0
1,7,33882,0,0
2,1,33883,0,0
3,3,33884,0,0
4,6,33885,0,0
5,1,33886,0,0
6,8,33887,0,0
7,4,33888,0,0
0,2,33889,0,0
1,1,33890,0,0
2,1,33891,0,0
3,3,33892,0,0
4,4,33893,0,0
5,1,33894,0,0
6,8,33895,0,0
7,5,33896,0,0
0,2,33897,0,0
1,1,33898,0,0
2,2,33899,0,0
3,3,33900,0,0
4,4,33901,0,0
5,1,33902,0,0
6,1,33903,0,0
7,1,33904,0,0
0,2,33905,0,0
1,7,33906,0,0
2,8,33907,0,0
3,3,33908,0,0
4,4,33909,0,0
5,1,33910,0,0
6,0,33911,0,0
7,1,33912,0,0
0,2,33913,0,0
1,1,33914,0,0
2,8,33915,0,0
3,3,33916,0,0
4,4,33917,0,0
5,1,33918,0,0
6,0,33919,0,0
7,1,33920,0,0
0,3,33921,0,0
1,1,33922,0,0
2,8,33923,0,0
3,3,33924,0,0
4,4,33925,0,0
5,1,33926,0,0
6,0,33927,0,0
7,1,33928,0,0
0,3,33929,0,0
1,1,33930,0,0
2,8,33931,0,0
3,3,33932,0,0
4,4,33933,0,0
5,1,33934,0,0
6,4,33935,0,0
7,1,33936,0,0
0,5,33937,0,0
1,6,33938,0,0
2,2,33939,0,0
3,3,33940,0,0
4,4,33941,0,0
5,1,33942,0,0
6,8,33943,0,0
7,4,33944,0,0
0,2,33945,0,0
1,6,33946,0,0
2,1,33947,0,0
3,3,33948,0,0
4,1,33949,0,0
5,1,33950,0,0
6,1,33951,0,0
7,1,33952,0,0
0,4,33953,0,0
1,6,33954,0,0
2,8,33955,0,0
3,3,33956,0,0
4,4,33957,0,0
5,1,33958,0,0
6,1,33959,0,0
7,1,33960,0,0
0,6,33961,0,0
1,6,33962,0,0
2,7,33963,0,0
3,1,33964,0,0
4,1,33965,0,0
5,1,33966,0,0
6,1,33967,0,0
7,1,33968,0,0
0,5,33969,0,0
1,6,33970,0,0
2,8,33971,0,0
3,1,33972,0,0
4,1,33973,0,0
5,1,33974,0,0
6,1,33975,0,0
7,1,33976,0,0
0,6,33977,0,0
1,6,33978,0,0
2,8,33979,0,0
3,1,33980,0,0
4,1,33981,0,0
5,1,33982,0,0
6,1,33983,0,0
7,0,33984,0,0
0,5,33985,0,0
1,6,33986,0,0
2,8,33987,0,0
3,1,33988,0,0
4,7,33989,0,0
5,1,33990,0,0
6,1,33991,0,0
7,6,33992,0,0
0,6,33993,0,0
1,6,33994,0,0
2,6,33995,0,0
3,6,33996,0,0
4,8,33997,0,0
5,1,33998,0,0
6,2,33999,0,0
7,4,34000,0,0
0,6,34001,0,0
1,5,34002,0,0
2,6,34003,0,0
3,6,34004,0,0
4,8,34005,0,0
5,1,34006,0,0
6,3,34007,0,0
7,1,34008,0,0
0,6,34009,0,0
1,5,34010,0,0
2,7,34011,0,0
3,1,34012,0,0
4,4,34013,0,0
5,1,34014,0,0
6,3,34015,0,0
7,1,34016,0,0
0,5,34017,0,0
1,5,34018,0,0
2,7,34019,0,0
3,7,34020,0,0
4,4,34021,0,0
5,1,34022,0,0
6,5,34023,0,0
7,1,34024,0,0
0,4,34025,0,0
1,5,34026,0,0
2,7,34027,0,0
3,1,34028,0,0
4,4,34029,0,0
5,1,34030,0,0
6,4,34031,0,0
7,0,34032,0,0
0,6,34033,0,0
1,6,34034,0,0
2,7,34035,0,0
3,1,34036,0,0
4,4,34037,0,0
5,1,34038,0,0
6,2,34039,0,0
7,0,34040,0,0
0,6,34041,0,0
1,7,34042,0,0
2,1,34043,0,0
3,1,34044,0,0
4,4,34045,0,0
5,1,34046,0,0
6,1,34047,0,0
7,0,34048,0,0
0,6,34049,0,0
1,7,34050,0,0
2,1,34051,0,0
3,3,34052,0,0
4,4,34053,0,0
5,7,34054,0,0
6,1,34055,0,0
7,0,34056,0,0
0,6,34057,0,0
1,6,34058,0,0
2,1,34059,0,0
3,3,34060,0,0
4,4,34061,0,0
5,7,34062,0,0
6,2,34063,0,0
7,0,34064,0,0
0,6,34065,0,0
1,3,34066,0,0
2,1,34067,0,0
3,3,34068,0,0
4,4,34069,0,0
5,1,34070,0,0
6,2,34071,0,0
7,0,34072,0,0
0,6,34073,0,0
1,3,34074,0,0
2,1,34075,0,0
3,3,34076,0,0
4,4,34077,0,0
5,1,34078,0,0
6,3,34079,0,0
7,1,34080,0,0
0,6,34081,0,0
1,6,34082,0,0
2,1,34083,0,0
3,3,34084,0,0
4,4,34085,0,0
5,1,34086,0,0
6,8,34087,0,0
7,0,34088,0,0
0,6,34089,0,0
1,6,34090,0,0
2,1,34091,0,0
3,3,34092,0,0
4,4,34093,0,0
5,1,34094,0,0
6,8,34095,0,0
7,0,34096,0,0
0,5,34097,0,0
1,6,34098,0,0
2,1,34099,0,0
3,3,34100,0,0
4,4,34101,0,0
5,7,34102,0,0
6,8,34103,0,0
7,0,34104,0,0
0,7,34105,0,0
1,7,34106,0,0
2,1,34107,0,0
3,2,34108,0,0
4,4,34109,0,0
5,7,34110,0,0
6,3,34111,0,0
7,0,34112,0,0
0,6,34113,0,0
1,7,34114,0,0
2,6,34115,0,0
3,1,34116,0,0
4,4,34117,0,0
5,7,34118,0,0
6,8,34119,0,0
7,7,34120,0,0
0,3,34121,0,0
1,7,34122,0,0
2,6,34123,0,0
3,1,34124,0,0
4,4,34125,0,0
5,7,34126,0,0
6,8,34127,0,0
7,7,34128,0,0
0,2,34129,0,0
1,7,34130,0,0
2,6,34131,0,0
3,1,34132,0,0
4,4,34133,0,0
5,8,34134,0,0
6,8,34135,0,0
7,7,34136,0,0
0,2,34137,0,0
1,7,34138,0,0
2,1,34139,0,0
3,1,34140,0,0
4,7,34141,0,0
5,8,34142,0,0
6,8,34143,0,0
7,0,34144,0,0
0,2,34145,0,0
1,7,34146,0,0
2,7,34147,0,0
3,1,34148,0,0
4,4,34149,0,0
5,8,34150,0,0
6,8,34151,0,0
7,0,34152,0,0
0,4,34153,0,0
1,6,34154,0,0
2,6,34155,0,0
3,1,34156,0,0
4,2,34157,0,0
5,8,34158,0,0
6,8,34159,0,0
7,0,34160,0,0
0,5,34161,0,0
1,6,34162,0,0
2,6,34163,0,0
3,1,34164,0,0
4,2,34165,0,0
5,8,34166,0,0
6,8,34167,0,0
7,1,34168,0,0
0,6,34169,0,0
1,7,34170,0,0
2,6,34171,0,0
3,1,34172,0,0
4,4,34173,0,0
5,8,34174,0,0
6,8,34175,0,0
7,1,34176,0,0
0,5,34177,0,0
1,7,34178,0,0
2,6,34179,0,0
3,1,34180,0,0
4,1,34181,0,0
5,8,34182,0,0
6,8,34183,0,0
7,5,34184,0,0
0,5,34185,0,0
1,6,34186,0,0
2,6,34187,0,0
3,1,34188,0,0
4,4,34189,0,0
5,8,34190,0,0
6,8,34191,0,0
7,5,34192,0,0
0,4,34193,0,0
1,6,34194,0,0
2,6,34195,0,0
3,1,34196,0,0
4,4,34197,0,0
5,8,34198,0,0
6,8,34199,0,0
7,1,34200,0,0
0,4,34201,0,0
1,6,34202,0,0
2,6,34203,0,0
3,1,34204,0,0
4,4,34205,0,0
5,8,34206,0,0
6,8,34207,0,0
7,1,34208,0,0
0,2,34209,0,0
1,6,34210,0,0
2,6,34211,0,0
3,1,34212,0,0
4,4,34213,0,0
5,8,34214,0,0
6,8,34215,0,0
7,5,34216,0,0
0,4,34217,0,0
1,6,34218,0,0
2,6,34219,0,0
3,1,34220,0,0
4,4,34221,0,0
5,8,34222,0,0
6,2,34223,0,0
7,4,34224,0,0
0,4,34225,0,0
1,6,34226,0,0
2,6,34227,0,0
3,1,34228,0,0
4,4,34229,0,0
5,8,34230,0,0
6,8,34231,0,0
7,4,34232,0,0
0,5,34233,0,0
1,6,34234,0,0
2,6,34235,0,0
3,1,34236,0,0
4,4,34237,0,0
5,8,34238,0,0
6,8,34239,0,0
7,4,34240,0,0
0,4,34241,0,0
1,6,34242,0,0
2,6,34243,0,0
3,1,34244,0,0
4,4,34245,0,0
5,8,34246,0,0
6,1,34247,0,0
7,4,34248,0,0
0,4,34249,0,0
1,6,34250,0,0
2,6,34251,0,0
3,1,34252,0,0
4,4,34253,0,0
5,8,34254,0,0
6,8,34255,0,0
7,4,34256,0,0
0,4,34257,0,0
1,6,34258,0,0
2,6,34259,0,0
3,1,34260,0,0
4,4,34261,0,0
5,8,34262,0,0
6,8,34263,0,0
7,1,34264,0,0
0,4,34265,0,0
1,6,34266,0,0
2,6,34267,0,0
3,1,34268,0,0
4,0,34269,0,0
5,8,34270,0,0
6,8,34271,0,0
7,1,34272,0,0
0,2,34273,0,0
1,6,34274,0,0
2,6,34275,0,0
3,1,34276,0,0
4,0,34277,0,0
5,8,34278,0,0
6,8,34279,0,0
7,0,34280,0,0
0,2,34281,0,0
1,7,34282,0,0
2,6,34283,0,0
3,1,34284,0,0
4,0,34285,0,0
5,8,34286,0,0
6,1,34287,0,0
7,0,34288,0,0
0,5,34289,0,0
1,7,34290,0,0
2,7,34291,0,0
3,1,34292,0,0
4,0,34293,0,0
5,8,34294,0,0
6,8,34295,0,0
7,0,34296,0,0
0,4,34297,0,0
1,7,34298,0,0
2,7,34299,0,0
3,1,34300,0,0
4,0,34301,0,0
5,8,34302,0,0
6,8,34303,0,0
7,0,34304,0,0
0,6,34305,0,0
1,7,34306,0,0
2,6,34307,0,0
3,1,34308,0,0
4,0,34309,0,0
5,8,34310,0,0
6,1,34311,0,0
7,0,34312,0,0
0,6,34313,0,0
1,7,34314,0,0
2,6,34315,0,0
3,1,34316,0,0
4,0,34317,0,0
5,8,34318,0,0
6,1,34319,0,0
7,0,34320,0,0
0,5,34321,0,0
1,7,34322,0,0
2,6,34323,0,0
3,1,34324,0,0
4,0,34325,0,0
5,8,34326,0,0
6,8,34327,0,0
7,0,34328,0,0
0,8,34329,0,0
1,6,34330,0,0
2,8,34331,0,0
3,5,34332,0,0
4,8,34333,0,0
5,8,34334,0,0
6,8,34335,0,0
7,7,34336,0,0
0,4,34337,0,0
1,7,34338,0,0
2,8,34339,0,0
3,5,34340,0,0
4,1,34341,0,0
5,8,34342,0,0
6,1,34343,0,0
7,7,34344,0,0
0,2,34345,0,0
1,7,34346,0,0
2,1,34347,0,0
3,5,34348,0,0
4,4,34349,0,0
5,8,34350,0,0
6,8,34351,0,0
7,7,34352,0,0
0,2,34353,0,0
1,7,34354,0,0
2,1,34355,0,0
3,5,34356,0,0
4,4,34357,0,0
5,1,34358,0,0
6,1,34359,0,0
7,7,34360,0,0
0,2,34361,0,0
1,1,34362,0,0
2,8,34363,0,0
3,1,34364,0,0
4,4,34365,0,0
5,8,34366,0,0
6,8,34367,0,0
7,7,34368,0,0
0,2,34369,0,0
1,7,34370,0,0
2,6,34371,0,0
3,1,34372,0,0
4,4,34373,0,0
5,1,34374,0,0
6,5,34375,0,0
7,7,34376,0,0
0,4,34377,0,0
1,6,34378,0,0
2,4,34379,0,0
3,1,34380,0,0
4,4,34381,0,0
5,1,34382,0,0
6,5,34383,0,0
7,7,34384,0,0
0,4,34385,0,0
1,4,34386,0,0
2,4,34387,0,0
3,1,34388,0,0
4,4,34389,0,0
5,4,34390,0,0
6,4,34391,0,0
7,7,34392,0,0
0,4,34393,0,0
1,4,34394,0,0
2,4,34395,0,0
3,1,34396,0,0
4,4,34397,0,0
5,3,34398,0,0
6,4,34399,0,0
7,4,34400,0,0
0,4,34401,0,0
1,4,34402,0,0
2,4,34403,0,0
3,2,34404,0,0
4,4,34405,0,0
5,3,34406,0,0
6,4,34407,0,0
7,7,34408,0,0
0,4,34409,0,0
1,4,34410,0,0
2,4,34411,0,0
3,2,34412,0,0
4,4,34413,0,0
5,4,34414,0,0
6,4,34415,0,0
7,7,34416,0,0
0,4,34417,0,0
1,4,34418,0,0
2,8,34419,0,0
3,3,34420,0,0
4,4,34421,0,0
5,4,34422,0,0
6,5,34423,0,0
7,7,34424,0,0
0,6,34425,0,0
1,4,34426,0,0
2,8,34427,0,0
3,3,34428,0,0
4,4,34429,0,0
5,3,34430,0,0
6,3,34431,0,0
7,4,34432,0,0
0,5,34433,0,0
1,4,34434,0,0
2,8,34435,0,0
3,3,34436,0,0
4,4,34437,0,0
5,5,34438,0,0
6,6,34439,0,0
7,4,34440,0,0
0,4,34441,0,0
1,4,34442,0,0
2,7,34443,0,0
3,1,34444,0,0
4,1,34445,0,0
5,5,34446,0,0
6,4,34447,0,0
7,4,34448,0,0
0,4,34449,0,0
1,4,34450,0,0
2,6,34451,0,0
3,1,34452,0,0
4,0,34453,0,0
5,4,34454,0,0
6,4,34455,0,0
7,4,34456,0,0
0,4,34457,0,0
1,4,34458,0,0
2,4,34459,0,0
3,6,34460,0,0
4,4,34461,0,0
5,4,34462,0,0
6,4,34463,0,0
7,4,34464,0,0
0,4,34465,0,0
1,4,34466,0,0
2,4,34467,0,0
3,3,34468,0,0
4,4,34469,0,0
5,4,34470,0,0
6,4,34471,0,0
7,4,34472,0,0
0,5,34473,0,0
1,4,34474,0,0
2,4,34475,0,0
3,3,34476,0,0
4,0,34477,0,0
5,4,34478,0,0
6,3,34479,0,0
7,5,34480,0,0
0,5,34481,0,0
1,4,34482,0,0
2,5,34483,0,0
3,3,34484,0,0
4,0,34485,0,0
5,3,34486,0,0
6,0,34487,0,0
7,5,34488,0,0
0,5,34489,0,0
1,4,34490,0,0
2,5,34491,0,0
3,1,34492,0,0
4,4,34493,0,0
5,3,34494,0,0
6,8,34495,0,0
7,5,34496,0,0
0,5,34497,0,0
1,6,34498,0,0
2,7,34499,0,0
3,0,34500,0,0
4,4,34501,0,0
5,4,34502,0,0
6,0,34503,0,0
7,5,34504,0,0
0,5,34505,0,0
1,5,34506,0,0
2,4,34507,0,0
3,0,34508,0,0
4,4,34509,0,0
5,7,34510,0,0
6,0,34511,0,0
7,4,34512,0,0
0,5,34513,0,0
1,6,34514,0,0
2,7,34515,0,0
3,0,34516,0,0
4,0,34517,0,0
5,7,34518,0,0
6,1,34519,0,0
7,7,34520,0,0
0,5,34521,0,0
1,6,34522,0,0
2,7,34523,0,0
3,0,34524,0,0
4,0,34525,0,0
5,7,34526,0,0
6,1,34527,0,0
7,3,34528,0,0
0,6,34529,0,0
1,4,34530,0,0
2,7,34531,0,0
3,0,34532,0,0
4,0,34533,0,0
5,7,34534,0,0
6,1,34535,0,0
7,5,34536,0,0
0,6,34537,0,0
1,4,34538,0,0
2,7,34539,0,0
3,0,34540,0,0
4,4,34541,0,0
5,7,34542,0,0
6,0,34543,0,0
7,4,34544,0,0
0,6,34545,0,0
1,4,34546,0,0
2,4,34547,0,0
3,1,34548,0,0
4,4,34549,0,0
5,7,34550,0,0
6,5,34551,0,0
7,4,34552,0,0
0,6,34553,0,0
1,4,34554,0,0
2,4,34555,0,0
3,1,34556,0,0
4,2,34557,0,0
5,8,34558,0,0
6,5,34559,0,0
7,3,34560,0,0
0,6,34561,0,0
1,4,34562,0,0
2,4,34563,0,0
3,1,34564,0,0
4,2,34565,0,0
5,8,34566,0,0
6,4,34567,0,0
7,4,34568,0,0
0,6,34569,0,0
1,4,34570,0,0
2,4,34571,0,0
3,7,34572,0,0
4,4,34573,0,0
5,7,34574,0,0
6,4,34575,0,0
7,4,34576,0,0
0,6,34577,0,0
1,4,34578,0,0
2,4,34579,0,0
3,1,34580,0,0
4,4,34581,0,0
5,8,34582,0,0
6,4,34583,0,0
7,5,34584,0,0
0,2,34585,0,0
1,4,34586,0,0
2,5,34587,0,0
3,1,34588,0,0
4,2,34589,0,0
5,4,34590,0,0
6,4,34591,0,0
7,4,34592,0,0
0,2,34593,0,0
1,4,34594,0,0
2,5,34595,0,0
3,1,34596,0,0
4,4,34597,0,0
5,2,34598,0,0
6,4,34599,0,0
7,4,34600,0,0
0,4,34601,0,0
1,4,34602,0,0
2,5,34603,0,0
3,1,34604,0,0
4,4,34605,0,0
5,2,34606,0,0
6,4,34607,0,0
7,4,34608,0,0
0,4,34609,0,0
1,4,34610,0,0
2,5,34611,0,0
3,8,34612,0,0
4,2,34613,0,0
5,2,34614,0,0
6,4,34615,0,0
7,6,34616,0,0
0,4,34617,0,0
1,4,34618,0,0
2,5,34619,0,0
3,8,34620,0,0
4,4,34621,0,0
5,2,34622,0,0
6,4,34623,0,0
7,7,34624,0,0
0,4,34625,0,0
1,4,34626,0,0
2,4,34627,0,0
3,5,34628,0,0
4,4,34629,0,0
5,2,34630,0,0
6,4,34631,0,0
7,7,34632,0,0
0,4,34633,0,0
1,4,34634,0,0
2,5,34635,0,0
3,1,34636,0,0
4,4,34637,0,0
5,2,34638,0,0
6,4,34639,0,0
7,4,34640,0,0
0,2,34641,0,0
1,4,34642,0,0
2,5,34643,0,0
3,8,34644,0,0
4,4,34645,0,0
5,1,34646,0,0
6,4,34647,0,0
7,1,34648,0,0
0,4,34649,0,0
1,4,34650,0,0
2,4,34651,0,0
3,1,34652,0,0
4,4,34653,0,0
5,4,34654,0,0
6,4,34655,0,0
7,1,34656,0,0
0,4,34657,0,0
1,4,34658,0,0
2,5,34659,0,0
3,3,34660,0,0
4,4,34661,0,0
5,1,34662,0,0
6,4,34663,0,0
7,1,34664,0,0
0,2,34665,0,0
1,4,34666,0,0
2,5,34667,0,0
3,3,34668,0,0
4,0,34669,0,0
5,1,34670,0,0
6,4,34671,0,0
7,1,34672,0,0
0,2,34673,0,0
1,4,34674,0,0
2,5,34675,0,0
3,3,34676,0,0
4,1,34677,0,0
5,1,34678,0,0
6,4,34679,0,0
7,4,34680,0,0
0,2,34681,0,0
1,4,34682,0,0
2,4,34683,0,0
3,3,34684,0,0
4,7,34685,0,0
5,3,34686,0,0
6,3,34687,0,0
7,6,34688,0,0
0,2,34689,0,0
1,4,34690,0,0
2,5,34691,0,0
3,1,34692,0,0
4,7,34693,0,0
5,3,34694,0,0
6,4,34695,0,0
7,7,34696,0,0
0,4,34697,0,0
1,4,34698,0,0
2,4,34699,0,0
3,3,34700,0,0
4,1,34701,0,0
5,3,34702,0,0
6,4,34703,0,0
7,7,34704,0,0
0,4,34705,0,0
1,4,34706,0,0
2,5,34707,0,0
3,3,34708,0,0
4,1,34709,0,0
5,3,34710,0,0
6,3,34711,0,0
7,7,34712,0,0
0,4,34713,0,0
1,4,34714,0,0
2,5,34715,0,0
3,3,34716,0,0
4,1,34717,0,0
5,3,34718,0,0
6,4,34719,0,0
7,7,34720,0,0
0,6,34721,0,0
1,4,34722,0,0
2,5,34723,0,0
3,3,34724,0,0
4,1,34725,0,0
5,3,34726,0,0
6,4,34727,0,0
7,5,34728,0,0
0,6,34729,0,0
1,4,34730,0,0
2,4,34731,0,0
3,3,34732,0,0
4,1,34733,0,0
5,3,34734,0,0
6,4,34735,0,0
7,1,34736,0,0
0,5,34737,0,0
1,4,34738,0,0
2,5,34739,0,0
3,3,34740,0,0
4,1,34741,0,0
5,3,34742,0,0
6,4,34743,0,0
7,1,34744,0,0
0,5,34745,0,0
1,4,34746,0,0
2,5,34747,0,0
3,5,34748,0,0
4,1,34749,0,0
5,3,34750,0,0
6,4,34751,0,0
7,1,34752,0,0
0,4,34753,0,0
1,4,34754,0,0
2,4,34755,0,0
3,5,34756,0,0
4,1,34757,0,0
5,3,34758,0,0
6,4,34759,0,0
7,1,34760,0,0
0,6,34761,0,0
1,4,34762,0,0
2,4,34763,0,0
3,3,34764,0,0
4,1,34765,0,0
5,3,34766,0,0
6,4,34767,0,0
7,1,34768,0,0
0,6,34769,0,0
1,4,34770,0,0
2,4,34771,0,0
3,3,34772,0,0
4,7,34773,0,0
5,3,34774,0,0
6,4,34775,0,0
7,1,34776,0,0
0,6,34777,0,0
1,4,34778,0,0
2,5,34779,0,0
3,2,34780,0,0
4,7,34781,0,0
5,3,34782,0,0
6,3,34783,0,0
7,1,34784,0,0
0,4,34785,0,0
1,4,34786,0,0
2,5,34787,0,0
3,1,34788,0,0
4,4,34789,0,0
5,4,34790,0,0
6,4,34791,0,0
7,1,34792,0,0
0,4,34793,0,0
1,4,34794,0,0
2,4,34795,0,0
3,1,34796,0,0
4,4,34797,0,0
5,4,34798,0,0
6,4,34799,0,0
7,1,34800,0,0
0,4,34801,0,0
1,4,34802,0,0
2,5,34803,0,0
3,1,34804,0,0
4,4,34805,0,0
5,3,34806,0,0
6,4,34807,0,0
7,1,34808,0,0
0,6,34809,0,0
1,4,34810,0,0
2,4,34811,0,0
3,1,34812,0,0
4,4,34813,0,0
5,3,34814,0,0
6,4,34815,0,0
7,1,34816,0,0
0,2,34817,0,0
1,4,34818,0,0
2,5,34819,0,0
3,1,34820,0,0
4,4,34821,0,0
5,3,34822,0,0
6,8,34823,0,0
7,1,34824,0,0
0,6,34825,0,0
1,4,34826,0,0
2,5,34827,0,0
3,3,34828,0,0
4,4,34829,0,0
5,3,34830,0,0
6,8,34831,0,0
7,1,34832,0,0
0,6,34833,0,0
1,4,34834,0,0
2,4,34835,0,0
3,3,34836,0,0
4,4,34837,0,0
5,3,34838,0,0
6,8,34839,0,0
7,1,34840,0,0
0,6,34841,0,0
1,4,34842,0,0
2,4,34843,0,0
3,3,34844,0,0
4,4,34845,0,0
5,3,34846,0,0
6,8,34847,0,0
7,1,34848,0,0
0,6,34849,0,0
1,4,34850,0,0
2,5,34851,0,0
3,3,34852,0,0
4,4,34853,0,0
5,4,34854,0,0
6,8,34855,0,0
7,1,34856,0,0
0,6,34857,0,0
1,4,34858,0,0
2,4,34859,0,0
3,3,34860,0,0
4,4,34861,0,0
5,4,34862,0,0
6,8,34863,0,0
7,1,34864,0,0
0,6,34865,0,0
1,7,34866,0,0
2,7,34867,0,0
3,3,34868,0,0
4,4,34869,0,0
5,8,34870,0,0
6,8,34871,0,0
7,1,34872,0,0
0,6,34873,0,0
1,7,34874,0,0
2,8,34875,0,0
3,6,34876,0,0
4,4,34877,0,0
5,4,34878,0,0
6,4,34879,0,0
7,1,34880,0,0
0,6,34881,0,0
1,4,34882,0,0
2,2,34883,0,0
3,6,34884,0,0
4,4,34885,0,0
5,4,34886,0,0
6,4,34887,0,0
7,5,34888,0,0
0,6,34889,0,0
1,4,34890,0,0
2,1,34891,0,0
3,6,34892,0,0
4,4,34893,0,0
5,4,34894,0,0
6,8,34895,0,0
7,5,34896,0,0
0,6,34897,0,0
1,4,34898,0,0
2,8,34899,0,0
3,7,34900,0,0
4,4,34901,0,0
5,4,34902,0,0
6,8,34903,0,0
7,5,34904,0,0
0,6,34905,0,0
1,4,34906,0,0
2,7,34907,0,0
3,1,34908,0,0
4,4,34909,0,0
5,2,34910,0,0
6,8,34911,0,0
7,5,34912,0,0
0,6,34913,0,0
1,4,34914,0,0
2,7,34915,0,0
3,1,34916,0,0
4,4,34917,0,0
5,7,34918,0,0
6,8,34919,0,0
7,4,34920,0,0
0,7,34921,0,0
1,4,34922,0,0
2,7,34923,0,0
3,3,34924,0,0
4,4,34925,0,0
5,7,34926,0,0
6,8,34927,0,0
7,4,34928,0,0
0,7,34929,0,0
1,5,34930,0,0
2,5,34931,0,0
3,3,34932,0,0
4,4,34933,0,0
5,2,34934,0,0
6,0,34935,0,0
7,4,34936,0,0
0,6,34937,0,0
1,7,34938,0,0
2,8,34939,0,0
3,1,34940,0,0
4,4,34941,0,0
5,8,34942,0,0
6,0,34943,0,0
7,4,34944,0,0
0,4,34945,0,0
1,6,34946,0,0
2,1,34947,0,0
3,1,34948,0,0
4,1,34949,0,0
5,2,34950,0,0
6,8,34951,0,0
7,4,34952,0,0
0,4,34953,0,0
1,7,34954,0,0
2,1,34955,0,0
3,0,34956,0,0
4,1,34957,0,0
5,8,34958,0,0
6,0,34959,0,0
7,4,34960,0,0
0,2,34961,0,0
1,1,34962,0,0
2,4,34963,0,0
3,0,34964,0,0
4,1,34965,0,0
5,8,34966,0,0
6,4,34967,0,0
7,4,34968,0,0
0,4,34969,0,0
1,1,34970,0,0
2,1,34971,0,0
3,6,34972,0,0
4,1,34973,0,0
5,8,34974,0,0
6,4,34975,0,0
7,4,34976,0,0
0,4,34977,0,0
1,5,34978,0,0
2,5,34979,0,0
3,6,34980,0,0
4,1,34981,0,0
5,8,34982,0,0
6,4,34983,0,0
7,4,34984,0,0
0,4,34985,0,0
1,6,34986,0,0
2,8,34987,0,0
3,5,34988,0,0
4,4,34989,0,0
5,8,34990,0,0
6,4,34991,0,0
7,4,34992,0,0
0,4,34993,0,0
1,5,34994,0,0
2,8,34995,0,0
3,6,34996,0,0
4,4,34997,0,0
5,8,34998,0,0
6,4,34999,0,0
7,4,35000,0,0
0,4,35001,0,0
1,5,35002,0,0
2,7,35003,0,0
3,6,35004,0,0
4,4,35005,0,0
5,8,35006,0,0
6,3,35007,0,0
7,4,35008,0,0
0,6,35009,0,0
1,7,35010,0,0
2,7,35011,0,0
3,1,35012,0,0
4,4,35013,0,0
5,8,35014,0,0
6,4,35015,0,0
7,4,35016,0,0
0,6,35017,0,0
1,7,35018,0,0
2,8,35019,0,0
3,5,35020,0,0
4,4,35021,0,0
5,8,35022,0,0
6,3,35023,0,0
7,4,35024,0,0
0,6,35025,0,0
1,7,35026,0,0
2,8,35027,0,0
3,5,35028,0,0
4,4,35029,0,0
5,4,35030,0,0
6,8,35031,0,0
7,4,35032,0,0
0,6,35033,0,0
1,7,35034,0,0
2,7,35035,0,0
3,8,35036,0,0
4,1,35037,0,0
5,8,35038,0,0
6,1,35039,0,0
7,4,35040,0,0
0,6,35041,0,0
1,7,35042,0,0
2,7,35043,0,0
3,5,35044,0,0
4,0,35045,0,0
5,8,35046,0,0
6,0,35047,0,0
7,4,35048,0,0
0,6,35049,0,0
1,7,35050,0,0
2,8,35051,0,0
3,7,35052,0,0
4,4,35053,0,0
5,8,35054,0,0
6,0,35055,0,0
7,4,35056,0,0
0,6,35057,0,0
1,4,35058,0,0
2,8,35059,0,0
3,7,35060,0,0
4,4,35061,0,0
5,8,35062,0,0
6,0,35063,0,0
7,4,35064,0,0
0,6,35065,0,0
1,4,35066,0,0
2,8,35067,0,0
3,8,35068,0,0
4,4,35069,0,0
5,8,35070,0,0
6,0,35071,0,0
7,4,35072,0,0
0,6,35073,0,0
1,6,35074,0,0
2,8,35075,0,0
3,5,35076,0,0
4,4,35077,0,0
5,8,35078,0,0
6,0,35079,0,0
7,5,35080,0,0
0,4,35081,0,0
1,1,35082,0,0
2,8,35083,0,0
3,8,35084,0,0
4,4,35085,0,0
5,8,35086,0,0
6,0,35087,0,0
7,4,35088,0,0
0,6,35089,0,0
1,6,35090,0,0
2,8,35091,0,0
3,8,35092,0,0
4,4,35093,0,0
5,8,35094,0,0
6,0,35095,0,0
7,4,35096,0,0
0,6,35097,0,0
1,4,35098,0,0
2,6,35099,0,0
3,5,35100,0,0
4,4,35101,0,0
5,8,35102,0,0
6,0,35103,0,0
7,4,35104,0,0
0,5,35105,0,0
1,6,35106,0,0
2,6,35107,0,0
3,1,35108,0,0
4,4,35109,0,0
5,8,35110,0,0
6,0,35111,0,0
7,4,35112,0,0
0,6,35113,0,0
1,4,35114,0,0
2,7,35115,0,0
3,1,35116,0,0
4,4,35117,0,0
5,8,35118,0,0
6,0,35119,0,0
7,4,35120,0,0
0,6,35121,0,0
1,4,35122,0,0
2,7,35123,0,0
3,1,35124,0,0
4,4,35125,0,0
5,8,35126,0,0
6,0,35127,0,0
7,4,35128,0,0
0,6,35129,0,0
1,4,35130,0,0
2,6,35131,0,0
3,1,35132,0,0
4,4,35133,0,0
5,8,35134,0,0
6,0,35135,0,0
7,4,35136,0,0
0,6,35137,0,0
1,3,35138,0,0
2,7,35139,0,0
3,1,35140,0,0
4,4,35141,0,0
5,8,35142,0,0
6,8,35143,0,0
7,4,35144,0,0
0,2,35145,0,0
1,4,35146,0,0
2,6,35147,0,0
3,1,35148,0,0
4,4,35149,0,0
5,8,35150,0,0
6,8,35151,0,0
7,4,35152,0,0
0,4,35153,0,0
1,7,35154,0,0
2,4,35155,0,0
3,1,35156,0,0
4,4,35157,0,0
5,8,35158,0,0
6,0,35159,0,0
7,4,35160,0,0
0,4,35161,0,0
1,6,35162,0,0
2,4,35163,0,0
3,1,35164,0,0
4,4,35165,0,0
5,8,35166,0,0
6,0,35167,0,0
7,4,35168,0,0
0,6,35169,0,0
1,7,35170,0,0
2,4,35171,0,0
3,1,35172,0,0
4,4,35173,0,0
5,8,35174,0,0
6,0,35175,0,0
7,4,35176,0,0
0,6,35177,0,0
1,7,35178,0,0
2,4,35179,0,0
3,1,35180,0,0
4,4,35181,0,0
5,8,35182,0,0
6,0,35183,0,0
7,4,35184,0,0
0,6,35185,0,0
1,7,35186,0,0
2,4,35187,0,0
3,1,35188,0,0
4,4,35189,0,0
5,8,35190,0,0
6,0,35191,0,0
7,5,35192,0,0
0,6,35193,0,0
1,5,35194,0,0
2,4,35195,0,0
3,1,35196,0,0
4,4,35197,0,0
5,2,35198,0,0
6,0,35199,0,0
7,1,35200,0,0
0,5,35201,0,0
1,5,35202,0,0
2,4,35203,0,0
3,1,35204,0,0
4,7,35205,0,0
5,7,35206,0,0
6,0,35207,0,0
7,1,35208,0,0
0,5,35209,0,0
1,5,35210,0,0
2,4,35211,0,0
3,8,35212,0,0
4,8,35213,0,0
5,7,35214,0,0
6,0,35215,0,0
7,1,35216,0,0
0,5,35217,0,0
1,4,35218,0,0
2,4,35219,0,0
3,8,35220,0,0
4,8,35221,0,0
5,8,35222,0,0
6,0,35223,0,0
7,1,35224,0,0
0,6,35225,0,0
1,4,35226,0,0
2,5,35227,0,0
3,8,35228,0,0
4,8,35229,0,0
5,7,35230,0,0
6,0,35231,0,0
7,1,35232,0,0
0,6,35233,0,0
1,3,35234,0,0
2,5,35235,0,0
3,1,35236,0,0
4,8,35237,0,0
5,2,35238,0,0
6,0,35239,0,0
7,1,35240,0,0
0,6,35241,0,0
1,4,35242,0,0
2,5,35243,0,0
3,1,35244,0,0
4,8,35245,0,0
5,1,35246,0,0
6,0,35247,0,0
7,1,35248,0,0
0,6,35249,0,0
1,4,35250,0,0
2,4,35251,0,0
3,1,35252,0,0
4,8,35253,0,0
5,1,35254,0,0
6,0,35255,0,0
7,1,35256,0,0
0,6,35257,0,0
1,5,35258,0,0
2,4,35259,0,0
3,7,35260,0,0
4,7,35261,0,0
5,5,35262,0,0
6,0,35263,0,0
7,1,35264,0,0
0,6,35265,0,0
1,5,35266,0,0
2,4,35267,0,0
3,1,35268,0,0
4,0,35269,0,0
5,7,35270,0,0
6,0,35271,0,0
7,1,35272,0,0
0,6,35273,0,0
1,6,35274,0,0
2,4,35275,0,0
3,1,35276,0,0
4,4,35277,0,0
5,7,35278,0,0
6,0,35279,0,0
7,3,35280,0,0
0,5,35281,0,0
1,6,35282,0,0
2,4,35283,0,0
3,1,35284,0,0
4,4,35285,0,0
5,7,35286,0,0
6,0,35287,0,0
7,1,35288,0,0
0,6,35289,0,0
1,6,35290,0,0
2,4,35291,0,0
3,1,35292,0,0
4,4,35293,0,0
5,7,35294,0,0
6,0,35295,0,0
7,1,35296,0,0
0,5,35297,0,0
1,6,35298,0,0
2,4,35299,0,0
3,1,35300,0,0
4,4,35301,0,0
5,1,35302,0,0
6,0,35303,0,0
7,3,35304,0,0
0,5,35305,0,0
1,6,35306,0,0
2,1,35307,0,0
3,1,35308,0,0
4,7,35309,0,0
5,1,35310,0,0
6,0,35311,0,0
7,3,35312,0,0
0,5,35313,0,0
1,6,35314,0,0
2,7,35315,0,0
3,1,35316,0,0
4,1,35317,0,0
5,7,35318,0,0
6,0,35319,0,0
7,7,35320,0,0
0,5,35321,0,0
1,6,35322,0,0
2,7,35323,0,0
3,7,35324,0,0
4,1,35325,0,0
5,7,35326,0,0
6,0,35327,0,0
7,7,35328,0,0
0,3,35329,0,0
1,7,35330,0,0
2,4,35331,0,0
3,7,35332,0,0
4,1,35333,0,0
5,7,35334,0,0
6,0,35335,0,0
7,1,35336,0,0
0,3,35337,0,0
1,5,35338,0,0
2,7,35339,0,0
3,1,35340,0,0
4,1,35341,0,0
5,7,35342,0,0
6,0,35343,0,0
7,1,35344,0,0
0,5,35345,0,0
1,5,35346,0,0
2,7,35347,0,0
3,1,35348,0,0
4,1,35349,0,0
5,7,35350,0,0
6,0,35351,0,0
7,0,35352,0,0
0,5,35353,0,0
1,6,35354,0,0
2,7,35355,0,0
3,1,35356,0,0
4,7,35357,0,0
5,1,35358,0,0
6,0,35359,0,0
7,0,35360,0,0
0,5,35361,0,0
1,6,35362,0,0
2,7,35363,0,0
3,1,35364,0,0
4,7,35365,0,0
5,8,35366,0,0
6,0,35367,0,0
7,0,35368,0,0
0,5,35369,0,0
1,6,35370,0,0
2,7,35371,0,0
3,0,35372,0,0
4,7,35373,0,0
5,2,35374,0,0
6,0,35375,0,0
7,0,35376,0,0
0,3,35377,0,0
1,5,35378,0,0
2,7,35379,0,0
3,0,35380,0,0
4,0,35381,0,0
5,1,35382,0,0
6,8,35383,0,0
7,0,35384,0,0
0,5,35385,0,0
1,7,35386,0,0
2,7,35387,0,0
3,0,35388,0,0
4,0,35389,0,0
5,1,35390,0,0
6,8,35391,0,0
7,0,35392,0,0
0,6,35393,0,0
1,1,35394,0,0
2,7,35395,0,0
3,0,35396,0,0
4,8,35397,0,0
5,1,35398,0,0
6,0,35399,0,0
7,0,35400,0,0
0,5,35401,0,0
1,7,35402,0,0
2,7,35403,0,0
3,0,35404,0,0
4,0,35405,0,0
5,1,35406,0,0
6,0,35407,0,0
7,7,35408,0,0
0,5,35409,0,0
1,1,35410,0,0
2,8,35411,0,0
3,0,35412,0,0
4,8,35413,0,0
5,1,35414,0,0
6,0,35415,0,0
7,7,35416,0,0
0,3,35417,0,0
1,1,35418,0,0
2,8,35419,0,0
3,0,35420,0,0
4,8,35421,0,0
5,1,35422,0,0
6,0,35423,0,0
7,7,35424,0,0
0,3,35425,0,0
1,7,35426,0,0
2,8,35427,0,0
3,0,35428,0,0
4,8,35429,0,0
5,1,35430,0,0
6,0,35431,0,0
7,5,35432,0,0
0,3,35433,0,0
1,7,35434,0,0
2,8,35435,0,0
3,0,35436,0,0
4,0,35437,0,0
5,1,35438,0,0
6,0,35439,0,0
7,5,35440,0,0
0,3,35441,0,0
1,7,35442,0,0
2,7,35443,0,0
3,0,35444,0,0
4,0,35445,0,0
5,1,35446,0,0
6,0,35447,0,0
7,5,35448,0,0
0,2,35449,0,0
1,7,35450,0,0
2,7,35451,0,0
3,6,35452,0,0
4,0,35453,0,0
5,7,35454,0,0
6,0,35455,0,0
7,5,35456,0,0
0,4,35457,0,0
1,7,35458,0,0
2,1,35459,0,0
3,6,35460,0,0
4,0,35461,0,0
5,7,35462,0,0
6,0,35463,0,0
7,3,35464,0,0
0,5,35465,0,0
1,7,35466,0,0
2,6,35467,0,0
3,1,35468,0,0
4,8,35469,0,0
5,7,35470,0,0
6,0,35471,0,0
7,7,35472,0,0
0,5,35473,0,0
1,7,35474,0,0
2,7,35475,0,0
3,5,35476,0,0
4,0,35477,0,0
5,7,35478,0,0
6,0,35479,0,0
7,0,35480,0,0
0,5,35481,0,0
1,7,35482,0,0
2,7,35483,0,0
3,7,35484,0,0
4,0,35485,0,0
5,7,35486,0,0
6,0,35487,0,0
7,0,35488,0,0
0,5,35489,0,0
1,7,35490,0,0
2,8,35491,0,0
3,7,35492,0,0
4,0,35493,0,0
5,7,35494,0,0
6,0,35495,0,0
7,0,35496,0,0
0,5,35497,0,0
1,7,35498,0,0
2,8,35499,0,0
3,7,35500,0,0
4,0,35501,0,0
5,7,35502,0,0
6,0,35503,0,0
7,0,35504,0,0
0,5,35505,0,0
1,7,35506,0,0
2,1,35507,0,0
3,8,35508,0,0
4,0,35509,0,0
5,7,35510,0,0
6,0,35511,0,0
7,4,35512,0,0
0,5,35513,0,0
1,5,35514,0,0
2,8,35515,0,0
3,8,35516,0,0
4,0,35517,0,0
5,7,35518,0,0
6,0,35519,0,0
7,5,35520,0,0
0,4,35521,0,0
1,6,35522,0,0
2,8,35523,0,0
3,1,35524,0,0
4,0,35525,0,0
5,7,35526,0,0
6,0,35527,0,0
7,5,35528,0,0
0,5,35529,0,0
1,6,35530,0,0
2,8,35531,0,0
3,1,35532,0,0
4,0,35533,0,0
5,7,35534,0,0
6,0,35535,0,0
7,4,35536,0,0
0,5,35537,0,0
1,6,35538,0,0
2,8,35539,0,0
3,1,35540,0,0
4,0,35541,0,0
5,7,35542,0,0
6,0,35543,0,0
7,4,35544,0,0
0,6,35545,0,0
1,6,35546,0,0
2,7,35547,0,0
3,8,35548,0,0
4,0,35549,0,0
5,7,35550,0,0
6,0,35551,0,0
7,7,35552,0,0
0,6,35553,0,0
1,6,35554,0,0
2,8,35555,0,0
3,8,35556,0,0
4,0,35557,0,0
5,8,35558,0,0
6,0,35559,0,0
7,7,35560,0,0
0,5,35561,0,0
1,6,35562,0,0
2,7,35563,0,0
3,7,35564,0,0
4,0,35565,0,0
5,2,35566,0,0
6,0,35567,0,0
7,7,35568,0,0
0,5,35569,0,0
1,6,35570,0,0
2,8,35571,0,0
3,7,35572,0,0
4,2,35573,0,0
5,8,35574,0,0
6,0,35575,0,0
7,7,35576,0,0
0,6,35577,0,0
1,6,35578,0,0
2,8,35579,0,0
3,1,35580,0,0
4,2,35581,0,0
5,8,35582,0,0
6,0,35583,0,0
7,5,35584,0,0
0,6,35585,0,0
1,6,35586,0,0
2,8,35587,0,0
3,1,35588,0,0
4,2,35589,0,0
5,8,35590,0,0
6,8,35591,0,0
7,5,35592,0,0
0,6,35593,0,0
1,6,35594,0,0
2,8,35595,0,0
3,1,35596,0,0
4,2,35597,0,0
5,8,35598,0,0
6,8,35599,0,0
7,7,35600,0,0
0,6,35601,0,0
1,6,35602,0,0
2,8,35603,0,0
3,1,35604,0,0
4,2,35605,0,0
5,8,35606,0,0
6,0,35607,0,0
7,7,35608,0,0
0,5,35609,0,0
1,6,35610,0,0
2,7,35611,0,0
3,1,35612,0,0
4,2,35613,0,0
5,7,35614,0,0
6,8,35615,0,0
7,5,35616,0,0
0,6,35617,0,0
1,6,35618,0,0
2,8,35619,0,0
3,1,35620,0,0
4,4,35621,0,0
5,8,35622,0,0
6,8,35623,0,0
7,6,35624,0,0
0,6,35625,0,0
1,6,35626,0,0
2,1,35627,0,0
3,1,35628,0,0
4,2,35629,0,0
5,3,35630,0,0
6,8,35631,0,0
7,6,35632,0,0
0,6,35633,0,0
1,6,35634,0,0
2,1,35635,0,0
3,1,35636,0,0
4,4,35637,0,0
5,3,35638,0,0
6,0,35639,0,0
7,6,35640,0,0
0,6,35641,0,0
1,6,35642,0,0
2,1,35643,0,0
3,0,35644,0,0
4,4,35645,0,0
5,4,35646,0,0
6,0,35647,0,0
7,7,35648,0,0
0,6,35649,0,0
1,6,35650,0,0
2,7,35651,0,0
3,1,35652,0,0
4,4,35653,0,0
5,3,35654,0,0
6,4,35655,0,0
7,7,35656,0,0
0,6,35657,0,0
1,6,35658,0,0
2,7,35659,0,0
3,1,35660,0,0
4,4,35661,0,0
5,3,35662,0,0
6,4,35663,0,0
7,7,35664,0,0
0,6,35665,0,0
1,7,35666,0,0
2,7,35667,0,0
3,1,35668,0,0
4,4,35669,0,0
5,7,35670,0,0
6,4,35671,0,0
7,7,35672,0,0
0,6,35673,0,0
1,4,35674,0,0
2,7,35675,0,0
3,1,35676,0,0
4,2,35677,0,0
5,7,35678,0,0
6,4,35679,0,0
7,4,35680,0,0
0,6,35681,0,0
1,4,35682,0,0
2,7,35683,0,0
3,1,35684,0,0
4,2,35685,0,0
5,8,35686,0,0
6,4,35687,0,0
7,4,35688,0,0
0,6,35689,0,0
1,4,35690,0,0
2,7,35691,0,0
3,1,35692,0,0
4,2,35693,0,0
5,5,35694,0,0
6,2,35695,0,0
7,4,35696,0,0
0,5,35697,0,0
1,7,35698,0,0
2,7,35699,0,0
3,1,35700,0,0
4,4,35701,0,0
5,3,35702,0,0
6,0,35703,0,0
7,4,35704,0,0
0,6,35705,0,0
1,4,35706,0,0
2,6,35707,0,0
3,1,35708,0,0
4,0,35709,0,0
5,5,35710,0,0
6,5,35711,0,0
7,4,35712,0,0
0,6,35713,0,0
1,7,35714,0,0
2,8,35715,0,0
3,0,35716,0,0
4,0,35717,0,0
5,5,35718,0,0
6,4,35719,0,0
7,4,35720,0,0
0,6,35721,0,0
1,7,35722,0,0
2,8,35723,0,0
3,0,35724,0,0
4,0,35725,0,0
5,5,35726,0,0
6,4,35727,0,0
7,5,35728,0,0
0,6,35729,0,0
1,4,35730,0,0
2,8,35731,0,0
3,0,35732,0,0
4,6,35733,0,0
5,3,35734,0,0
6,4,35735,0,0
7,3,35736,0,0
0,6,35737,0,0
1,4,35738,0,0
2,8,35739,0,0
3,0,35740,0,0
4,0,35741,0,0
5,3,35742,0,0
6,2,35743,0,0
7,5,35744,0,0
0,6,35745,0,0
1,4,35746,0,0
2,8,35747,0,0
3,3,35748,0,0
4,0,35749,0,0
5,3,35750,0,0
6,1,35751,0,0
7,4,35752,0,0
0,5,35753,0,0
1,4,35754,0,0
2,8,35755,0,0
3,3,35756,0,0
4,4,35757,0,0
5,2,35758,0,0
6,1,35759,0,0
7,4,35760,0,0
0,6,35761,0,0
1,4,35762,0,0
2,8,35763,0,0
3,3,35764,0,0
4,4,35765,0,0
5,1,35766,0,0
6,2,35767,0,0
7,4,35768,0,0
0,5,35769,0,0
1,6,35770,0,0
2,8,35771,0,0
3,3,35772,0,0
4,4,35773,0,0
5,1,35774,0,0
6,5,35775,0,0
7,4,35776,0,0
0,6,35777,0,0
1,4,35778,0,0
2,8,35779,0,0
3,3,35780,0,0
4,4,35781,0,0
5,1,35782,0,0
6,3,35783,0,0
7,4,35784,0,0
0,6,35785,0,0
1,6,35786,0,0
2,8,35787,0,0
3,3,35788,0,0
4,4,35789,0,0
5,1,35790,0,0
6,0,35791,0,0
7,4,35792,0,0
0,5,35793,0,0
1,6,35794,0,0
2,8,35795,0,0
3,3,35796,0,0
4,4,35797,0,0
5,1,35798,0,0
6,0,35799,0,0
7,3,35800,0,0
0,5,35801,0,0
1,6,35802,0,0
2,8,35803,0,0
3,3,35804,0,0
4,4,35805,0,0
5,1,35806,0,0
6,0,35807,0,0
7,3,35808,0,0
0,5,35809,0,0
1,6,35810,0,0
2,8,35811,0,0
3,3,35812,0,0
4,2,35813,0,0
5,8,35814,0,0
6,0,35815,0,0
7,3,35816,0,0
0,6,35817,0,0
1,6,35818,0,0
2,8,35819,0,0
3,3,35820,0,0
4,2,35821,0,0
5,1,35822,0,0
6,1,35823,0,0
7,3,35824,0,0
0,6,35825,0,0
1,6,35826,0,0
2,8,35827,0,0
3,2,35828,0,0
4,4,35829,0,0
5,1,35830,0,0
6,8,35831,0,0
7,4,35832,0,0
0,6,35833,0,0
1,6,35834,0,0
2,1,35835,0,0
3,1,35836,0,0
4,4,35837,0,0
5,8,35838,0,0
6,8,35839,0,0
7,4,35840,0,0
0,5,35841,0,0
1,6,35842,0,0
2,6,35843,0,0
3,1,35844,0,0
4,4,35845,0,0
5,8,35846,0,0
6,8,35847,0,0
7,3,35848,0,0
0,6,35849,0,0
1,6,35850,0,0
2,6,35851,0,0
3,1,35852,0,0
4,2,35853,0,0
5,8,35854,0,0
6,8,35855,0,0
7,3,35856,0,0
0,5,35857,0,0
1,6,35858,0,0
2,1,35859,0,0
3,1,35860,0,0
4,4,35861,0,0
5,1,35862,0,0
6,8,35863,0,0
7,3,35864,0,0
0,6,35865,0,0
1,6,35866,0,0
2,1,35867,0,0
3,1,35868,0,0
4,2,35869,0,0
5,1,35870,0,0
6,8,35871,0,0
7,3,35872,0,0
0,5,35873,0,0
1,6,35874,0,0
2,8,35875,0,0
3,8,35876,0,0
4,2,35877,0,0
5,1,35878,0,0
6,8,35879,0,0
7,4,35880,0,0
0,6,35881,0,0
1,6,35882,0,0
2,8,35883,0,0
3,0,35884,0,0
4,4,35885,0,0
5,1,35886,0,0
6,5,35887,0,0
7,4,35888,0,0
0,5,35889,0,0
1,6,35890,0,0
2,8,35891,0,0
3,0,35892,0,0
4,4,35893,0,0
5,1,35894,0,0
6,0,35895,0,0
7,4,35896,0,0
0,5,35897,0,0
1,6,35898,0,0
2,8,35899,0,0
3,0,35900,0,0
4,2,35901,0,0
5,1,35902,0,0
6,0,35903,0,0
7,4,35904,0,0
0,5,35905,0,0
1,6,35906,0,0
2,8,35907,0,0
3,0,35908,0,0
4,4,35909,0,0
5,1,35910,0,0
6,0,35911,0,0
7,3,35912,0,0
0,5,35913,0,0
1,6,35914,0,0
2,8,35915,0,0
3,0,35916,0,0
4,2,35917,0,0
5,1,35918,0,0
6,0,35919,0,0
7,3,35920,0,0
0,6,35921,0,0
1,6,35922,0,0
2,8,35923,0,0
3,0,35924,0,0
4,2,35925,0,0
5,1,35926,0,0
6,0,35927,0,0
7,3,35928,0,0
0,5,35929,0,0
1,6,35930,0,0
2,8,35931,0,0
3,0,35932,0,0
4,2,35933,0,0
5,1,35934,0,0
6,3,35935,0,0
7,7,35936,0,0
0,5,35937,0,0
1,6,35938,0,0
2,8,35939,0,0
3,1,35940,0,0
4,4,35941,0,0
5,8,35942,0,0
6,0,35943,0,0
7,5,35944,0,0
0,6,35945,0,0
1,6,35946,0,0
2,8,35947,0,0
3,1,35948,0,0
4,2,35949,0,0
5,7,35950,0,0
6,0,35951,0,0
7,5,35952,0,0
0,6,35953,0,0
1,6,35954,0,0
2,8,35955,0,0
3,1,35956,0,0
4,4,35957,0,0
5,1,35958,0,0
6,0,35959,0,0
7,7,35960,0,0
0,6,35961,0,0
1,6,35962,0,0
2,8,35963,0,0
3,0,35964,0,0
4,4,35965,0,0
5,4,35966,0,0
6,0,35967,0,0
7,7,35968,0,0
0,5,35969,0,0
1,6,35970,0,0
2,8,35971,0,0
3,0,35972,0,0
4,4,35973,0,0
5,5,35974,0,0
6,0,35975,0,0
7,4,35976,0,0
0,5,35977,0,0
1,6,35978,0,0
2,8,35979,0,0
3,0,35980,0,0
4,2,35981,0,0
5,8,35982,0,0
6,0,35983,0,0
7,4,35984,0,0
0,6,35985,0,0
1,6,35986,0,0
2,8,35987,0,0
3,0,35988,0,0
4,2,35989,0,0
5,7,35990,0,0
6,0,35991,0,0
7,5,35992,0,0
0,6,35993,0,0
1,6,35994,0,0
2,8,35995,0,0
3,0,35996,0,0
4,2,35997,0,0
5,7,35998,0,0
6,4,35999,0,0
7,3,36000,0,0
0,5,36001,0,0
1,6,36002,0,0
2,8,36003,0,0
3,0,36004,0,0
4,2,36005,0,0
5,1,36006,0,0
6,4,36007,0,0
7,3,36008,0,0
0,5,36009,0,0
1,6,36010,0,0
2,1,36011,0,0
3,1,36012,0,0
4,2,36013,0,0
5,1,36014,0,0
6,4,36015,0,0
7,3,36016,0,0
0,5,36017,0,0
1,6,36018,0,0
2,8,36019,0,0
3,1,36020,0,0
4,2,36021,0,0
5,1,36022,0,0
6,0,36023,0,0
7,3,36024,0,0
0,5,36025,0,0
1,6,36026,0,0
2,8,36027,0,0
3,1,36028,0,0
4,2,36029,0,0
5,1,36030,0,0
6,0,36031,0,0
7,3,36032,0,0
0,5,36033,0,0
1,6,36034,0,0
2,1,36035,0,0
3,1,36036,0,0
4,2,36037,0,0
5,1,36038,0,0
6,0,36039,0,0
7,3,36040,0,0
0,6,36041,0,0
1,4,36042,0,0
2,7,36043,0,0
3,1,36044,0,0
4,0,36045,0,0
5,1,36046,0,0
6,0,36047,0,0
7,3,36048,0,0
0,5,36049,0,0
1,5,36050,0,0
2,7,36051,0,0
3,1,36052,0,0
4,0,36053,0,0
5,8,36054,0,0
6,2,36055,0,0
7,4,36056,0,0
0,5,36057,0,0
1,4,36058,0,0
2,7,36059,0,0
3,7,36060,0,0
4,0,36061,0,0
5,1,36062,0,0
6,3,36063,0,0
7,5,36064,0,0
0,5,36065,0,0
1,4,36066,0,0
2,7,36067,0,0
3,8,36068,0,0
4,0,36069,0,0
5,1,36070,0,0
6,5,36071,0,0
7,3,36072,0,0
0,5,36073,0,0
1,7,36074,0,0
2,7,36075,0,0
3,7,36076,0,0
4,0,36077,0,0
5,8,36078,0,0
6,0,36079,0,0
7,4,36080,0,0
0,5,36081,0,0
1,6,36082,0,0
2,7,36083,0,0
3,1,36084,0,0
4,0,36085,0,0
5,8,36086,0,0
6,5,36087,0,0
7,5,36088,0,0
0,6,36089,0,0
1,6,36090,0,0
2,7,36091,0,0
3,1,36092,0,0
4,0,36093,0,0
5,8,36094,0,0
6,0,36095,0,0
7,5,36096,0,0
0,6,36097,0,0
1,5,36098,0,0
2,7,36099,0,0
3,7,36100,0,0
4,0,36101,0,0
5,8,36102,0,0
6,4,36103,0,0
7,4,36104,0,0
0,6,36105,0,0
1,4,36106,0,0
2,1,36107,0,0
3,7,36108,0,0
4,4,36109,0,0
5,8,36110,0,0
6,4,36111,0,0
7,3,36112,0,0
0,6,36113,0,0
1,4,36114,0,0
2,1,36115,0,0
3,7,36116,0,0
4,4,36117,0,0
5,8,36118,0,0
6,4,36119,0,0
7,7,36120,0,0
0,6,36121,0,0
1,3,36122,0,0
2,1,36123,0,0
3,7,36124,0,0
4,7,36125,0,0
5,8,36126,0,0
6,4,36127,0,0
7,7,36128,0,0
0,6,36129,0,0
1,3,36130,0,0
2,1,36131,0,0
3,7,36132,0,0
4,4,36133,0,0
5,5,36134,0,0
6,4,36135,0,0
7,4,36136,0,0
0,6,36137,0,0
1,5,36138,0,0
2,7,36139,0,0
3,7,36140,0,0
4,4,36141,0,0
5,7,36142,0,0
6,4,36143,0,0
7,6,36144,0,0
0,5,36145,0,0
1,5,36146,0,0
2,1,36147,0,0
3,7,36148,0,0
4,4,36149,0,0
5,7,36150,0,0
6,4,36151,0,0
7,4,36152,0,0
0,5,36153,0,0
1,5,36154,0,0
2,5,36155,0,0
3,7,36156,0,0
4,4,36157,0,0
5,7,36158,0,0
6,4,36159,0,0
7,4,36160,0,0
0,5,36161,0,0
1,5,36162,0,0
2,5,36163,0,0
3,7,36164,0,0
4,4,36165,0,0
5,7,36166,0,0
6,4,36167,0,0
7,5,36168,0,0
0,5,36169,0,0
1,5,36170,0,0
2,7,36171,0,0
3,0,36172,0,0
4,4,36173,0,0
5,1,36174,0,0
6,4,36175,0,0
7,7,36176,0,0
0,5,36177,0,0
1,3,36178,0,0
2,7,36179,0,0
3,2,36180,0,0
4,4,36181,0,0
5,1,36182,0,0
6,4,36183,0,0
7,4,36184,0,0
0,6,36185,0,0
1,4,36186,0,0
2,1,36187,0,0
3,2,36188,0,0
4,4,36189,0,0
5,1,36190,0,0
6,4,36191,0,0
7,5,36192,0,0
0,5,36193,0,0
1,4,36194,0,0
2,1,36195,0,0
3,7,36196,0,0
4,4,36197,0,0
5,7,36198,0,0
6,4,36199,0,0
7,3,36200,0,0
0,8,36201,0,0
1,4,36202,0,0
2,1,36203,0,0
3,1,36204,0,0
4,0,36205,0,0
5,8,36206,0,0
6,3,36207,0,0
7,4,36208,0,0
0,8,36209,0,0
1,4,36210,0,0
2,1,36211,0,0
3,3,36212,0,0
4,0,36213,0,0
5,1,36214,0,0
6,5,36215,0,0
7,6,36216,0,0
0,5,36217,0,0
1,5,36218,0,0
2,1,36219,0,0
3,3,36220,0,0
4,0,36221,0,0
5,7,36222,0,0
6,4,36223,0,0
7,6,36224,0,0
0,5,36225,0,0
1,4,36226,0,0
2,7,36227,0,0
3,3,36228,0,0
4,2,36229,0,0
5,1,36230,0,0
6,5,36231,0,0
7,5,36232,0,0
0,6,36233,0,0
1,4,36234,0,0
2,1,36235,0,0
3,3,36236,0,0
4,4,36237,0,0
5,1,36238,0,0
6,4,36239,0,0
7,5,36240,0,0
0,5,36241,0,0
1,4,36242,0,0
2,8,36243,0,0
3,3,36244,0,0
4,1,36245,0,0
5,8,36246,0,0
6,4,36247,0,0
7,5,36248,0,0
0,6,36249,0,0
1,4,36250,0,0
2,4,36251,0,0
3,3,36252,0,0
4,0,36253,0,0
5,1,36254,0,0
6,4,36255,0,0
7,5,36256,0,0
0,6,36257,0,0
1,4,36258,0,0
2,4,36259,0,0
3,3,36260,0,0
4,4,36261,0,0
5,1,36262,0,0
6,4,36263,0,0
7,5,36264,0,0
0,6,36265,0,0
1,4,36266,0,0
2,7,36267,0,0
3,3,36268,0,0
4,4,36269,0,0
5,5,36270,0,0
6,4,36271,0,0
7,5,36272,0,0
0,5,36273,0,0
1,4,36274,0,0
2,8,36275,0,0
3,3,36276,0,0
4,4,36277,0,0
5,5,36278,0,0
6,4,36279,0,0
7,5,36280,0,0
0,6,36281,0,0
1,4,36282,0,0
2,7,36283,0,0
3,3,36284,0,0
4,4,36285,0,0
5,5,36286,0,0
6,0,36287,0,0
7,1,36288,0,0
0,6,36289,0,0
1,4,36290,0,0
2,7,36291,0,0
3,3,36292,0,0
4,4,36293,0,0
5,4,36294,0,0
6,1,36295,0,0
7,1,36296,0,0
0,5,36297,0,0
1,4,36298,0,0
2,4,36299,0,0
3,3,36300,0,0
4,4,36301,0,0
5,5,36302,0,0
6,1,36303,0,0
7,1,36304,0,0
0,8,36305,0,0
1,5,36306,0,0
2,6,36307,0,0
3,3,36308,0,0
4,4,36309,0,0
5,5,36310,0,0
6,8,36311,0,0
7,1,36312,0,0
0,8,36313,0,0
1,5,36314,0,0
2,5,36315,0,0
3,3,36316,0,0
4,4,36317,0,0
5,4,36318,0,0
6,8,36319,0,0
7,1,36320,0,0
0,5,36321,0,0
1,5,36322,0,0
2,6,36323,0,0
3,3,36324,0,0
4,4,36325,0,0
5,5,36326,0,0
6,8,36327,0,0
7,1,36328,0,0
0,6,36329,0,0
1,7,36330,0,0
2,5,36331,0,0
3,3,36332,0,0
4,4,36333,0,0
5,5,36334,0,0
6,4,36335,0,0
7,1,36336,0,0
0,6,36337,0,0
1,4,36338,0,0
2,6,36339,0,0
3,3,36340,0,0
4,4,36341,0,0
5,5,36342,0,0
6,4,36343,0,0
7,1,36344,0,0
0,6,36345,0,0
1,4,36346,0,0
2,6,36347,0,0
3,3,36348,0,0
4,4,36349,0,0
5,4,36350,0,0
6,4,36351,0,0
7,4,36352,0,0
0,6,36353,0,0
1,4,36354,0,0
2,6,36355,0,0
3,3,36356,0,0
4,4,36357,0,0
5,1,36358,0,0
6,4,36359,0,0
7,4,36360,0,0
0,6,36361,0,0
1,4,36362,0,0
2,6,36363,0,0
3,3,36364,0,0
4,4,36365,0,0
5,8,36366,0,0
6,4,36367,0,0
7,7,36368,0,0
0,6,36369,0,0
1,5,36370,0,0
2,6,36371,0,0
3,1,36372,0,0
4,4,36373,0,0
5,8,36374,0,0
6,3,36375,0,0
7,7,36376,0,0
0,6,36377,0,0
1,4,36378,0,0
2,5,36379,0,0
3,7,36380,0,0
4,4,36381,0,0
5,7,36382,0,0
6,5,36383,0,0
7,7,36384,0,0
0,6,36385,0,0
1,4,36386,0,0
2,4,36387,0,0
3,7,36388,0,0
4,4,36389,0,0
5,7,36390,0,0
6,3,36391,0,0
7,7,36392,0,0
0,6,36393,0,0
1,4,36394,0,0
2,4,36395,0,0
3,7,36396,0,0
4,4,36397,0,0
5,4,36398,0,0
6,6,36399,0,0
7,7,36400,0,0
0,6,36401,0,0
1,4,36402,0,0
2,4,36403,0,0
3,7,36404,0,0
4,4,36405,0,0
5,4,36406,0,0
6,4,36407,0,0
7,7,36408,0,0
0,4,36409,0,0
1,6,36410,0,0
2,4,36411,0,0
3,7,36412,0,0
4,4,36413,0,0
5,4,36414,0,0
6,4,36415,0,0
7,7,36416,0,0
0,4,36417,0,0
1,4,36418,0,0
2,4,36419,0,0
3,7,36420,0,0
4,4,36421,0,0
5,4,36422,0,0
6,4,36423,0,0
7,7,36424,0,0
0,6,36425,0,0
1,6,36426,0,0
2,4,36427,0,0
3,8,36428,0,0
4,4,36429,0,0
5,4,36430,0,0
6,4,36431,0,0
7,4,36432,0,0
0,6,36433,0,0
1,4,36434,0,0
2,4,36435,0,0
3,7,36436,0,0
4,4,36437,0,0
5,4,36438,0,0
6,4,36439,0,0
7,4,36440,0,0
0,4,36441,0,0
1,4,36442,0,0
2,4,36443,0,0
3,7,36444,0,0
4,4,36445,0,0
5,4,36446,0,0
6,4,36447,0,0
7,7,36448,0,0
0,6,36449,0,0
1,4,36450,0,0
2,4,36451,0,0
3,6,36452,0,0
4,4,36453,0,0
5,4,36454,0,0
6,4,36455,0,0
7,0,36456,0,0
0,6,36457,0,0
1,4,36458,0,0
2,4,36459,0,0
3,6,36460,0,0
4,4,36461,0,0
5,8,36462,0,0
6,3,36463,0,0
7,0,36464,0,0
0,6,36465,0,0
1,4,36466,0,0
2,5,36467,0,0
3,6,36468,0,0
4,4,36469,0,0
5,8,36470,0,0
6,3,36471,0,0
7,5,36472,0,0
0,6,36473,0,0
1,4,36474,0,0
2,5,36475,0,0
3,5,36476,0,0
4,4,36477,0,0
5,4,36478,0,0
6,4,36479,0,0
7,6,36480,0,0
0,6,36481,0,0
1,4,36482,0,0
2,5,36483,0,0
3,8,36484,0,0
4,4,36485,0,0
5,4,36486,0,0
6,4,36487,0,0
7,4,36488,0,0
0,4,36489,0,0
1,4,36490,0,0
2,6,36491,0,0
3,1,36492,0,0
4,4,36493,0,0
5,4,36494,0,0
6,4,36495,0,0
7,4,36496,0,0
0,4,36497,0,0
1,4,36498,0,0
2,6,36499,0,0
3,3,36500,0,0
4,4,36501,0,0
5,4,36502,0,0
6,4,36503,0,0
7,4,36504,0,0
0,5,36505,0,0
1,4,36506,0,0
2,6,36507,0,0
3,3,36508,0,0
4,7,36509,0,0
5,4,36510,0,0
6,4,36511,0,0
7,5,36512,0,0
0,5,36513,0,0
1,4,36514,0,0
2,6,36515,0,0
3,3,36516,0,0
4,7,36517,0,0
5,4,36518,0,0
6,4,36519,0,0
7,3,36520,0,0
0,5,36521,0,0
1,4,36522,0,0
2,6,36523,0,0
3,3,36524,0,0
4,6,36525,0,0
5,5,36526,0,0
6,4,36527,0,0
7,3,36528,0,0
0,5,36529,0,0
1,4,36530,0,0
2,7,36531,0,0
3,3,36532,0,0
4,1,36533,0,0
5,5,36534,0,0
6,4,36535,0,0
7,4,36536,0,0
0,5,36537,0,0
1,3,36538,0,0
2,7,36539,0,0
3,3,36540,0,0
4,1,36541,0,0
5,5,36542,0,0
6,5,36543,0,0
7,2,36544,0,0
0,5,36545,0,0
1,4,36546,0,0
2,7,36547,0,0
3,2,36548,0,0
4,1,36549,0,0
5,4,36550,0,0
6,5,36551,0,0
7,6,36552,0,0
0,5,36553,0,0
1,6,36554,0,0
2,8,36555,0,0
3,0,36556,0,0
4,1,36557,0,0
5,4,36558,0,0
6,3,36559,0,0
7,2,36560,0,0
0,5,36561,0,0
1,6,36562,0,0
2,8,36563,0,0
3,0,36564,0,0
4,7,36565,0,0
5,4,36566,0,0
6,6,36567,0,0
7,6,36568,0,0
0,5,36569,0,0
1,4,36570,0,0
2,8,36571,0,0
3,0,36572,0,0
4,7,36573,0,0
5,4,36574,0,0
6,3,36575,0,0
7,7,36576,0,0
0,5,36577,0,0
1,4,36578,0,0
2,8,36579,0,0
3,0,36580,0,0
4,7,36581,0,0
5,8,36582,0,0
6,3,36583,0,0
7,7,36584,0,0
0,5,36585,0,0
1,6,36586,0,0
2,8,36587,0,0
3,0,36588,0,0
4,7,36589,0,0
5,1,36590,0,0
6,4,36591,0,0
7,7,36592,0,0
0,5,36593,0,0
1,7,36594,0,0
2,8,36595,0,0
3,5,36596,0,0
4,7,36597,0,0
5,7,36598,0,0
6,4,36599,0,0
7,7,36600,0,0
0,7,36601,0,0
1,4,36602,0,0
2,8,36603,0,0
3,5,36604,0,0
4,7,36605,0,0
5,7,36606,0,0
6,4,36607,0,0
7,7,36608,0,0
0,7,36609,0,0
1,4,36610,0,0
2,8,36611,0,0
3,7,36612,0,0
4,7,36613,0,0
5,7,36614,0,0
6,4,36615,0,0
7,7,36616,0,0
0,7,36617,0,0
1,4,36618,0,0
2,8,36619,0,0
3,7,36620,0,0
4,7,36621,0,0
5,7,36622,0,0
6,4,36623,0,0
7,7,36624,0,0
0,7,36625,0,0
1,7,36626,0,0
2,8,36627,0,0
3,7,36628,0,0
4,7,36629,0,0
5,7,36630,0,0
6,8,36631,0,0
7,7,36632,0,0
0,7,36633,0,0
1,7,36634,0,0
2,8,36635,0,0
3,5,36636,0,0
4,7,36637,0,0
5,7,36638,0,0
6,4,36639,0,0
7,7,36640,0,0
0,6,36641,0,0
1,7,36642,0,0
2,8,36643,0,0
3,5,36644,0,0
4,7,36645,0,0
5,7,36646,0,0
6,4,36647,0,0
7,7,36648,0,0
0,5,36649,0,0
1,7,36650,0,0
2,8,36651,0,0
3,5,36652,0,0
4,8,36653,0,0
5,7,36654,0,0
6,4,36655,0,0
7,6,36656,0,0
0,5,36657,0,0
1,5,36658,0,0
2,8,36659,0,0
3,5,36660,0,0
4,7,36661,0,0
5,7,36662,0,0
6,5,36663,0,0
7,7,36664,0,0
0,5,36665,0,0
1,5,36666,0,0
2,8,36667,0,0
3,7,36668,0,0
4,7,36669,0,0
5,7,36670,0,0
6,4,36671,0,0
7,7,36672,0,0
0,6,36673,0,0
1,7,36674,0,0
2,8,36675,0,0
3,7,36676,0,0
4,8,36677,0,0
5,7,36678,0,0
6,8,36679,0,0
7,7,36680,0,0
0,5,36681,0,0
1,7,36682,0,0
2,8,36683,0,0
3,7,36684,0,0
4,8,36685,0,0
5,7,36686,0,0
6,8,36687,0,0
7,7,36688,0,0
0,7,36689,0,0
1,7,36690,0,0
2,8,36691,0,0
3,6,36692,0,0
4,8,36693,0,0
5,7,36694,0,0
6,8,36695,0,0
7,7,36696,0,0
0,8,36697,0,0
1,7,36698,0,0
2,8,36699,0,0
3,1,36700,0,0
4,8,36701,0,0
5,5,36702,0,0
6,8,36703,0,0
7,5,36704,0,0
0,7,36705,0,0
1,6,36706,0,0
2,7,36707,0,0
3,1,36708,0,0
4,8,36709,0,0
5,5,36710,0,0
6,1,36711,0,0
7,6,36712,0,0
0,6,36713,0,0
1,7,36714,0,0
2,6,36715,0,0
3,6,36716,0,0
4,8,36717,0,0
5,5,36718,0,0
6,4,36719,0,0
7,7,36720,0,0
0,6,36721,0,0
1,4,36722,0,0
2,6,36723,0,0
3,5,36724,0,0
4,8,36725,0,0
5,5,36726,0,0
6,4,36727,0,0
7,7,36728,0,0
0,6,36729,0,0
1,4,36730,0,0
2,6,36731,0,0
3,5,36732,0,0
4,7,36733,0,0
5,5,36734,0,0
6,4,36735,0,0
7,6,36736,0,0
0,6,36737,0,0
1,4,36738,0,0
2,5,36739,0,0
3,6,36740,0,0
4,8,36741,0,0
5,4,36742,0,0
6,4,36743,0,0
7,6,36744,0,0
0,6,36745,0,0
1,4,36746,0,0
2,5,36747,0,0
3,6,36748,0,0
4,7,36749,0,0
5,4,36750,0,0
6,4,36751,0,0
7,6,36752,0,0
0,6,36753,0,0
1,4,36754,0,0
2,5,36755,0,0
3,6,36756,0,0
4,7,36757,0,0
5,5,36758,0,0
6,4,36759,0,0
7,6,36760,0,0
0,6,36761,0,0
1,4,36762,0,0
2,5,36763,0,0
3,5,36764,0,0
4,7,36765,0,0
5,5,36766,0,0
6,0,36767,0,0
7,5,36768,0,0
0,6,36769,0,0
1,4,36770,0,0
2,5,36771,0,0
3,6,36772,0,0
4,7,36773,0,0
5,8,36774,0,0
6,0,36775,0,0
7,5,36776,0,0
0,6,36777,0,0
1,4,36778,0,0
2,5,36779,0,0
3,5,36780,0,0
4,7,36781,0,0
5,7,36782,0,0
6,3,36783,0,0
7,5,36784,0,0
0,6,36785,0,0
1,4,36786,0,0
2,7,36787,0,0
3,1,36788,0,0
4,7,36789,0,0
5,7,36790,0,0
6,5,36791,0,0
7,5,36792,0,0
0,5,36793,0,0
1,4,36794,0,0
2,7,36795,0,0
3,5,36796,0,0
4,6,36797,0,0
5,7,36798,0,0
6,8,36799,0,0
7,5,36800,0,0
0,6,36801,0,0
1,6,36802,0,0
2,6,36803,0,0
3,6,36804,0,0
4,6,36805,0,0
5,7,36806,0,0
6,8,36807,0,0
7,5,36808,0,0
0,6,36809,0,0
1,6,36810,0,0
2,7,36811,0,0
3,6,36812,0,0
4,7,36813,0,0
5,7,36814,0,0
6,0,36815,0,0
7,5,36816,0,0
0,6,36817,0,0
1,1,36818,0,0
2,8,36819,0,0
3,5,36820,0,0
4,1,36821,0,0
5,7,36822,0,0
6,0,36823,0,0
7,6,36824,0,0
0,6,36825,0,0
1,7,36826,0,0
2,8,36827,0,0
3,1,36828,0,0
4,1,36829,0,0
5,7,36830,0,0
6,0,36831,0,0
7,6,36832,0,0
0,6,36833,0,0
1,7,36834,0,0
2,8,36835,0,0
3,3,36836,0,0
4,1,36837,0,0
5,4,36838,0,0
6,0,36839,0,0
7,6,36840,0,0
0,6,36841,0,0
1,7,36842,0,0
2,7,36843,0,0
3,3,36844,0,0
4,4,36845,0,0
5,4,36846,0,0
6,0,36847,0,0
7,5,36848,0,0
0,6,36849,0,0
1,6,36850,0,0
2,7,36851,0,0
3,3,36852,0,0
4,4,36853,0,0
5,8,36854,0,0
6,0,36855,0,0
7,5,36856,0,0
0,6,36857,0,0
1,6,36858,0,0
2,7,36859,0,0
3,3,36860,0,0
4,4,36861,0,0
5,8,36862,0,0
6,8,36863,0,0
7,5,36864,0,0
0,6,36865,0,0
1,6,36866,0,0
2,6,36867,0,0
3,3,36868,0,0
4,4,36869,0,0
5,1,36870,0,0
6,1,36871,0,0
7,5,36872,0,0
0,6,36873,0,0
1,6,36874,0,0
2,6,36875,0,0
3,3,36876,0,0
4,4,36877,0,0
5,2,36878,0,0
6,0,36879,0,0
7,5,36880,0,0
0,6,36881,0,0
1,5,36882,0,0
2,6,36883,0,0
3,1,36884,0,0
4,4,36885,0,0
5,2,36886,0,0
6,0,36887,0,0
7,5,36888,0,0
0,6,36889,0,0
1,6,36890,0,0
2,6,36891,0,0
3,8,36892,0,0
4,0,36893,0,0
5,2,36894,0,0
6,0,36895,0,0
7,6,36896,0,0
0,6,36897,0,0
1,6,36898,0,0
2,6,36899,0,0
3,7,36900,0,0
4,0,36901,0,0
5,8,36902,0,0
6,5,36903,0,0
7,6,36904,0,0
0,6,36905,0,0
1,6,36906,0,0
2,6,36907,0,0
3,7,36908,0,0
4,0,36909,0,0
5,8,36910,0,0
6,6,36911,0,0
7,6,36912,0,0
0,6,36913,0,0
1,6,36914,0,0
2,6,36915,0,0
3,7,36916,0,0
4,0,36917,0,0
5,7,36918,0,0
6,3,36919,0,0
7,6,36920,0,0
0,6,36921,0,0
1,6,36922,0,0
2,6,36923,0,0
3,7,36924,0,0
4,1,36925,0,0
5,8,36926,0,0
6,3,36927,0,0
7,6,36928,0,0
0,6,36929,0,0
1,6,36930,0,0
2,6,36931,0,0
3,7,36932,0,0
4,0,36933,0,0
5,8,36934,0,0
6,5,36935,0,0
7,6,36936,0,0
0,6,36937,0,0
1,5,36938,0,0
2,6,36939,0,0
3,7,36940,0,0
4,1,36941,0,0
5,8,36942,0,0
6,5,36943,0,0
7,6,36944,0,0
0,6,36945,0,0
1,4,36946,0,0
2,6,36947,0,0
3,7,36948,0,0
4,0,36949,0,0
5,8,36950,0,0
6,5,36951,0,0
7,6,36952,0,0
0,6,36953,0,0
1,6,36954,0,0
2,6,36955,0,0
3,5,36956,0,0
4,7,36957,0,0
5,7,36958,0,0
6,5,36959,0,0
7,6,36960,0,0
0,6,36961,0,0
1,5,36962,0,0
2,6,36963,0,0
3,7,36964,0,0
4,7,36965,0,0
5,2,36966,0,0
6,5,36967,0,0
7,6,36968,0,0
0,6,36969,0,0
1,6,36970,0,0
2,6,36971,0,0
3,6,36972,0,0
4,6,36973,0,0
5,2,36974,0,0
6,5,36975,0,0
7,6,36976,0,0
0,6,36977,0,0
1,5,36978,0,0
2,6,36979,0,0
3,5,36980,0,0
4,1,36981,0,0
5,5,36982,0,0
6,5,36983,0,0
7,6,36984,0,0
0,5,36985,0,0
1,5,36986,0,0
2,5,36987,0,0
3,5,36988,0,0
4,0,36989,0,0
5,8,36990,0,0
6,5,36991,0,0
7,6,36992,0,0
0,5,36993,0,0
1,6,36994,0,0
2,8,36995,0,0
3,7,36996,0,0
4,4,36997,0,0
5,5,36998,0,0
6,3,36999,0,0
7,5,37000,0,0
0,6,37001,0,0
1,7,37002,0,0
2,8,37003,0,0
3,7,37004,0,0
4,4,37005,0,0
5,8,37006,0,0
6,3,37007,0,0
7,5,37008,0,0
0,6,37009,0,0
1,7,37010,0,0
2,8,37011,0,0
3,5,37012,0,0
4,4,37013,0,0
5,2,37014,0,0
6,4,37015,0,0
7,7,37016,0,0
0,6,37017,0,0
1,6,37018,0,0
2,6,37019,0,0
3,6,37020,0,0
4,4,37021,0,0
5,1,37022,0,0
6,5,37023,0,0
7,2,37024,0,0
0,6,37025,0,0
1,6,37026,0,0
2,6,37027,0,0
3,7,37028,0,0
4,4,37029,0,0
5,1,37030,0,0
6,2,37031,0,0
7,5,37032,0,0
0,6,37033,0,0
1,6,37034,0,0
2,6,37035,0,0
3,6,37036,0,0
4,4,37037,0,0
5,7,37038,0,0
6,2,37039,0,0
7,4,37040,0,0
0,6,37041,0,0
1,5,37042,0,0
2,6,37043,0,0
3,6,37044,0,0
4,4,37045,0,0
5,4,37046,0,0
6,6,37047,0,0
7,5,37048,0,0
0,6,37049,0,0
1,6,37050,0,0
2,6,37051,0,0
3,5,37052,0,0
4,4,37053,0,0
5,7,37054,0,0
6,8,37055,0,0
7,3,37056,0,0
0,6,37057,0,0
1,6,37058,0,0
2,6,37059,0,0
3,5,37060,0,0
4,4,37061,0,0
5,7,37062,0,0
6,8,37063,0,0
7,3,37064,0,0
0,6,37065,0,0
1,6,37066,0,0
2,6,37067,0,0
3,5,37068,0,0
4,4,37069,0,0
5,7,37070,0,0
6,8,37071,0,0
7,3,37072,0,0
0,6,37073,0,0
1,5,37074,0,0
2,6,37075,0,0
3,7,37076,0,0
4,4,37077,0,0
5,7,37078,0,0
6,8,37079,0,0
7,3,37080,0,0
0,5,37081,0,0
1,7,37082,0,0
2,6,37083,0,0
3,7,37084,0,0
4,4,37085,0,0
5,7,37086,0,0
6,8,37087,0,0
7,3,37088,0,0
0,6,37089,0,0
1,4,37090,0,0
2,6,37091,0,0
3,5,37092,0,0
4,4,37093,0,0
5,7,37094,0,0
6,1,37095,0,0
7,3,37096,0,0
0,6,37097,0,0
1,4,37098,0,0
2,6,37099,0,0
3,5,37100,0,0
4,4,37101,0,0
5,7,37102,0,0
6,8,37103,0,0
7,1,37104,0,0
0,6,37105,0,0
1,4,37106,0,0
2,6,37107,0,0
3,5,37108,0,0
4,4,37109,0,0
5,7,37110,0,0
6,8,37111,0,0
7,3,37112,0,0
0,6,37113,0,0
1,4,37114,0,0
2,6,37115,0,0
3,5,37116,0,0
4,4,37117,0,0
5,5,37118,0,0
6,8,37119,0,0
7,3,37120,0,0
0,6,37121,0,0
1,6,37122,0,0
2,7,37123,0,0
3,5,37124,0,0
4,4,37125,0,0
5,5,37126,0,0
6,8,37127,0,0
7,5,37128,0,0
0,6,37129,0,0
1,6,37130,0,0
2,1,37131,0,0
3,8,37132,0,0
4,4,37133,0,0
5,7,37134,0,0
6,8,37135,0,0
7,5,37136,0,0
0,6,37137,0,0
1,1,37138,0,0
2,6,37139,0,0
3,5,37140,0,0
4,4,37141,0,0
5,7,37142,0,0
6,8,37143,0,0
7,7,37144,0,0
0,6,37145,0,0
1,7,37146,0,0
2,6,37147,0,0
3,1,37148,0,0
4,4,37149,0,0
5,7,37150,0,0
6,8,37151,0,0
7,7,37152,0,0
0,6,37153,0,0
1,7,37154,0,0
2,6,37155,0,0
3,1,37156,0,0
4,2,37157,0,0
5,7,37158,0,0
6,2,37159,0,0
7,7,37160,0,0
0,5,37161,0,0
1,7,37162,0,0
2,5,37163,0,0
3,3,37164,0,0
4,2,37165,0,0
5,7,37166,0,0
6,5,37167,0,0
7,0,37168,0,0
0,6,37169,0,0
1,7,37170,0,0
2,6,37171,0,0
3,3,37172,0,0
4,2,37173,0,0
5,7,37174,0,0
6,2,37175,0,0
7,7,37176,0,0
0,6,37177,0,0
1,7,37178,0,0
2,7,37179,0,0
3,3,37180,0,0
4,2,37181,0,0
5,7,37182,0,0
6,6,37183,0,0
7,7,37184,0,0
0,5,37185,0,0
1,4,37186,0,0
2,6,37187,0,0
3,3,37188,0,0
4,2,37189,0,0
5,7,37190,0,0
6,3,37191,0,0
7,7,37192,0,0
0,6,37193,0,0
1,7,37194,0,0
2,8,37195,0,0
3,0,37196,0,0
4,4,37197,0,0
5,7,37198,0,0
6,4,37199,0,0
7,5,37200,0,0
0,6,37201,0,0
1,4,37202,0,0
2,1,37203,0,0
3,1,37204,0,0
4,4,37205,0,0
5,7,37206,0,0
6,3,37207,0,0
7,4,37208,0,0
0,6,37209,0,0
1,4,37210,0,0
2,1,37211,0,0
3,3,37212,0,0
4,2,37213,0,0
5,5,37214,0,0
6,5,37215,0,0
7,7,37216,0,0
0,6,37217,0,0
1,4,37218,0,0
2,8,37219,0,0
3,3,37220,0,0
4,2,37221,0,0
5,7,37222,0,0
6,4,37223,0,0
7,4,37224,0,0
0,4,37225,0,0
1,4,37226,0,0
2,4,37227,0,0
3,3,37228,0,0
4,4,37229,0,0
5,7,37230,0,0
6,4,37231,0,0
7,4,37232,0,0
0,4,37233,0,0
1,4,37234,0,0
2,6,37235,0,0
3,3,37236,0,0
4,4,37237,0,0
5,7,37238,0,0
6,4,37239,0,0
7,4,37240,0,0
0,6,37241,0,0
1,6,37242,0,0
2,6,37243,0,0
3,0,37244,0,0
4,7,37245,0,0
5,4,37246,0,0
6,3,37247,0,0
7,7,37248,0,0
0,6,37249,0,0
1,7,37250,0,0
2,6,37251,0,0
3,7,37252,0,0
4,4,37253,0,0
5,4,37254,0,0
6,4,37255,0,0
7,7,37256,0,0
0,6,37257,0,0
1,1,37258,0,0
2,6,37259,0,0
3,7,37260,0,0
4,4,37261,0,0
5,3,37262,0,0
6,3,37263,0,0
7,7,37264,0,0
0,6,37265,0,0
1,5,37266,0,0
2,6,37267,0,0
3,7,37268,0,0
4,4,37269,0,0
5,7,37270,0,0
6,3,37271,0,0
7,6,37272,0,0
0,6,37273,0,0
1,5,37274,0,0
2,5,37275,0,0
3,0,37276,0,0
4,4,37277,0,0
5,7,37278,0,0
6,5,37279,0,0
7,0,37280,0,0
0,6,37281,0,0
1,7,37282,0,0
2,5,37283,0,0
3,5,37284,0,0
4,4,37285,0,0
5,7,37286,0,0
6,4,37287,0,0
7,0,37288,0,0
0,6,37289,0,0
1,7,37290,0,0
2,8,37291,0,0
3,5,37292,0,0
4,4,37293,0,0
5,7,37294,0,0
6,5,37295,0,0
7,0,37296,0,0
0,6,37297,0,0
1,7,37298,0,0
2,8,37299,0,0
3,5,37300,0,0
4,4,37301,0,0
5,7,37302,0,0
6,5,37303,0,0
7,0,37304,0,0
0,6,37305,0,0
1,7,37306,0,0
2,1,37307,0,0
3,5,37308,0,0
4,4,37309,0,0
5,7,37310,0,0
6,5,37311,0,0
7,0,37312,0,0
0,6,37313,0,0
1,4,37314,0,0
2,8,37315,0,0
3,5,37316,0,0
4,7,37317,0,0
5,7,37318,0,0
6,0,37319,0,0
7,1,37320,0,0
0,6,37321,0,0
1,4,37322,0,0
2,8,37323,0,0
3,7,37324,0,0
4,6,37325,0,0
5,7,37326,0,0
6,0,37327,0,0
7,1,37328,0,0
0,6,37329,0,0
1,4,37330,0,0
2,8,37331,0,0
3,7,37332,0,0
4,8,37333,0,0
5,7,37334,0,0
6,0,37335,0,0
7,2,37336,0,0
0,6,37337,0,0
1,4,37338,0,0
2,8,37339,0,0
3,7,37340,0,0
4,7,37341,0,0
5,7,37342,0,0
6,3,37343,0,0
7,1,37344,0,0
0,6,37345,0,0
1,3,37346,0,0
2,1,37347,0,0
3,5,37348,0,0
4,6,37349,0,0
5,7,37350,0,0
6,3,37351,0,0
7,1,37352,0,0
0,6,37353,0,0
1,4,37354,0,0
2,6,37355,0,0
3,7,37356,0,0
4,6,37357,0,0
5,7,37358,0,0
6,0,37359,0,0
7,1,37360,0,0
0,6,37361,0,0
1,4,37362,0,0
2,6,37363,0,0
3,5,37364,0,0
4,6,37365,0,0
5,7,37366,0,0
6,0,37367,0,0
7,1,37368,0,0
0,6,37369,0,0
1,4,37370,0,0
2,7,37371,0,0
3,7,37372,0,0
4,7,37373,0,0
5,7,37374,0,0
6,3,37375,0,0
7,1,37376,0,0
0,6,37377,0,0
1,3,37378,0,0
2,7,37379,0,0
3,7,37380,0,0
4,7,37381,0,0
5,7,37382,0,0
6,0,37383,0,0
7,1,37384,0,0
0,6,37385,0,0
1,7,37386,0,0
2,7,37387,0,0
3,7,37388,0,0
4,7,37389,0,0
5,7,37390,0,0
6,0,37391,0,0
7,1,37392,0,0
0,6,37393,0,0
1,7,37394,0,0
2,5,37395,0,0
3,7,37396,0,0
4,7,37397,0,0
5,7,37398,0,0
6,0,37399,0,0
7,1,37400,0,0
0,6,37401,0,0
1,7,37402,0,0
2,5,37403,0,0
3,7,37404,0,0
4,7,37405,0,0
5,7,37406,0,0
6,0,37407,0,0
7,1,37408,0,0
0,6,37409,0,0
1,5,37410,0,0
2,4,37411,0,0
3,7,37412,0,0
4,7,37413,0,0
5,7,37414,0,0
6,0,37415,0,0
7,1,37416,0,0
0,6,37417,0,0
1,5,37418,0,0
2,4,37419,0,0
3,7,37420,0,0
4,7,37421,0,0
5,7,37422,0,0
6,0,37423,0,0
7,7,37424,0,0
0,6,37425,0,0
1,3,37426,0,0
2,4,37427,0,0
3,7,37428,0,0
4,7,37429,0,0
5,7,37430,0,0
6,0,37431,0,0
7,0,37432,0,0
0,6,37433,0,0
1,7,37434,0,0
2,7,37435,0,0
3,7,37436,0,0
4,7,37437,0,0
5,7,37438,0,0
6,0,37439,0,0
7,7,37440,0,0
0,6,37441,0,0
1,6,37442,0,0
2,7,37443,0,0
3,7,37444,0,0
4,1,37445,0,0
5,7,37446,0,0
6,0,37447,0,0
7,0,37448,0,0
0,6,37449,0,0
1,6,37450,0,0
2,4,37451,0,0
3,1,37452,0,0
4,1,37453,0,0
5,7,37454,0,0
6,0,37455,0,0
7,0,37456,0,0
0,6,37457,0,0
1,6,37458,0,0
2,5,37459,0,0
3,1,37460,0,0
4,7,37461,0,0
5,7,37462,0,0
6,1,37463,0,0
7,7,37464,0,0
0,8,37465,0,0
1,7,37466,0,0
2,4,37467,0,0
3,1,37468,0,0
4,7,37469,0,0
5,7,37470,0,0
6,1,37471,0,0
7,7,37472,0,0
0,6,37473,0,0
1,5,37474,0,0
2,4,37475,0,0
3,7,37476,0,0
4,1,37477,0,0
5,7,37478,0,0
6,8,37479,0,0
7,7,37480,0,0
0,6,37481,0,0
1,5,37482,0,0
2,5,37483,0,0
3,7,37484,0,0
4,1,37485,0,0
5,7,37486,0,0
6,8,37487,0,0
7,7,37488,0,0
0,5,37489,0,0
1,5,37490,0,0
2,5,37491,0,0
3,0,37492,0,0
4,0,37493,0,0
5,7,37494,0,0
6,8,37495,0,0
7,7,37496,0,0
0,5,37497,0,0
1,5,37498,0,0
2,5,37499,0,0
3,0,37500,0,0
4,0,37501,0,0
5,1,37502,0,0
6,8,37503,0,0
7,7,37504,0,0
0,7,37505,0,0
1,5,37506,0,0
2,4,37507,0,0
3,1,37508,0,0
4,0,37509,0,0
5,1,37510,0,0
6,8,37511,0,0
7,7,37512,0,0
0,7,37513,0,0
1,5,37514,0,0
2,5,37515,0,0
3,7,37516,0,0
4,0,37517,0,0
5,1,37518,0,0
6,8,37519,0,0
7,7,37520,0,0
0,5,37521,0,0
1,6,37522,0,0
2,5,37523,0,0
3,5,37524,0,0
4,0,37525,0,0
5,1,37526,0,0
6,0,37527,0,0
7,0,37528,0,0
0,5,37529,0,0
1,6,37530,0,0
2,5,37531,0,0
3,5,37532,0,0
4,4,37533,0,0
5,1,37534,0,0
6,8,37535,0,0
7,3,37536,0,0
0,5,37537,0,0
1,6,37538,0,0
2,5,37539,0,0
3,0,37540,0,0
4,4,37541,0,0
5,1,37542,0,0
6,8,37543,0,0
7,7,37544,0,0
0,5,37545,0,0
1,7,37546,0,0
2,5,37547,0,0
3,0,37548,0,0
4,4,37549,0,0
5,1,37550,0,0
6,8,37551,0,0
7,7,37552,0,0
0,5,37553,0,0
1,1,37554,0,0
2,5,37555,0,0
3,0,37556,0,0
4,4,37557,0,0
5,1,37558,0,0
6,5,37559,0,0
7,5,37560,0,0
0,5,37561,0,0
1,7,37562,0,0
2,6,37563,0,0
3,0,37564,0,0
4,4,37565,0,0
5,4,37566,0,0
6,3,37567,0,0
7,5,37568,0,0
0,5,37569,0,0
1,1,37570,0,0
2,6,37571,0,0
3,0,37572,0,0
4,4,37573,0,0
5,4,37574,0,0
6,3,37575,0,0
7,7,37576,0,0
0,5,37577,0,0
1,7,37578,0,0
2,6,37579,0,0
3,0,37580,0,0
4,4,37581,0,0
5,4,37582,0,0
6,8,37583,0,0
7,7,37584,0,0
0,5,37585,0,0
1,5,37586,0,0
2,6,37587,0,0
3,0,37588,0,0
4,4,37589,0,0
5,3,37590,0,0
6,3,37591,0,0
7,7,37592,0,0
0,5,37593,0,0
1,7,37594,0,0
2,6,37595,0,0
3,0,37596,0,0
4,3,37597,0,0
5,3,37598,0,0
6,2,37599,0,0
7,7,37600,0,0
0,3,37601,0,0
1,5,37602,0,0
2,6,37603,0,0
3,0,37604,0,0
4,3,37605,0,0
5,3,37606,0,0
6,4,37607,0,0
7,7,37608,0,0
0,4,37609,0,0
1,5,37610,0,0
2,7,37611,0,0
3,0,37612,0,0
4,3,37613,0,0
5,3,37614,0,0
6,4,37615,0,0
7,0,37616,0,0
0,5,37617,0,0
1,5,37618,0,0
2,7,37619,0,0
3,0,37620,0,0
4,2,37621,0,0
5,3,37622,0,0
6,3,37623,0,0
7,0,37624,0,0
0,6,37625,0,0
1,1,37626,0,0
2,7,37627,0,0
3,0,37628,0,0
4,4,37629,0,0
5,3,37630,0,0
6,3,37631,0,0
7,7,37632,0,0
0,4,37633,0,0
1,7,37634,0,0
2,8,37635,0,0
3,0,37636,0,0
4,4,37637,0,0
5,3,37638,0,0
6,3,37639,0,0
7,1,37640,0,0
0,4,37641,0,0
1,5,37642,0,0
2,8,37643,0,0
3,0,37644,0,0
4,2,37645,0,0
5,4,37646,0,0
6,3,37647,0,0
7,0,37648,0,0
0,6,37649,0,0
1,5,37650,0,0
2,1,37651,0,0
3,0,37652,0,0
4,4,37653,0,0
5,1,37654,0,0
6,2,37655,0,0
7,0,37656,0,0
0,5,37657,0,0
1,5,37658,0,0
2,6,37659,0,0
3,0,37660,0,0
4,4,37661,0,0
5,1,37662,0,0
6,1,37663,0,0
7,0,37664,0,0
0,6,37665,0,0
1,5,37666,0,0
2,6,37667,0,0
3,0,37668,0,0
4,4,37669,0,0
5,1,37670,0,0
6,3,37671,0,0
7,0,37672,0,0
0,4,37673,0,0
1,5,37674,0,0
2,6,37675,0,0
3,0,37676,0,0
4,4,37677,0,0
5,1,37678,0,0
6,5,37679,0,0
7,7,37680,0,0
0,2,37681,0,0
1,5,37682,0,0
2,5,37683,0,0
3,1,37684,0,0
4,4,37685,0,0
5,1,37686,0,0
6,3,37687,0,0
7,7,37688,0,0
0,2,37689,0,0
1,5,37690,0,0
2,5,37691,0,0
3,1,37692,0,0
4,4,37693,0,0
5,4,37694,0,0
6,3,37695,0,0
7,0,37696,0,0
0,2,37697,0,0
1,5,37698,0,0
2,5,37699,0,0
3,1,37700,0,0
4,4,37701,0,0
5,4,37702,0,0
6,4,37703,0,0
7,7,37704,0,0
0,4,37705,0,0
1,5,37706,0,0
2,5,37707,0,0
3,1,37708,0,0
4,4,37709,0,0
5,4,37710,0,0
6,5,37711,0,0
7,0,37712,0,0
0,2,37713,0,0
1,5,37714,0,0
2,6,37715,0,0
3,1,37716,0,0
4,2,37717,0,0
5,4,37718,0,0
6,4,37719,0,0
7,7,37720,0,0
0,5,37721,0,0
1,5,37722,0,0
2,5,37723,0,0
3,1,37724,0,0
4,2,37725,0,0
5,4,37726,0,0
6,4,37727,0,0
7,0,37728,0,0
0,5,37729,0,0
1,7,37730,0,0
2,4,37731,0,0
3,1,37732,0,0
4,4,37733,0,0
5,4,37734,0,0
6,8,37735,0,0
7,0,37736,0,0
0,5,37737,0,0
1,4,37738,0,0
2,4,37739,0,0
3,0,37740,0,0
4,3,37741,0,0
5,4,37742,0,0
6,8,37743,0,0
7,7,37744,0,0
0,4,37745,0,0
1,3,37746,0,0
2,4,37747,0,0
3,1,37748,0,0
4,4,37749,0,0
5,7,37750,0,0
6,8,37751,0,0
7,7,37752,0,0
0,6,37753,0,0
1,3,37754,0,0
2,4,37755,0,0
3,1,37756,0,0
4,7,37757,0,0
5,8,37758,0,0
6,8,37759,0,0
7,7,37760,0,0
0,6,37761,0,0
1,3,37762,0,0
2,4,37763,0,0
3,1,37764,0,0
4,6,37765,0,0
5,8,37766,0,0
6,8,37767,0,0
7,7,37768,0,0
0,6,37769,0,0
1,3,37770,0,0
2,4,37771,0,0
3,8,37772,0,0
4,6,37773,0,0
5,8,37774,0,0
6,4,37775,0,0
7,5,37776,0,0
0,5,37777,0,0
1,3,37778,0,0
2,4,37779,0,0
3,8,37780,0,0
4,6,37781,0,0
5,8,37782,0,0
6,5,37783,0,0
7,7,37784,0,0
0,5,37785,0,0
1,3,37786,0,0
2,5,37787,0,0
3,3,37788,0,0
4,8,37789,0,0
5,8,37790,0,0
6,5,37791,0,0
7,4,37792,0,0
0,5,37793,0,0
1,3,37794,0,0
2,4,37795,0,0
3,3,37796,0,0
4,7,37797,0,0
5,8,37798,0,0
6,5,37799,0,0
7,5,37800,0,0
0,5,37801,0,0
1,3,37802,0,0
2,4,37803,0,0
3,3,37804,0,0
4,8,37805,0,0
5,8,37806,0,0
6,8,37807,0,0
7,5,37808,0,0
0,6,37809,0,0
1,3,37810,0,0
2,4,37811,0,0
3,5,37812,0,0
4,8,37813,0,0
5,1,37814,0,0
6,8,37815,0,0
7,1,37816,0,0
0,6,37817,0,0
1,3,37818,0,0
2,4,37819,0,0
3,5,37820,0,0
4,8,37821,0,0
5,2,37822,0,0
6,8,37823,0,0
7,1,37824,0,0
0,6,37825,0,0
1,3,37826,0,0
2,5,37827,0,0
3,7,37828,0,0
4,8,37829,0,0
5,1,37830,0,0
6,8,37831,0,0
7,1,37832,0,0
0,6,37833,0,0
1,3,37834,0,0
2,5,37835,0,0
3,7,37836,0,0
4,8,37837,0,0
5,1,37838,0,0
6,8,37839,0,0
7,1,37840,0,0
0,6,37841,0,0
1,4,37842,0,0
2,4,37843,0,0
3,7,37844,0,0
4,8,37845,0,0
5,1,37846,0,0
6,8,37847,0,0
7,1,37848,0,0
0,6,37849,0,0
1,4,37850,0,0
2,4,37851,0,0
3,7,37852,0,0
4,8,37853,0,0
5,1,37854,0,0
6,1,37855,0,0
7,1,37856,0,0
0,6,37857,0,0
1,4,37858,0,0
2,4,37859,0,0
3,7,37860,0,0
4,7,37861,0,0
5,5,37862,0,0
6,8,37863,0,0
7,1,37864,0,0
0,2,37865,0,0
1,3,37866,0,0
2,4,37867,0,0
3,7,37868,0,0
4,7,37869,0,0
5,5,37870,0,0
6,8,37871,0,0
7,1,37872,0,0
0,4,37873,0,0
1,7,37874,0,0
2,5,37875,0,0
3,7,37876,0,0
4,4,37877,0,0
5,4,37878,0,0
6,8,37879,0,0
7,1,37880,0,0
0,4,37881,0,0
1,4,37882,0,0
2,5,37883,0,0
3,7,37884,0,0
4,4,37885,0,0
5,4,37886,0,0
6,8,37887,0,0
7,2,37888,0,0
0,2,37889,0,0
1,3,37890,0,0
2,4,37891,0,0
3,6,37892,0,0
4,4,37893,0,0
5,5,37894,0,0
6,1,37895,0,0
7,2,37896,0,0
0,2,37897,0,0
1,3,37898,0,0
2,4,37899,0,0
3,1,37900,0,0
4,4,37901,0,0
5,5,37902,0,0
6,8,37903,0,0
7,2,37904,0,0
0,3,37905,0,0
1,3,37906,0,0
2,4,37907,0,0
3,6,37908,0,0
4,2,37909,0,0
5,7,37910,0,0
6,8,37911,0,0
7,1,37912,0,0
0,6,37913,0,0
1,3,37914,0,0
2,4,37915,0,0
3,6,37916,0,0
4,7,37917,0,0
5,1,37918,0,0
6,8,37919,0,0
7,1,37920,0,0
0,6,37921,0,0
1,3,37922,0,0
2,5,37923,0,0
3,7,37924,0,0
4,4,37925,0,0
5,1,37926,0,0
6,8,37927,0,0
7,5,37928,0,0
0,5,37929,0,0
1,3,37930,0,0
2,5,37931,0,0
3,3,37932,0,0
4,4,37933,0,0
5,1,37934,0,0
6,8,37935,0,0
7,1,37936,0,0
0,5,37937,0,0
1,3,37938,0,0
2,5,37939,0,0
3,3,37940,0,0
4,4,37941,0,0
5,1,37942,0,0
6,8,37943,0,0
7,3,37944,0,0
0,5,37945,0,0
1,7,37946,0,0
2,8,37947,0,0
3,3,37948,0,0
4,1,37949,0,0
5,1,37950,0,0
6,8,37951,0,0
7,1,37952,0,0
0,6,37953,0,0
1,7,37954,0,0
2,2,37955,0,0
3,3,37956,0,0
4,1,37957,0,0
5,7,37958,0,0
6,8,37959,0,0
7,1,37960,0,0
0,4,37961,0,0
1,7,37962,0,0
2,2,37963,0,0
3,3,37964,0,0
4,1,37965,0,0
5,1,37966,0,0
6,8,37967,0,0
7,1,37968,0,0
0,4,37969,0,0
1,7,37970,0,0
2,1,37971,0,0
3,2,37972,0,0
4,1,37973,0,0
5,1,37974,0,0
6,8,37975,0,0
7,1,37976,0,0
0,5,37977,0,0
1,7,37978,0,0
2,1,37979,0,0
3,1,37980,0,0
4,1,37981,0,0
5,1,37982,0,0
6,8,37983,0,0
7,7,37984,0,0
0,5,37985,0,0
1,7,37986,0,0
2,1,37987,0,0
3,1,37988,0,0
4,7,37989,0,0
5,1,37990,0,0
6,8,37991,0,0
7,5,37992,0,0
0,4,37993,0,0
1,7,37994,0,0
2,8,37995,0,0
3,1,37996,0,0
4,7,37997,0,0
5,1,37998,0,0
6,8,37999,0,0
7,7,38000,0,0
0,4,38001,0,0
1,6,38002,0,0
2,6,38003,0,0
3,1,38004,0,0
4,7,38005,0,0
5,1,38006,0,0
6,8,38007,0,0
7,7,38008,0,0
0,5,38009,0,0
1,7,38010,0,0
2,6,38011,0,0
3,1,38012,0,0
4,4,38013,0,0
5,1,38014,0,0
6,8,38015,0,0
7,7,38016,0,0
0,6,38017,0,0
1,7,38018,0,0
2,6,38019,0,0
3,1,38020,0,0
4,4,38021,0,0
5,1,38022,0,0
6,8,38023,0,0
7,7,38024,0,0
0,4,38025,0,0
1,7,38026,0,0
2,6,38027,0,0
3,1,38028,0,0
4,4,38029,0,0
5,1,38030,0,0
6,8,38031,0,0
7,0,38032,0,0
0,4,38033,0,0
1,1,38034,0,0
2,6,38035,0,0
3,7,38036,0,0
4,4,38037,0,0
5,1,38038,0,0
6,0,38039,0,0
7,1,38040,0,0
0,6,38041,0,0
1,1,38042,0,0
2,5,38043,0,0
3,7,38044,0,0
4,4,38045,0,0
5,1,38046,0,0
6,8,38047,0,0
7,1,38048,0,0
0,4,38049,0,0
1,1,38050,0,0
2,6,38051,0,0
3,0,38052,0,0
4,4,38053,0,0
5,1,38054,0,0
6,8,38055,0,0
7,1,38056,0,0
0,4,38057,0,0
1,1,38058,0,0
2,7,38059,0,0
3,7,38060,0,0
4,4,38061,0,0
5,1,38062,0,0
6,8,38063,0,0
7,1,38064,0,0
0,5,38065,0,0
1,6,38066,0,0
2,6,38067,0,0
3,1,38068,0,0
4,4,38069,0,0
5,1,38070,0,0
6,0,38071,0,0
7,2,38072,0,0
0,5,38073,0,0
1,6,38074,0,0
2,6,38075,0,0
3,3,38076,0,0
4,4,38077,0,0
5,1,38078,0,0
6,1,38079,0,0
7,2,38080,0,0
0,4,38081,0,0
1,7,38082,0,0
2,6,38083,0,0
3,3,38084,0,0
4,4,38085,0,0
5,1,38086,0,0
6,1,38087,0,0
7,2,38088,0,0
0,5,38089,0,0
1,7,38090,0,0
2,6,38091,0,0
3,3,38092,0,0
4,4,38093,0,0
5,1,38094,0,0
6,8,38095,0,0
7,2,38096,0,0
0,4,38097,0,0
1,6,38098,0,0
2,6,38099,0,0
3,3,38100,0,0
4,1,38101,0,0
5,1,38102,0,0
6,8,38103,0,0
7,1,38104,0,0
0,6,38105,0,0
1,6,38106,0,0
2,6,38107,0,0
3,3,38108,0,0
4,1,38109,0,0
5,1,38110,0,0
6,8,38111,0,0
7,1,38112,0,0
0,6,38113,0,0
1,6,38114,0,0
2,5,38115,0,0
3,3,38116,0,0
4,1,38117,0,0
5,1,38118,0,0
6,8,38119,0,0
7,0,38120,0,0
0,2,38121,0,0
1,5,38122,0,0
2,5,38123,0,0
3,2,38124,0,0
4,8,38125,0,0
5,1,38126,0,0
6,8,38127,0,0
7,0,38128,0,0
0,4,38129,0,0
1,5,38130,0,0
2,5,38131,0,0
3,2,38132,0,0
4,8,38133,0,0
5,1,38134,0,0
6,8,38135,0,0
7,1,38136,0,0
0,5,38137,0,0
1,5,38138,0,0
2,5,38139,0,0
3,1,38140,0,0
4,1,38141,0,0
5,1,38142,0,0
6,0,38143,0,0
7,0,38144,0,0
0,5,38145,0,0
1,7,38146,0,0
2,6,38147,0,0
3,1,38148,0,0
4,4,38149,0,0
5,8,38150,0,0
6,8,38151,0,0
7,5,38152,0,0
0,5,38153,0,0
1,5,38154,0,0
2,5,38155,0,0
3,1,38156,0,0
4,0,38157,0,0
5,8,38158,0,0
6,8,38159,0,0
7,0,38160,0,0
0,4,38161,0,0
1,7,38162,0,0
2,6,38163,0,0
3,0,38164,0,0
4,0,38165,0,0
5,8,38166,0,0
6,8,38167,0,0
7,0,38168,0,0
0,2,38169,0,0
1,7,38170,0,0
2,6,38171,0,0
3,1,38172,0,0
4,0,38173,0,0
5,1,38174,0,0
6,8,38175,0,0
7,0,38176,0,0
0,5,38177,0,0
1,5,38178,0,0
2,6,38179,0,0
3,1,38180,0,0
4,0,38181,0,0
5,1,38182,0,0
6,8,38183,0,0
7,0,38184,0,0
0,5,38185,0,0
1,3,38186,0,0
2,6,38187,0,0
3,1,38188,0,0
4,0,38189,0,0
5,8,38190,0,0
6,8,38191,0,0
7,0,38192,0,0
0,5,38193,0,0
1,7,38194,0,0
2,6,38195,0,0
3,1,38196,0,0
4,4,38197,0,0
5,1,38198,0,0
6,8,38199,0,0
7,2,38200,0,0
0,5,38201,0,0
1,3,38202,0,0
2,6,38203,0,0
3,3,38204,0,0
4,4,38205,0,0
5,1,38206,0,0
6,8,38207,0,0
7,1,38208,0,0
0,5,38209,0,0
1,5,38210,0,0
2,5,38211,0,0
3,3,38212,0,0
4,4,38213,0,0
5,1,38214,0,0
6,8,38215,0,0
7,1,38216,0,0
0,5,38217,0,0
1,5,38218,0,0
2,5,38219,0,0
3,3,38220,0,0
4,4,38221,0,0
5,1,38222,0,0
6,8,38223,0,0
7,1,38224,0,0
0,5,38225,0,0
1,5,38226,0,0
2,7,38227,0,0
3,0,38228,0,0
4,0,38229,0,0
5,1,38230,0,0
6,8,38231,0,0
7,1,38232,0,0
0,6,38233,0,0
1,7,38234,0,0
2,7,38235,0,0
3,2,38236,0,0
4,0,38237,0,0
5,1,38238,0,0
6,8,38239,0,0
7,2,38240,0,0
0,5,38241,0,0
1,4,38242,0,0
2,7,38243,0,0
3,5,38244,0,0
4,0,38245,0,0
5,1,38246,0,0
6,8,38247,0,0
7,2,38248,0,0
0,8,38249,0,0
1,5,38250,0,0
2,7,38251,0,0
3,6,38252,0,0
4,7,38253,0,0
5,1,38254,0,0
6,0,38255,0,0
7,1,38256,0,0
0,4,38257,0,0
1,4,38258,0,0
2,4,38259,0,0
3,7,38260,0,0
4,0,38261,0,0
5,1,38262,0,0
6,8,38263,0,0
7,1,38264,0,0
0,5,38265,0,0
1,4,38266,0,0
2,5,38267,0,0
3,7,38268,0,0
4,0,38269,0,0
5,1,38270,0,0
6,8,38271,0,0
7,1,38272,0,0
0,5,38273,0,0
1,5,38274,0,0
2,5,38275,0,0
3,7,38276,0,0
4,0,38277,0,0
5,1,38278,0,0
6,8,38279,0,0
7,1,38280,0,0
0,8,38281,0,0
1,5,38282,0,0
2,5,38283,0,0
3,7,38284,0,0
4,0,38285,0,0
5,1,38286,0,0
6,8,38287,0,0
7,1,38288,0,0
0,8,38289,0,0
1,7,38290,0,0
2,5,38291,0,0
3,7,38292,0,0
4,0,38293,0,0
5,1,38294,0,0
6,0,38295,0,0
7,2,38296,0,0
0,5,38297,0,0
1,5,38298,0,0
2,5,38299,0,0
3,0,38300,0,0
4,0,38301,0,0
5,1,38302,0,0
6,5,38303,0,0
7,2,38304,0,0
0,5,38305,0,0
1,6,38306,0,0
2,5,38307,0,0
3,0,38308,0,0
4,0,38309,0,0
5,1,38310,0,0
6,3,38311,0,0
7,3,38312,0,0
0,4,38313,0,0
1,3,38314,0,0
2,5,38315,0,0
3,0,38316,0,0
4,0,38317,0,0
5,1,38318,0,0
6,3,38319,0,0
7,3,38320,0,0
0,4,38321,0,0
1,6,38322,0,0
2,5,38323,0,0
3,0,38324,0,0
4,8,38325,0,0
5,1,38326,0,0
6,0,38327,0,0
7,3,38328,0,0
0,5,38329,0,0
1,6,38330,0,0
2,4,38331,0,0
3,0,38332,0,0
4,0,38333,0,0
5,1,38334,0,0
6,8,38335,0,0
7,1,38336,0,0
0,4,38337,0,0
1,5,38338,0,0
2,5,38339,0,0
3,0,38340,0,0
4,8,38341,0,0
5,1,38342,0,0
6,8,38343,0,0
7,1,38344,0,0
0,4,38345,0,0
1,5,38346,0,0
2,5,38347,0,0
3,0,38348,0,0
4,8,38349,0,0
5,1,38350,0,0
6,8,38351,0,0
7,3,38352,0,0
0,4,38353,0,0
1,5,38354,0,0
2,5,38355,0,0
3,0,38356,0,0
4,8,38357,0,0
5,7,38358,0,0
6,4,38359,0,0
7,3,38360,0,0
0,4,38361,0,0
1,5,38362,0,0
2,5,38363,0,0
3,0,38364,0,0
4,8,38365,0,0
5,7,38366,0,0
6,4,38367,0,0
7,5,38368,0,0
0,4,38369,0,0
1,5,38370,0,0
2,5,38371,0,0
3,0,38372,0,0
4,0,38373,0,0
5,8,38374,0,0
6,6,38375,0,0
7,5,38376,0,0
0,4,38377,0,0
1,7,38378,0,0
2,7,38379,0,0
3,0,38380,0,0
4,0,38381,0,0
5,7,38382,0,0
6,6,38383,0,0
7,5,38384,0,0
0,4,38385,0,0
1,7,38386,0,0
2,5,38387,0,0
3,0,38388,0,0
4,4,38389,0,0
5,7,38390,0,0
6,6,38391,0,0
7,7,38392,0,0
0,5,38393,0,0
1,7,38394,0,0
2,6,38395,0,0
3,0,38396,0,0
4,0,38397,0,0
5,7,38398,0,0
6,8,38399,0,0
7,7,38400,0,0
0,6,38401,0,0
1,4,38402,0,0
2,5,38403,0,0
3,0,38404,0,0
4,0,38405,0,0
5,7,38406,0,0
6,8,38407,0,0
7,4,38408,0,0
0,4,38409,0,0
1,4,38410,0,0
2,5,38411,0,0
3,0,38412,0,0
4,0,38413,0,0
5,7,38414,0,0
6,8,38415,0,0
7,4,38416,0,0
0,5,38417,0,0
1,7,38418,0,0
2,5,38419,0,0
3,0,38420,0,0
4,0,38421,0,0
5,7,38422,0,0
6,8,38423,0,0
7,4,38424,0,0
0,6,38425,0,0
1,7,38426,0,0
2,5,38427,0,0
3,0,38428,0,0
4,0,38429,0,0
5,7,38430,0,0
6,8,38431,0,0
7,5,38432,0,0
0,4,38433,0,0
1,7,38434,0,0
2,5,38435,0,0
3,0,38436,0,0
4,0,38437,0,0
5,7,38438,0,0
6,8,38439,0,0
7,5,38440,0,0
0,5,38441,0,0
1,6,38442,0,0
2,4,38443,0,0
3,0,38444,0,0
4,0,38445,0,0
5,3,38446,0,0
6,8,38447,0,0
7,5,38448,0,0
0,5,38449,0,0
1,7,38450,0,0
2,4,38451,0,0
3,0,38452,0,0
4,0,38453,0,0
5,7,38454,0,0
6,8,38455,0,0
7,5,38456,0,0
0,5,38457,0,0
1,7,38458,0,0
2,4,38459,0,0
3,0,38460,0,0
4,0,38461,0,0
5,7,38462,0,0
6,8,38463,0,0
7,5,38464,0,0
0,4,38465,0,0
1,7,38466,0,0
2,4,38467,0,0
3,0,38468,0,0
4,0,38469,0,0
5,3,38470,0,0
6,8,38471,0,0
7,3,38472,0,0
0,5,38473,0,0
1,4,38474,0,0
2,5,38475,0,0
3,0,38476,0,0
4,0,38477,0,0
5,3,38478,0,0
6,8,38479,0,0
7,0,38480,0,0
0,5,38481,0,0
1,7,38482,0,0
2,5,38483,0,0
3,0,38484,0,0
4,0,38485,0,0
5,3,38486,0,0
6,8,38487,0,0
7,0,38488,0,0
0,8,38489,0,0
1,5,38490,0,0
2,5,38491,0,0
3,0,38492,0,0
4,0,38493,0,0
5,7,38494,0,0
6,8,38495,0,0
7,0,38496,0,0
0,5,38497,0,0
1,5,38498,0,0
2,4,38499,0,0
3,0,38500,0,0
4,0,38501,0,0
5,7,38502,0,0
6,8,38503,0,0
7,0,38504,0,0
0,5,38505,0,0
1,5,38506,0,0
2,4,38507,0,0
3,0,38508,0,0
4,0,38509,0,0
5,1,38510,0,0
6,8,38511,0,0
7,0,38512,0,0
0,5,38513,0,0
1,5,38514,0,0
2,4,38515,0,0
3,0,38516,0,0
4,0,38517,0,0
5,1,38518,0,0
6,8,38519,0,0
7,0,38520,0,0
0,5,38521,0,0
1,5,38522,0,0
2,4,38523,0,0
3,0,38524,0,0
4,0,38525,0,0
5,1,38526,0,0
6,3,38527,0,0
7,0,38528,0,0
0,5,38529,0,0
1,5,38530,0,0
2,4,38531,0,0
3,0,38532,0,0
4,0,38533,0,0
5,7,38534,0,0
6,8,38535,0,0
7,0,38536,0,0
0,5,38537,0,0
1,5,38538,0,0
2,4,38539,0,0
3,0,38540,0,0
4,0,38541,0,0
5,1,38542,0,0
6,2,38543,0,0
7,0,38544,0,0
0,5,38545,0,0
1,1,38546,0,0
2,4,38547,0,0
3,0,38548,0,0
4,0,38549,0,0
5,7,38550,0,0
6,2,38551,0,0
7,0,38552,0,0
0,4,38553,0,0
1,7,38554,0,0
2,4,38555,0,0
3,0,38556,0,0
4,0,38557,0,0
5,7,38558,0,0
6,6,38559,0,0
7,5,38560,0,0
0,4,38561,0,0
1,4,38562,0,0
2,4,38563,0,0
3,0,38564,0,0
4,0,38565,0,0
5,4,38566,0,0
6,6,38567,0,0
7,4,38568,0,0
0,5,38569,0,0
1,7,38570,0,0
2,5,38571,0,0
3,0,38572,0,0
4,0,38573,0,0
5,7,38574,0,0
6,4,38575,0,0
7,4,38576,0,0
0,4,38577,0,0
1,7,38578,0,0
2,5,38579,0,0
3,0,38580,0,0
4,0,38581,0,0
5,7,38582,0,0
6,2,38583,0,0
7,4,38584,0,0
0,4,38585,0,0
1,1,38586,0,0
2,6,38587,0,0
3,0,38588,0,0
4,0,38589,0,0
5,1,38590,0,0
6,2,38591,0,0
7,4,38592,0,0
0,5,38593,0,0
1,1,38594,0,0
2,6,38595,0,0
3,6,38596,0,0
4,0,38597,0,0
5,7,38598,0,0
6,8,38599,0,0
7,4,38600,0,0
0,5,38601,0,0
1,1,38602,0,0
2,6,38603,0,0
3,6,38604,0,0
4,0,38605,0,0
5,8,38606,0,0
6,8,38607,0,0
7,4,38608,0,0
0,5,38609,0,0
1,1,38610,0,0
2,6,38611,0,0
3,5,38612,0,0
4,0,38613,0,0
5,8,38614,0,0
6,8,38615,0,0
7,4,38616,0,0
0,5,38617,0,0
1,5,38618,0,0
2,6,38619,0,0
3,5,38620,0,0
4,0,38621,0,0
5,7,38622,0,0
6,8,38623,0,0
7,4,38624,0,0
0,5,38625,0,0
1,7,38626,0,0
2,5,38627,0,0
3,5,38628,0,0
4,0,38629,0,0
5,2,38630,0,0
6,8,38631,0,0
7,4,38632,0,0
0,5,38633,0,0
1,7,38634,0,0
2,5,38635,0,0
3,7,38636,0,0
4,0,38637,0,0
5,1,38638,0,0
6,1,38639,0,0
7,4,38640,0,0
0,5,38641,0,0
1,7,38642,0,0
2,4,38643,0,0
3,6,38644,0,0
4,4,38645,0,0
5,1,38646,0,0
6,1,38647,0,0
7,4,38648,0,0
0,5,38649,0,0
1,7,38650,0,0
2,4,38651,0,0
3,6,38652,0,0
4,7,38653,0,0
5,1,38654,0,0
6,8,38655,0,0
7,4,38656,0,0
0,5,38657,0,0
1,4,38658,0,0
2,4,38659,0,0
3,6,38660,0,0
4,7,38661,0,0
5,7,38662,0,0
6,1,38663,0,0
7,4,38664,0,0
0,6,38665,0,0
1,4,38666,0,0
2,5,38667,0,0
3,5,38668,0,0
4,0,38669,0,0
5,1,38670,0,0
6,1,38671,0,0
7,4,38672,0,0
0,6,38673,0,0
1,5,38674,0,0
2,4,38675,0,0
3,5,38676,0,0
4,6,38677,0,0
5,8,38678,0,0
6,1,38679,0,0
7,5,38680,0,0
0,4,38681,0,0
1,5,38682,0,0
2,4,38683,0,0
3,1,38684,0,0
4,4,38685,0,0
5,8,38686,0,0
6,1,38687,0,0
7,1,38688,0,0
0,2,38689,0,0
1,7,38690,0,0
2,4,38691,0,0
3,1,38692,0,0
4,4,38693,0,0
5,8,38694,0,0
6,8,38695,0,0
7,1,38696,0,0
0,5,38697,0,0
1,7,38698,0,0
2,4,38699,0,0
3,1,38700,0,0
4,4,38701,0,0
5,5,38702,0,0
6,8,38703,0,0
7,2,38704,0,0
0,5,38705,0,0
1,7,38706,0,0
2,4,38707,0,0
3,1,38708,0,0
4,4,38709,0,0
5,8,38710,0,0
6,8,38711,0,0
7,1,38712,0,0
0,5,38713,0,0
1,6,38714,0,0
2,5,38715,0,0
3,7,38716,0,0
4,4,38717,0,0
5,8,38718,0,0
6,1,38719,0,0
7,1,38720,0,0
0,5,38721,0,0
1,6,38722,0,0
2,2,38723,0,0
3,7,38724,0,0
4,4,38725,0,0
5,8,38726,0,0
6,1,38727,0,0
7,1,38728,0,0
0,5,38729,0,0
1,5,38730,0,0
2,2,38731,0,0
3,7,38732,0,0
4,4,38733,0,0
5,1,38734,0,0
6,2,38735,0,0
7,1,38736,0,0
0,6,38737,0,0
1,5,38738,0,0
2,2,38739,0,0
3,7,38740,0,0
4,0,38741,0,0
5,1,38742,0,0
6,2,38743,0,0
7,1,38744,0,0
0,5,38745,0,0
1,1,38746,0,0
2,2,38747,0,0
3,7,38748,0,0
4,0,38749,0,0
5,1,38750,0,0
6,2,38751,0,0
7,1,38752,0,0
0,5,38753,0,0
1,7,38754,0,0
2,2,38755,0,0
3,7,38756,0,0
4,0,38757,0,0
5,7,38758,0,0
6,2,38759,0,0
7,1,38760,0,0
0,5,38761,0,0
1,4,38762,0,0
2,2,38763,0,0
3,1,38764,0,0
4,0,38765,0,0
5,5,38766,0,0
6,2,38767,0,0
7,1,38768,0,0
0,6,38769,0,0
1,4,38770,0,0
2,8,38771,0,0
3,1,38772,0,0
4,2,38773,0,0
5,5,38774,0,0
6,2,38775,0,0
7,1,38776,0,0
0,6,38777,0,0
1,6,38778,0,0
2,8,38779,0,0
3,3,38780,0,0
4,2,38781,0,0
5,1,38782,0,0
6,2,38783,0,0
7,1,38784,0,0
0,6,38785,0,0
1,4,38786,0,0
2,7,38787,0,0
3,3,38788,0,0
4,0,38789,0,0
5,7,38790,0,0
6,2,38791,0,0
7,4,38792,0,0
0,4,38793,0,0
1,4,38794,0,0
2,1,38795,0,0
3,3,38796,0,0
4,0,38797,0,0
5,5,38798,0,0
6,2,38799,0,0
7,4,38800,0,0
0,4,38801,0,0
1,6,38802,0,0
2,7,38803,0,0
3,2,38804,0,0
4,4,38805,0,0
5,5,38806,0,0
6,2,38807,0,0
7,4,38808,0,0
0,4,38809,0,0
1,6,38810,0,0
2,7,38811,0,0
3,1,38812,0,0
4,4,38813,0,0
5,5,38814,0,0
6,8,38815,0,0
7,4,38816,0,0
0,6,38817,0,0
1,4,38818,0,0
2,8,38819,0,0
3,8,38820,0,0
4,0,38821,0,0
5,7,38822,0,0
6,8,38823,0,0
7,4,38824,0,0
0,4,38825,0,0
1,4,38826,0,0
2,7,38827,0,0
3,8,38828,0,0
4,0,38829,0,0
5,8,38830,0,0
6,1,38831,0,0
7,4,38832,0,0
0,2,38833,0,0
1,7,38834,0,0
2,6,38835,0,0
3,1,38836,0,0
4,4,38837,0,0
5,8,38838,0,0
6,1,38839,0,0
7,4,38840,0,0
0,6,38841,0,0
1,7,38842,0,0
2,4,38843,0,0
3,1,38844,0,0
4,4,38845,0,0
5,8,38846,0,0
6,1,38847,0,0
7,2,38848,0,0
0,6,38849,0,0
1,7,38850,0,0
2,7,38851,0,0
3,1,38852,0,0
4,0,38853,0,0
5,5,38854,0,0
6,1,38855,0,0
7,2,38856,0,0
0,6,38857,0,0
1,7,38858,0,0
2,7,38859,0,0
3,2,38860,0,0
4,0,38861,0,0
5,2,38862,0,0
6,8,38863,0,0
7,1,38864,0,0
0,5,38865,0,0
1,7,38866,0,0
2,7,38867,0,0
3,2,38868,0,0
4,0,38869,0,0
5,8,38870,0,0
6,8,38871,0,0
7,1,38872,0,0
0,5,38873,0,0
1,7,38874,0,0
2,8,38875,0,0
3,3,38876,0,0
4,0,38877,0,0
5,8,38878,0,0
6,1,38879,0,0
7,1,38880,0,0
0,4,38881,0,0
1,4,38882,0,0
2,1,38883,0,0
3,3,38884,0,0
4,0,38885,0,0
5,8,38886,0,0
6,8,38887,0,0
7,1,38888,0,0
0,5,38889,0,0
1,4,38890,0,0
2,1,38891,0,0
3,3,38892,0,0
4,0,38893,0,0
5,1,38894,0,0
6,8,38895,0,0
7,1,38896,0,0
0,5,38897,0,0
1,4,38898,0,0
2,8,38899,0,0
3,3,38900,0,0
4,4,38901,0,0
5,2,38902,0,0
6,1,38903,0,0
7,1,38904,0,0
0,5,38905,0,0
1,7,38906,0,0
2,7,38907,0,0
3,3,38908,0,0
4,2,38909,0,0
5,1,38910,0,0
6,8,38911,0,0
7,7,38912,0,0
0,5,38913,0,0
1,1,38914,0,0
2,8,38915,0,0
3,3,38916,0,0
4,4,38917,0,0
5,1,38918,0,0
6,8,38919,0,0
7,5,38920,0,0
0,5,38921,0,0
1,6,38922,0,0
2,7,38923,0,0
3,3,38924,0,0
4,0,38925,0,0
5,8,38926,0,0
6,1,38927,0,0
7,5,38928,0,0
0,5,38929,0,0
1,6,38930,0,0
2,7,38931,0,0
3,3,38932,0,0
4,4,38933,0,0
5,1,38934,0,0
6,1,38935,0,0
7,0,38936,0,0
0,5,38937,0,0
1,4,38938,0,0
2,7,38939,0,0
3,1,38940,0,0
4,0,38941,0,0
5,1,38942,0,0
6,2,38943,0,0
7,0,38944,0,0
0,5,38945,0,0
1,4,38946,0,0
2,8,38947,0,0
3,1,38948,0,0
4,0,38949,0,0
5,1,38950,0,0
6,4,38951,0,0
7,0,38952,0,0
0,5,38953,0,0
1,4,38954,0,0
2,1,38955,0,0
3,7,38956,0,0
4,0,38957,0,0
5,1,38958,0,0
6,3,38959,0,0
7,0,38960,0,0
0,5,38961,0,0
1,4,38962,0,0
2,8,38963,0,0
3,7,38964,0,0
4,0,38965,0,0
5,8,38966,0,0
6,4,38967,0,0
7,0,38968,0,0
0,5,38969,0,0
1,7,38970,0,0
2,7,38971,0,0
3,7,38972,0,0
4,0,38973,0,0
5,8,38974,0,0
6,6,38975,0,0
7,1,38976,0,0
0,5,38977,0,0
1,4,38978,0,0
2,1,38979,0,0
3,7,38980,0,0
4,0,38981,0,0
5,1,38982,0,0
6,6,38983,0,0
7,1,38984,0,0
0,5,38985,0,0
1,4,38986,0,0
2,8,38987,0,0
3,7,38988,0,0
4,7,38989,0,0
5,1,38990,0,0
6,2,38991,0,0
7,2,38992,0,0
0,8,38993,0,0
1,4,38994,0,0
2,8,38995,0,0
3,1,38996,0,0
4,0,38997,0,0
5,8,38998,0,0
6,2,38999,0,0
7,3,39000,0,0
0,8,39001,0,0
1,4,39002,0,0
2,1,39003,0,0
3,1,39004,0,0
4,0,39005,0,0
5,1,39006,0,0
6,2,39007,0,0
7,3,39008,0,0
0,8,39009,0,0
1,4,39010,0,0
2,2,39011,0,0
3,1,39012,0,0
4,0,39013,0,0
5,2,39014,0,0
6,2,39015,0,0
7,4,39016,0,0
0,5,39017,0,0
1,7,39018,0,0
2,1,39019,0,0
3,1,39020,0,0
4,0,39021,0,0
5,1,39022,0,0
6,8,39023,0,0
7,1,39024,0,0
0,6,39025,0,0
1,5,39026,0,0
2,8,39027,0,0
3,7,39028,0,0
4,0,39029,0,0
5,7,39030,0,0
6,2,39031,0,0
7,1,39032,0,0
0,5,39033,0,0
1,4,39034,0,0
2,6,39035,0,0
3,7,39036,0,0
4,0,39037,0,0
5,1,39038,0,0
6,8,39039,0,0
7,1,39040,0,0
0,4,39041,0,0
1,5,39042,0,0
2,7,39043,0,0
3,1,39044,0,0
4,0,39045,0,0
5,1,39046,0,0
6,8,39047,0,0
7,1,39048,0,0
0,4,39049,0,0
1,3,39050,0,0
2,6,39051,0,0
3,7,39052,0,0
4,0,39053,0,0
5,1,39054,0,0
6,8,39055,0,0
7,1,39056,0,0
0,4,39057,0,0
1,6,39058,0,0
2,4,39059,0,0
3,7,39060,0,0
4,0,39061,0,0
5,1,39062,0,0
6,8,39063,0,0
7,2,39064,0,0
0,4,39065,0,0
1,7,39066,0,0
2,4,39067,0,0
3,0,39068,0,0
4,0,39069,0,0
5,1,39070,0,0
6,8,39071,0,0
7,2,39072,0,0
0,4,39073,0,0
1,7,39074,0,0
2,7,39075,0,0
3,0,39076,0,0
4,0,39077,0,0
5,1,39078,0,0
6,8,39079,0,0
7,2,39080,0,0
0,5,39081,0,0
1,7,39082,0,0
2,7,39083,0,0
3,0,39084,0,0
4,0,39085,0,0
5,1,39086,0,0
6,8,39087,0,0
7,2,39088,0,0
0,6,39089,0,0
1,7,39090,0,0
2,7,39091,0,0
3,0,39092,0,0
4,0,39093,0,0
5,1,39094,0,0
6,8,39095,0,0
7,2,39096,0,0
0,6,39097,0,0
1,4,39098,0,0
2,7,39099,0,0
3,0,39100,0,0
4,0,39101,0,0
5,1,39102,0,0
6,2,39103,0,0
7,2,39104,0,0
0,6,39105,0,0
1,7,39106,0,0
2,7,39107,0,0
3,0,39108,0,0
4,0,39109,0,0
5,1,39110,0,0
6,8,39111,0,0
7,2,39112,0,0
0,5,39113,0,0
1,7,39114,0,0
2,7,39115,0,0
3,0,39116,0,0
4,0,39117,0,0
5,1,39118,0,0
6,8,39119,0,0
7,2,39120,0,0
0,5,39121,0,0
1,4,39122,0,0
2,7,39123,0,0
3,0,39124,0,0
4,0,39125,0,0
5,1,39126,0,0
6,1,39127,0,0
7,2,39128,0,0
0,5,39129,0,0
1,6,39130,0,0
2,7,39131,0,0
3,0,39132,0,0
4,0,39133,0,0
5,1,39134,0,0
6,1,39135,0,0
7,2,39136,0,0
0,5,39137,0,0
1,4,39138,0,0
2,7,39139,0,0
3,8,39140,0,0
4,0,39141,0,0
5,1,39142,0,0
6,1,39143,0,0
7,1,39144,0,0
0,5,39145,0,0
1,4,39146,0,0
2,7,39147,0,0
3,8,39148,0,0
4,0,39149,0,0
5,1,39150,0,0
6,1,39151,0,0
7,1,39152,0,0
0,4,39153,0,0
1,5,39154,0,0
2,7,39155,0,0
3,8,39156,0,0
4,0,39157,0,0
5,1,39158,0,0
6,8,39159,0,0
7,1,39160,0,0
0,5,39161,0,0
1,5,39162,0,0
2,7,39163,0,0
3,8,39164,0,0
4,4,39165,0,0
5,1,39166,0,0
6,8,39167,0,0
7,1,39168,0,0
0,5,39169,0,0
1,4,39170,0,0
2,7,39171,0,0
3,8,39172,0,0
4,4,39173,0,0
5,1,39174,0,0
6,8,39175,0,0
7,1,39176,0,0
0,5,39177,0,0
1,4,39178,0,0
2,6,39179,0,0
3,8,39180,0,0
4,4,39181,0,0
5,1,39182,0,0
6,8,39183,0,0
7,1,39184,0,0
0,5,39185,0,0
1,4,39186,0,0
2,6,39187,0,0
3,8,39188,0,0
4,4,39189,0,0
5,1,39190,0,0
6,8,39191,0,0
7,1,39192,0,0
0,5,39193,0,0
1,4,39194,0,0
2,6,39195,0,0
3,8,39196,0,0
4,4,39197,0,0
5,1,39198,0,0
6,8,39199,0,0
7,1,39200,0,0
0,5,39201,0,0
1,4,39202,0,0
2,6,39203,0,0
3,1,39204,0,0
4,4,39205,0,0
5,1,39206,0,0
6,8,39207,0,0
7,1,39208,0,0
0,5,39209,0,0
1,4,39210,0,0
2,6,39211,0,0
3,6,39212,0,0
4,4,39213,0,0
5,1,39214,0,0
6,8,39215,0,0
7,1,39216,0,0
0,8,39217,0,0
1,6,39218,0,0
2,6,39219,0,0
3,3,39220,0,0
4,4,39221,0,0
5,8,39222,0,0
6,8,39223,0,0
7,3,39224,0,0
0,6,39225,0,0
1,3,39226,0,0
2,6,39227,0,0
3,3,39228,0,0
4,1,39229,0,0
5,1,39230,0,0
6,1,39231,0,0
7,3,39232,0,0
0,6,39233,0,0
1,4,39234,0,0
2,6,39235,0,0
3,3,39236,0,0
4,4,39237,0,0
5,1,39238,0,0
6,1,39239,0,0
7,3,39240,0,0
0,5,39241,0,0
1,4,39242,0,0
2,6,39243,0,0
3,3,39244,0,0
4,4,39245,0,0
5,1,39246,0,0
6,1,39247,0,0
7,7,39248,0,0
0,5,39249,0,0
1,4,39250,0,0
2,6,39251,0,0
3,3,39252,0,0
4,4,39253,0,0
5,1,39254,0,0
6,8,39255,0,0
7,7,39256,0,0
0,5,39257,0,0
1,7,39258,0,0
2,7,39259,0,0
3,3,39260,0,0
4,4,39261,0,0
5,1,39262,0,0
6,2,39263,0,0
7,7,39264,0,0
0,5,39265,0,0
1,7,39266,0,0
2,7,39267,0,0
3,3,39268,0,0
4,4,39269,0,0
5,1,39270,0,0
6,2,39271,0,0
7,7,39272,0,0
0,5,39273,0,0
1,4,39274,0,0
2,7,39275,0,0
3,6,39276,0,0
4,4,39277,0,0
5,1,39278,0,0
6,8,39279,0,0
7,7,39280,0,0
0,5,39281,0,0
1,7,39282,0,0
2,7,39283,0,0
3,7,39284,0,0
4,4,39285,0,0
5,8,39286,0,0
6,8,39287,0,0
7,7,39288,0,0
0,5,39289,0,0
1,4,39290,0,0
2,7,39291,0,0
3,1,39292,0,0
4,4,39293,0,0
5,1,39294,0,0
6,2,39295,0,0
7,7,39296,0,0
0,5,39297,0,0
1,6,39298,0,0
2,7,39299,0,0
3,6,39300,0,0
4,4,39301,0,0
5,1,39302,0,0
6,2,39303,0,0
7,7,39304,0,0
0,5,39305,0,0
1,4,39306,0,0
2,6,39307,0,0
3,6,39308,0,0
4,4,39309,0,0
5,1,39310,0,0
6,2,39311,0,0
7,7,39312,0,0
0,5,39313,0,0
1,4,39314,0,0
2,6,39315,0,0
3,6,39316,0,0
4,4,39317,0,0
5,1,39318,0,0
6,2,39319,0,0
7,7,39320,0,0
0,5,39321,0,0
1,4,39322,0,0
2,6,39323,0,0
3,6,39324,0,0
4,4,39325,0,0
5,1,39326,0,0
6,2,39327,0,0
7,7,39328,0,0
0,5,39329,0,0
1,6,39330,0,0
2,6,39331,0,0
3,7,39332,0,0
4,0,39333,0,0
5,1,39334,0,0
6,2,39335,0,0
7,7,39336,0,0
0,5,39337,0,0
1,4,39338,0,0
2,6,39339,0,0
3,7,39340,0,0
4,4,39341,0,0
5,1,39342,0,0
6,8,39343,0,0
7,7,39344,0,0
0,5,39345,0,0
1,4,39346,0,0
2,6,39347,0,0
3,7,39348,0,0
4,4,39349,0,0
5,3,39350,0,0
6,3,39351,0,0
7,7,39352,0,0
0,5,39353,0,0
1,4,39354,0,0
2,6,39355,0,0
3,7,39356,0,0
4,4,39357,0,0
5,3,39358,0,0
6,4,39359,0,0
7,7,39360,0,0
0,5,39361,0,0
1,4,39362,0,0
2,6,39363,0,0
3,1,39364,0,0
4,4,39365,0,0
5,4,39366,0,0
6,2,39367,0,0
7,7,39368,0,0
0,6,39369,0,0
1,4,39370,0,0
2,6,39371,0,0
3,6,39372,0,0
4,4,39373,0,0
5,4,39374,0,0
6,2,39375,0,0
7,7,39376,0,0
0,6,39377,0,0
1,3,39378,0,0
2,6,39379,0,0
3,6,39380,0,0
4,4,39381,0,0
5,4,39382,0,0
6,2,39383,0,0
7,7,39384,0,0
0,6,39385,0,0
1,3,39386,0,0
2,6,39387,0,0
3,6,39388,0,0
4,4,39389,0,0
5,4,39390,0,0
6,8,39391,0,0
7,7,39392,0,0
0,5,39393,0,0
1,3,39394,0,0
2,6,39395,0,0
3,5,39396,0,0
4,4,39397,0,0
5,5,39398,0,0
6,8,39399,0,0
7,7,39400,0,0
0,5,39401,0,0
1,3,39402,0,0
2,6,39403,0,0
3,7,39404,0,0
4,4,39405,0,0
5,5,39406,0,0
6,2,39407,0,0
7,0,39408,0,0
0,5,39409,0,0
1,3,39410,0,0
2,7,39411,0,0
3,7,39412,0,0
4,4,39413,0,0
5,5,39414,0,0
6,2,39415,0,0
7,0,39416,0,0
0,5,39417,0,0
1,3,39418,0,0
2,4,39419,0,0
3,7,39420,0,0
4,4,39421,0,0
5,7,39422,0,0
6,2,39423,0,0
7,0,39424,0,0
0,5,39425,0,0
1,3,39426,0,0
2,6,39427,0,0
3,7,39428,0,0
4,4,39429,0,0
5,7,39430,0,0
6,2,39431,0,0
7,7,39432,0,0
0,5,39433,0,0
1,3,39434,0,0
2,6,39435,0,0
3,7,39436,0,0
4,4,39437,0,0
5,7,39438,0,0
6,2,39439,0,0
7,7,39440,0,0
0,5,39441,0,0
1,3,39442,0,0
2,6,39443,0,0
3,7,39444,0,0
4,4,39445,0,0
5,7,39446,0,0
6,6,39447,0,0
7,7,39448,0,0
0,6,39449,0,0
1,3,39450,0,0
2,6,39451,0,0
3,1,39452,0,0
4,1,39453,0,0
5,7,39454,0,0
6,3,39455,0,0
7,7,39456,0,0
0,6,39457,0,0
1,3,39458,0,0
2,6,39459,0,0
3,1,39460,0,0
4,1,39461,0,0
5,4,39462,0,0
6,6,39463,0,0
7,7,39464,0,0
0,6,39465,0,0
1,3,39466,0,0
2,6,39467,0,0
3,6,39468,0,0
4,0,39469,0,0
5,4,39470,0,0
6,3,39471,0,0
7,7,39472,0,0
0,5,39473,0,0
1,3,39474,0,0
2,6,39475,0,0
3,7,39476,0,0
4,0,39477,0,0
5,7,39478,0,0
6,3,39479,0,0
7,7,39480,0,0
0,5,39481,0,0
1,3,39482,0,0
2,6,39483,0,0
3,7,39484,0,0
4,0,39485,0,0
5,7,39486,0,0
6,8,39487,0,0
7,7,39488,0,0
0,5,39489,0,0
1,4,39490,0,0
2,6,39491,0,0
3,7,39492,0,0
4,0,39493,0,0
5,7,39494,0,0
6,2,39495,0,0
7,0,39496,0,0
0,5,39497,0,0
1,7,39498,0,0
2,6,39499,0,0
3,7,39500,0,0
4,0,39501,0,0
5,8,39502,0,0
6,8,39503,0,0
7,7,39504,0,0
0,5,39505,0,0
1,7,39506,0,0
2,6,39507,0,0
3,7,39508,0,0
4,0,39509,0,0
5,5,39510,0,0
6,2,39511,0,0
7,7,39512,0,0
0,5,39513,0,0
1,4,39514,0,0
2,6,39515,0,0
3,8,39516,0,0
4,0,39517,0,0
5,5,39518,0,0
6,2,39519,0,0
7,7,39520,0,0
0,5,39521,0,0
1,4,39522,0,0
2,6,39523,0,0
3,7,39524,0,0
4,0,39525,0,0
5,7,39526,0,0
6,8,39527,0,0
7,7,39528,0,0
0,5,39529,0,0
1,4,39530,0,0
2,6,39531,0,0
3,1,39532,0,0
4,4,39533,0,0
5,7,39534,0,0
6,2,39535,0,0
7,7,39536,0,0
0,5,39537,0,0
1,4,39538,0,0
2,6,39539,0,0
3,1,39540,0,0
4,4,39541,0,0
5,7,39542,0,0
6,2,39543,0,0
7,7,39544,0,0
0,5,39545,0,0
1,4,39546,0,0
2,6,39547,0,0
3,1,39548,0,0
4,4,39549,0,0
5,5,39550,0,0
6,2,39551,0,0
7,7,39552,0,0
0,5,39553,0,0
1,4,39554,0,0
2,6,39555,0,0
3,1,39556,0,0
4,4,39557,0,0
5,7,39558,0,0
6,2,39559,0,0
7,7,39560,0,0
0,5,39561,0,0
1,4,39562,0,0
2,6,39563,0,0
3,1,39564,0,0
4,4,39565,0,0
5,7,39566,0,0
6,2,39567,0,0
7,7,39568,0,0
0,6,39569,0,0
1,4,39570,0,0
2,6,39571,0,0
3,1,39572,0,0
4,4,39573,0,0
5,7,39574,0,0
6,2,39575,0,0
7,7,39576,0,0
0,5,39577,0,0
1,4,39578,0,0
2,6,39579,0,0
3,1,39580,0,0
4,4,39581,0,0
5,7,39582,0,0
6,2,39583,0,0
7,4,39584,0,0
0,5,39585,0,0
1,4,39586,0,0
2,6,39587,0,0
3,1,39588,0,0
4,0,39589,0,0
5,7,39590,0,0
6,2,39591,0,0
7,7,39592,0,0
0,5,39593,0,0
1,4,39594,0,0
2,6,39595,0,0
3,1,39596,0,0
4,4,39597,0,0
5,7,39598,0,0
6,2,39599,0,0
7,7,39600,0,0
0,5,39601,0,0
1,5,39602,0,0
2,6,39603,0,0
3,1,39604,0,0
4,4,39605,0,0
5,7,39606,0,0
6,6,39607,0,0
7,4,39608,0,0
0,5,39609,0,0
1,5,39610,0,0
2,7,39611,0,0
3,1,39612,0,0
4,4,39613,0,0
5,7,39614,0,0
6,3,39615,0,0
7,4,39616,0,0
0,5,39617,0,0
1,5,39618,0,0
2,7,39619,0,0
3,1,39620,0,0
4,4,39621,0,0
5,7,39622,0,0
6,8,39623,0,0
7,4,39624,0,0
0,5,39625,0,0
1,5,39626,0,0
2,7,39627,0,0
3,7,39628,0,0
4,4,39629,0,0
5,7,39630,0,0
6,2,39631,0,0
7,7,39632,0,0
0,5,39633,0,0
1,7,39634,0,0
2,6,39635,0,0
3,8,39636,0,0
4,4,39637,0,0
5,7,39638,0,0
6,5,39639,0,0
7,7,39640,0,0
0,5,39641,0,0
1,7,39642,0,0
2,6,39643,0,0
3,1,39644,0,0
4,4,39645,0,0
5,7,39646,0,0
6,5,39647,0,0
7,7,39648,0,0
0,5,39649,0,0
1,7,39650,0,0
2,4,39651,0,0
3,7,39652,0,0
4,4,39653,0,0
5,7,39654,0,0
6,5,39655,0,0
7,7,39656,0,0
0,5,39657,0,0
1,7,39658,0,0
2,8,39659,0,0
3,1,39660,0,0
4,4,39661,0,0
5,7,39662,0,0
6,5,39663,0,0
7,7,39664,0,0
0,5,39665,0,0
1,6,39666,0,0
2,8,39667,0,0
3,1,39668,0,0
4,4,39669,0,0
5,7,39670,0,0
6,3,39671,0,0
7,7,39672,0,0
0,5,39673,0,0
1,6,39674,0,0
2,1,39675,0,0
3,1,39676,0,0
4,0,39677,0,0
5,7,39678,0,0
6,2,39679,0,0
7,7,39680,0,0
0,6,39681,0,0
1,4,39682,0,0
2,1,39683,0,0
3,1,39684,0,0
4,4,39685,0,0
5,7,39686,0,0
6,5,39687,0,0
7,7,39688,0,0
0,6,39689,0,0
1,6,39690,0,0
2,1,39691,0,0
3,1,39692,0,0
4,4,39693,0,0
5,7,39694,0,0
6,3,39695,0,0
7,7,39696,0,0
0,5,39697,0,0
1,7,39698,0,0
2,5,39699,0,0
3,1,39700,0,0
4,4,39701,0,0
5,7,39702,0,0
6,3,39703,0,0
7,7,39704,0,0
0,8,39705,0,0
1,4,39706,0,0
2,5,39707,0,0
3,1,39708,0,0
4,0,39709,0,0
5,7,39710,0,0
6,3,39711,0,0
7,7,39712,0,0
0,5,39713,0,0
1,4,39714,0,0
2,5,39715,0,0
3,1,39716,0,0
4,0,39717,0,0
5,7,39718,0,0
6,4,39719,0,0
7,7,39720,0,0
0,5,39721,0,0
1,4,39722,0,0
2,8,39723,0,0
3,5,39724,0,0
4,7,39725,0,0
5,4,39726,0,0
6,4,39727,0,0
7,4,39728,0,0
0,5,39729,0,0
1,7,39730,0,0
2,2,39731,0,0
3,5,39732,0,0
4,0,39733,0,0
5,5,39734,0,0
6,3,39735,0,0
7,4,39736,0,0
0,5,39737,0,0
1,4,39738,0,0
2,2,39739,0,0
3,8,39740,0,0
4,0,39741,0,0
5,5,39742,0,0
6,4,39743,0,0
7,4,39744,0,0
0,5,39745,0,0
1,4,39746,0,0
2,2,39747,0,0
3,1,39748,0,0
4,0,39749,0,0
5,7,39750,0,0
6,4,39751,0,0
7,7,39752,0,0
0,5,39753,0,0
1,4,39754,0,0
2,1,39755,0,0
3,7,39756,0,0
4,7,39757,0,0
5,7,39758,0,0
6,4,39759,0,0
7,7,39760,0,0
0,6,39761,0,0
1,4,39762,0,0
2,6,39763,0,0
3,7,39764,0,0
4,0,39765,0,0
5,7,39766,0,0
6,5,39767,0,0
7,4,39768,0,0
0,4,39769,0,0
1,4,39770,0,0
2,1,39771,0,0
3,6,39772,0,0
4,0,39773,0,0
5,7,39774,0,0
6,3,39775,0,0
7,7,39776,0,0
0,2,39777,0,0
1,4,39778,0,0
2,6,39779,0,0
3,8,39780,0,0
4,0,39781,0,0
5,7,39782,0,0
6,3,39783,0,0
7,7,39784,0,0
0,4,39785,0,0
1,4,39786,0,0
2,7,39787,0,0
3,8,39788,0,0
4,0,39789,0,0
5,7,39790,0,0
6,3,39791,0,0
7,7,39792,0,0
0,4,39793,0,0
1,4,39794,0,0
2,7,39795,0,0
3,1,39796,0,0
4,0,39797,0,0
5,2,39798,0,0
6,6,39799,0,0
7,7,39800,0,0
0,5,39801,0,0
1,4,39802,0,0
2,6,39803,0,0
3,1,39804,0,0
4,0,39805,0,0
5,2,39806,0,0
6,6,39807,0,0
7,7,39808,0,0
0,5,39809,0,0
1,6,39810,0,0
2,7,39811,0,0
3,1,39812,0,0
4,0,39813,0,0
5,1,39814,0,0
6,3,39815,0,0
7,1,39816,0,0
0,5,39817,0,0
1,4,39818,0,0
2,7,39819,0,0
3,1,39820,0,0
4,0,39821,0,0
5,2,39822,0,0
6,3,39823,0,0
7,2,39824,0,0
0,5,39825,0,0
1,4,39826,0,0
2,1,39827,0,0
3,1,39828,0,0
4,8,39829,0,0
5,2,39830,0,0
6,8,39831,0,0
7,2,39832,0,0
0,5,39833,0,0
1,4,39834,0,0
2,7,39835,0,0
3,7,39836,0,0
4,8,39837,0,0
5,2,39838,0,0
6,3,39839,0,0
7,2,39840,0,0
0,5,39841,0,0
1,6,39842,0,0
2,7,39843,0,0
3,1,39844,0,0
4,8,39845,0,0
5,2,39846,0,0
6,6,39847,0,0
7,1,39848,0,0
0,5,39849,0,0
1,6,39850,0,0
2,6,39851,0,0
3,1,39852,0,0
4,1,39853,0,0
5,2,39854,0,0
6,6,39855,0,0
7,1,39856,0,0
0,5,39857,0,0
1,6,39858,0,0
2,1,39859,0,0
3,1,39860,0,0
4,1,39861,0,0
5,2,39862,0,0
6,5,39863,0,0
7,1,39864,0,0
0,6,39865,0,0
1,6,39866,0,0
2,7,39867,0,0
3,1,39868,0,0
4,1,39869,0,0
5,2,39870,0,0
6,3,39871,0,0
7,6,39872,0,0
0,5,39873,0,0
1,4,39874,0,0
2,7,39875,0,0
3,1,39876,0,0
4,6,39877,0,0
5,2,39878,0,0
6,3,39879,0,0
7,6,39880,0,0
0,5,39881,0,0
1,4,39882,0,0
2,7,39883,0,0
3,6,39884,0,0
4,1,39885,0,0
5,2,39886,0,0
6,1,39887,0,0
7,4,39888,0,0
0,5,39889,0,0
1,4,39890,0,0
2,7,39891,0,0
3,1,39892,0,0
4,1,39893,0,0
5,2,39894,0,0
6,8,39895,0,0
7,4,39896,0,0
0,5,39897,0,0
1,4,39898,0,0
2,6,39899,0,0
3,1,39900,0,0
4,6,39901,0,0
5,2,39902,0,0
6,8,39903,0,0
7,4,39904,0,0
0,5,39905,0,0
1,4,39906,0,0
2,7,39907,0,0
3,1,39908,0,0
4,4,39909,0,0
5,2,39910,0,0
6,1,39911,0,0
7,4,39912,0,0
0,5,39913,0,0
1,7,39914,0,0
2,7,39915,0,0
3,1,39916,0,0
4,1,39917,0,0
5,2,39918,0,0
6,2,39919,0,0
7,4,39920,0,0
0,5,39921,0,0
1,4,39922,0,0
2,7,39923,0,0
3,1,39924,0,0
4,1,39925,0,0
5,7,39926,0,0
6,2,39927,0,0
7,4,39928,0,0
0,5,39929,0,0
1,7,39930,0,0
2,7,39931,0,0
3,1,39932,0,0
4,1,39933,0,0
5,7,39934,0,0
6,3,39935,0,0
7,4,39936,0,0
0,5,39937,0,0
1,7,39938,0,0
2,1,39939,0,0
3,1,39940,0,0
4,1,39941,0,0
5,7,39942,0,0
6,2,39943,0,0
7,4,39944,0,0
0,5,39945,0,0
1,7,39946,0,0
2,1,39947,0,0
3,1,39948,0,0
4,1,39949,0,0
5,7,39950,0,0
6,5,39951,0,0
7,4,39952,0,0
0,5,39953,0,0
1,7,39954,0,0
2,6,39955,0,0
3,1,39956,0,0
4,1,39957,0,0
5,7,39958,0,0
6,5,39959,0,0
7,4,39960,0,0
0,6,39961,0,0
1,8,39962,0,0
2,6,39963,0,0
3,1,39964,0,0
4,1,39965,0,0
5,7,39966,0,0
6,5,39967,0,0
7,4,39968,0,0
0,6,39969,0,0
1,1,39970,0,0
2,6,39971,0,0
3,8,39972,0,0
4,1,39973,0,0
5,7,39974,0,0
6,5,39975,0,0
7,4,39976,0,0
0,6,39977,0,0
1,1,39978,0,0
2,1,39979,0,0
3,6,39980,0,0
4,1,39981,0,0
5,1,39982,0,0
6,5,39983,0,0
7,1,39984,0,0
0,2,39985,0,0
1,1,39986,0,0
2,1,39987,0,0
3,1,39988,0,0
4,1,39989,0,0
5,1,39990,0,0
6,1,39991,0,0
7,1,39992,0,0
0,2,39993,0,0
1,1,39994,0,0
2,7,39995,0,0
3,1,39996,0,0
4,1,39997,0,0
5,2,39998,0,0
6,5,39999,0,0
7,1,40000,0,0
0,4,40001,0,0
1,1,40002,0,0
2,8,40003,0,0
3,1,40004,0,0
4,1,40005,0,0
5,1,40006,0,0
6,1,40007,0,0
7,1,40008,0,0
0,4,40009,0,0
1,7,40010,0,0
2,8,40011,0,0
3,1,40012,0,0
4,8,40013,0,0
5,2,40014,0,0
6,5,40015,0,0
7,1,40016,0,0
0,3,40017,0,0
1,7,40018,0,0
2,7,40019,0,0
3,1,40020,0,0
4,8,40021,0,0
5,8,40022,0,0
6,5,40023,0,0
7,1,40024,0,0
0,3,40025,0,0
1,7,40026,0,0
2,1,40027,0,0
3,1,40028,0,0
4,8,40029,0,0
5,1,40030,0,0
6,1,40031,0,0
7,1,40032,0,0
0,4,40033,0,0
1,1,40034,0,0
2,1,40035,0,0
3,1,40036,0,0
4,8,40037,0,0
5,1,40038,0,0
6,1,40039,0,0
7,1,40040,0,0
0,6,40041,0,0
1,1,40042,0,0
2,7,40043,0,0
3,1,40044,0,0
4,8,40045,0,0
5,8,40046,0,0
6,5,40047,0,0
7,1,40048,0,0
0,5,40049,0,0
1,1,40050,0,0
2,8,40051,0,0
3,1,40052,0,0
4,8,40053,0,0
5,8,40054,0,0
6,5,40055,0,0
7,3,40056,0,0
0,7,40057,0,0
1,1,40058,0,0
2,7,40059,0,0
3,1,40060,0,0
4,7,40061,0,0
5,8,40062,0,0
6,5,40063,0,0
7,7,40064,0,0
0,6,40065,0,0
1,7,40066,0,0
2,7,40067,0,0
3,1,40068,0,0
4,8,40069,0,0
5,8,40070,0,0
6,5,40071,0,0
7,5,40072,0,0
0,5,40073,0,0
1,1,40074,0,0
2,7,40075,0,0
3,1,40076,0,0
4,7,40077,0,0
5,8,40078,0,0
6,5,40079,0,0
7,3,40080,0,0
0,5,40081,0,0
1,3,40082,0,0
2,7,40083,0,0
3,1,40084,0,0
4,7,40085,0,0
5,8,40086,0,0
6,5,40087,0,0
7,5,40088,0,0
0,6,40089,0,0
1,3,40090,0,0
2,7,40091,0,0
3,1,40092,0,0
4,6,40093,0,0
5,7,40094,0,0
6,5,40095,0,0
7,1,40096,0,0
0,6,40097,0,0
1,3,40098,0,0
2,7,40099,0,0
3,1,40100,0,0
4,6,40101,0,0
5,7,40102,0,0
6,6,40103,0,0
7,1,40104,0,0
0,6,40105,0,0
1,3,40106,0,0
2,8,40107,0,0
3,1,40108,0,0
4,4,40109,0,0
5,8,40110,0,0
6,6,40111,0,0
7,1,40112,0,0
0,6,40113,0,0
1,3,40114,0,0
2,8,40115,0,0
3,1,40116,0,0
4,1,40117,0,0
5,8,40118,0,0
6,6,40119,0,0
7,1,40120,0,0
0,6,40121,0,0
1,3,40122,0,0
2,6,40123,0,0
3,1,40124,0,0
4,1,40125,0,0
5,8,40126,0,0
6,6,40127,0,0
7,1,40128,0,0
0,5,40129,0,0
1,3,40130,0,0
2,1,40131,0,0
3,1,40132,0,0
4,7,40133,0,0
5,8,40134,0,0
6,6,40135,0,0
7,1,40136,0,0
0,5,40137,0,0
1,3,40138,0,0
2,1,40139,0,0
3,1,40140,0,0
4,7,40141,0,0
5,5,40142,0,0
6,2,40143,0,0
7,1,40144,0,0
0,6,40145,0,0
1,3,40146,0,0
2,8,40147,0,0
3,1,40148,0,0
4,7,40149,0,0
5,8,40150,0,0
6,1,40151,0,0
7,1,40152,0,0
0,5,40153,0,0
1,3,40154,0,0
2,8,40155,0,0
3,1,40156,0,0
4,7,40157,0,0
5,7,40158,0,0
6,1,40159,0,0
7,7,40160,0,0
0,5,40161,0,0
1,3,40162,0,0
2,8,40163,0,0
3,7,40164,0,0
4,7,40165,0,0
5,7,40166,0,0
6,8,40167,0,0
7,7,40168,0,0
0,7,40169,0,0
1,3,40170,0,0
2,8,40171,0,0
3,7,40172,0,0
4,7,40173,0,0
5,7,40174,0,0
6,2,40175,0,0
7,7,40176,0,0
0,6,40177,0,0
1,3,40178,0,0
2,8,40179,0,0
3,7,40180,0,0
4,7,40181,0,0
5,7,40182,0,0
6,3,40183,0,0
7,7,40184,0,0
0,6,40185,0,0
1,3,40186,0,0
2,8,40187,0,0
3,7,40188,0,0
4,6,40189,0,0
5,7,40190,0,0
6,8,40191,0,0
7,7,40192,0,0
0,5,40193,0,0
1,3,40194,0,0
2,8,40195,0,0
3,7,40196,0,0
4,6,40197,0,0
5,7,40198,0,0
6,8,40199,0,0
7,7,40200,0,0
0,5,40201,0,0
1,3,40202,0,0
2,8,40203,0,0
3,7,40204,0,0
4,8,40205,0,0
5,7,40206,0,0
6,8,40207,0,0
7,7,40208,0,0
0,5,40209,0,0
1,3,40210,0,0
2,8,40211,0,0
3,7,40212,0,0
4,7,40213,0,0
5,7,40214,0,0
6,8,40215,0,0
7,7,40216,0,0
0,5,40217,0,0
1,3,40218,0,0
2,8,40219,0,0
3,5,40220,0,0
4,1,40221,0,0
5,7,40222,0,0
6,8,40223,0,0
7,5,40224,0,0
0,5,40225,0,0
1,1,40226,0,0
2,8,40227,0,0
3,1,40228,0,0
4,1,40229,0,0
5,7,40230,0,0
6,8,40231,0,0
7,5,40232,0,0
0,5,40233,0,0
1,1,40234,0,0
2,8,40235,0,0
3,1,40236,0,0
4,1,40237,0,0
5,8,40238,0,0
6,8,40239,0,0
7,5,40240,0,0
0,5,40241,0,0
1,1,40242,0,0
2,8,40243,0,0
3,1,40244,0,0
4,8,40245,0,0
5,7,40246,0,0
6,8,40247,0,0
7,5,40248,0,0
0,7,40249,0,0
1,1,40250,0,0
2,8,40251,0,0
3,1,40252,0,0
4,8,40253,0,0
5,7,40254,0,0
6,8,40255,0,0
7,1,40256,0,0
0,7,40257,0,0
1,1,40258,0,0
2,8,40259,0,0
3,1,40260,0,0
4,1,40261,0,0
5,7,40262,0,0
6,8,40263,0,0
7,1,40264,0,0
0,7,40265,0,0
1,1,40266,0,0
2,8,40267,0,0
3,1,40268,0,0
4,1,40269,0,0
5,7,40270,0,0
6,8,40271,0,0
7,7,40272,0,0
0,7,40273,0,0
1,1,40274,0,0
2,8,40275,0,0
3,6,40276,0,0
4,1,40277,0,0
5,7,40278,0,0
6,8,40279,0,0
7,7,40280,0,0
0,7,40281,0,0
1,1,40282,0,0
2,8,40283,0,0
3,1,40284,0,0
4,1,40285,0,0
5,7,40286,0,0
6,5,40287,0,0
7,5,40288,0,0
0,7,40289,0,0
1,1,40290,0,0
2,8,40291,0,0
3,1,40292,0,0
4,1,40293,0,0
5,7,40294,0,0
6,2,40295,0,0
7,5,40296,0,0
0,5,40297,0,0
1,1,40298,0,0
2,8,40299,0,0
3,1,40300,0,0
4,1,40301,0,0
5,5,40302,0,0
6,1,40303,0,0
7,5,40304,0,0
0,6,40305,0,0
1,1,40306,0,0
2,1,40307,0,0
3,1,40308,0,0
4,1,40309,0,0
5,5,40310,0,0
6,1,40311,0,0
7,5,40312,0,0
0,6,40313,0,0
1,1,40314,0,0
2,8,40315,0,0
3,1,40316,0,0
4,7,40317,0,0
5,5,40318,0,0
6,8,40319,0,0
7,1,40320,0,0
0,6,40321,0,0
1,1,40322,0,0
2,8,40323,0,0
3,8,40324,0,0
4,4,40325,0,0
5,7,40326,0,0
6,1,40327,0,0
7,1,40328,0,0
0,6,40329,0,0
1,1,40330,0,0
2,8,40331,0,0
3,8,40332,0,0
4,4,40333,0,0
5,7,40334,0,0
6,8,40335,0,0
7,1,40336,0,0
0,6,40337,0,0
1,1,40338,0,0
2,8,40339,0,0
3,8,40340,0,0
4,4,40341,0,0
5,7,40342,0,0
6,8,40343,0,0
7,1,40344,0,0
0,6,40345,0,0
1,1,40346,0,0
2,2,40347,0,0
3,2,40348,0,0
4,4,40349,0,0
5,7,40350,0,0
6,8,40351,0,0
7,1,40352,0,0
0,6,40353,0,0
1,1,40354,0,0
2,2,40355,0,0
3,3,40356,0,0
4,4,40357,0,0
5,7,40358,0,0
6,8,40359,0,0
7,1,40360,0,0
0,8,40361,0,0
1,1,40362,0,0
2,2,40363,0,0
3,3,40364,0,0
4,1,40365,0,0
5,5,40366,0,0
6,8,40367,0,0
7,1,40368,0,0
0,8,40369,0,0
1,1,40370,0,0
2,2,40371,0,0
3,3,40372,0,0
4,8,40373,0,0
5,7,40374,0,0
6,1,40375,0,0
7,1,40376,0,0
0,8,40377,0,0
1,6,40378,0,0
2,2,40379,0,0
3,3,40380,0,0
4,7,40381,0,0
5,7,40382,0,0
6,1,40383,0,0
7,1,40384,0,0
0,6,40385,0,0
1,7,40386,0,0
2,2,40387,0,0
3,3,40388,0,0
4,7,40389,0,0
5,7,40390,0,0
6,2,40391,0,0
7,1,40392,0,0
0,6,40393,0,0
1,7,40394,0,0
2,2,40395,0,0
3,3,40396,0,0
4,6,40397,0,0
5,7,40398,0,0
6,4,40399,0,0
7,1,40400,0,0
0,6,40401,0,0
1,7,40402,0,0
2,8,40403,0,0
3,3,40404,0,0
4,7,40405,0,0
5,8,40406,0,0
6,3,40407,0,0
7,2,40408,0,0
0,7,40409,0,0
1,6,40410,0,0
2,6,40411,0,0
3,1,40412,0,0
4,1,40413,0,0
5,3,40414,0,0
6,5,40415,0,0
7,1,40416,0,0
0,7,40417,0,0
1,6,40418,0,0
2,5,40419,0,0
3,5,40420,0,0
4,8,40421,0,0
5,7,40422,0,0
6,5,40423,0,0
7,1,40424,0,0
0,6,40425,0,0
1,7,40426,0,0
2,4,40427,0,0
3,5,40428,0,0
4,8,40429,0,0
5,8,40430,0,0
6,5,40431,0,0
7,1,40432,0,0
0,8,40433,0,0
1,7,40434,0,0
2,4,40435,0,0
3,5,40436,0,0
4,8,40437,0,0
5,8,40438,0,0
6,3,40439,0,0
7,1,40440,0,0
0,6,40441,0,0
1,7,40442,0,0
2,7,40443,0,0
3,7,40444,0,0
4,8,40445,0,0
5,4,40446,0,0
6,3,40447,0,0
7,1,40448,0,0
0,6,40449,0,0
1,7,40450,0,0
2,8,40451,0,0
3,5,40452,0,0
4,8,40453,0,0
5,4,40454,0,0
6,3,40455,0,0
7,1,40456,0,0
0,6,40457,0,0
1,7,40458,0,0
2,1,40459,0,0
3,1,40460,0,0
4,8,40461,0,0
5,2,40462,0,0
6,3,40463,0,0
7,1,40464,0,0
0,6,40465,0,0
1,7,40466,0,0
2,1,40467,0,0
3,1,40468,0,0
4,7,40469,0,0
5,2,40470,0,0
6,4,40471,0,0
7,1,40472,0,0
0,6,40473,0,0
1,7,40474,0,0
2,1,40475,0,0
3,1,40476,0,0
4,8,40477,0,0
5,8,40478,0,0
6,4,40479,0,0
7,1,40480,0,0
0,6,40481,0,0
1,7,40482,0,0
2,1,40483,0,0
3,1,40484,0,0
4,1,40485,0,0
5,8,40486,0,0
6,6,40487,0,0
7,1,40488,0,0
0,6,40489,0,0
1,7,40490,0,0
2,1,40491,0,0
3,1,40492,0,0
4,1,40493,0,0
5,8,40494,0,0
6,3,40495,0,0
7,3,40496,0,0
0,6,40497,0,0
1,7,40498,0,0
2,1,40499,0,0
3,1,40500,0,0
4,1,40501,0,0
5,8,40502,0,0
6,3,40503,0,0
7,3,40504,0,0
0,6,40505,0,0
1,7,40506,0,0
2,8,40507,0,0
3,7,40508,0,0
4,7,40509,0,0
5,1,40510,0,0
6,3,40511,0,0
7,3,40512,0,0
0,6,40513,0,0
1,1,40514,0,0
2,7,40515,0,0
3,7,40516,0,0
4,7,40517,0,0
5,8,40518,0,0
6,3,40519,0,0
7,7,40520,0,0
0,6,40521,0,0
1,7,40522,0,0
2,7,40523,0,0
3,1,40524,0,0
4,7,40525,0,0
5,8,40526,0,0
6,3,40527,0,0
7,7,40528,0,0
0,6,40529,0,0
1,6,40530,0,0
2,7,40531,0,0
3,7,40532,0,0
4,7,40533,0,0
5,8,40534,0,0
6,3,40535,0,0
7,7,40536,0,0
0,6,40537,0,0
1,5,40538,0,0
2,6,40539,0,0
3,7,40540,0,0
4,7,40541,0,0
5,8,40542,0,0
6,4,40543,0,0
7,3,40544,0,0
0,5,40545,0,0
1,5,40546,0,0
2,1,40547,0,0
3,7,40548,0,0
4,7,40549,0,0
5,8,40550,0,0
6,4,40551,0,0
7,3,40552,0,0
0,5,40553,0,0
1,6,40554,0,0
2,6,40555,0,0
3,7,40556,0,0
4,8,40557,0,0
5,7,40558,0,0
6,5,40559,0,0
7,3,40560,0,0
0,6,40561,0,0
1,6,40562,0,0
2,1,40563,0,0
3,0,40564,0,0
4,1,40565,0,0
5,8,40566,0,0
6,4,40567,0,0
7,3,40568,0,0
0,6,40569,0,0
1,6,40570,0,0
2,7,40571,0,0
3,7,40572,0,0
4,7,40573,0,0
5,7,40574,0,0
6,6,40575,0,0
7,3,40576,0,0
0,6,40577,0,0
1,6,40578,0,0
2,7,40579,0,0
3,7,40580,0,0
4,7,40581,0,0
5,1,40582,0,0
6,6,40583,0,0
7,1,40584,0,0
0,6,40585,0,0
1,6,40586,0,0
2,1,40587,0,0
3,7,40588,0,0
4,8,40589,0,0
5,1,40590,0,0
6,6,40591,0,0
7,3,40592,0,0
0,5,40593,0,0
1,6,40594,0,0
2,1,40595,0,0
3,7,40596,0,0
4,8,40597,0,0
5,1,40598,0,0
6,6,40599,0,0
7,3,40600,0,0
0,6,40601,0,0
1,7,40602,0,0
2,1,40603,0,0
3,7,40604,0,0
4,1,40605,0,0
5,1,40606,0,0
6,1,40607,0,0
7,3,40608,0,0
0,5,40609,0,0
1,7,40610,0,0
2,6,40611,0,0
3,7,40612,0,0
4,1,40613,0,0
5,1,40614,0,0
6,1,40615,0,0
7,3,40616,0,0
0,5,40617,0,0
1,7,40618,0,0
2,1,40619,0,0
3,7,40620,0,0
4,7,40621,0,0
5,1,40622,0,0
6,2,40623,0,0
7,3,40624,0,0
0,5,40625,0,0
1,6,40626,0,0
2,1,40627,0,0
3,7,40628,0,0
4,7,40629,0,0
5,1,40630,0,0
6,5,40631,0,0
7,3,40632,0,0
0,5,40633,0,0
1,6,40634,0,0
2,7,40635,0,0
3,7,40636,0,0
4,7,40637,0,0
5,1,40638,0,0
6,2,40639,0,0
7,3,40640,0,0
0,5,40641,0,0
1,6,40642,0,0
2,1,40643,0,0
3,7,40644,0,0
4,7,40645,0,0
5,1,40646,0,0
6,2,40647,0,0
7,4,40648,0,0
0,6,40649,0,0
1,5,40650,0,0
2,1,40651,0,0
3,1,40652,0,0
4,7,40653,0,0
5,1,40654,0,0
6,2,40655,0,0
7,3,40656,0,0
0,5,40657,0,0
1,1,40658,0,0
2,6,40659,0,0
3,1,40660,0,0
4,7,40661,0,0
5,7,40662,0,0
6,5,40663,0,0
7,3,40664,0,0
0,6,40665,0,0
1,1,40666,0,0
2,6,40667,0,0
3,1,40668,0,0
4,7,40669,0,0
5,7,40670,0,0
6,5,40671,0,0
7,3,40672,0,0
0,5,40673,0,0
1,1,40674,0,0
2,6,40675,0,0
3,1,40676,0,0
4,7,40677,0,0
5,7,40678,0,0
6,1,40679,0,0
7,3,40680,0,0
0,6,40681,0,0
1,1,40682,0,0
2,6,40683,0,0
3,1,40684,0,0
4,8,40685,0,0
5,7,40686,0,0
6,2,40687,0,0
7,3,40688,0,0
0,6,40689,0,0
1,1,40690,0,0
2,6,40691,0,0
3,1,40692,0,0
4,8,40693,0,0
5,7,40694,0,0
6,2,40695,0,0
7,4,40696,0,0
0,5,40697,0,0
1,1,40698,0,0
2,6,40699,0,0
3,8,40700,0,0
4,8,40701,0,0
5,1,40702,0,0
6,2,40703,0,0
7,4,40704,0,0
0,5,40705,0,0
1,6,40706,0,0
2,6,40707,0,0
3,8,40708,0,0
4,8,40709,0,0
5,1,40710,0,0
6,1,40711,0,0
7,4,40712,0,0
0,5,40713,0,0
1,7,40714,0,0
2,7,40715,0,0
3,1,40716,0,0
4,7,40717,0,0
5,8,40718,0,0
6,1,40719,0,0
7,7,40720,0,0
0,5,40721,0,0
1,7,40722,0,0
2,7,40723,0,0
3,1,40724,0,0
4,7,40725,0,0
5,7,40726,0,0
6,1,40727,0,0
7,7,40728,0,0
0,5,40729,0,0
1,7,40730,0,0
2,7,40731,0,0
3,1,40732,0,0
4,7,40733,0,0
5,8,40734,0,0
6,1,40735,0,0
7,7,40736,0,0
0,5,40737,0,0
1,8,40738,0,0
2,7,40739,0,0
3,1,40740,0,0
4,8,40741,0,0
5,8,40742,0,0
6,5,40743,0,0
7,3,40744,0,0
0,5,40745,0,0
1,7,40746,0,0
2,7,40747,0,0
3,1,40748,0,0
4,7,40749,0,0
5,8,40750,0,0
6,5,40751,0,0
7,7,40752,0,0
0,8,40753,0,0
1,8,40754,0,0
2,6,40755,0,0
3,8,40756,0,0
4,7,40757,0,0
5,7,40758,0,0
6,1,40759,0,0
7,4,40760,0,0
0,2,40761,0,0
1,7,40762,0,0
2,6,40763,0,0
3,8,40764,0,0
4,1,40765,0,0
5,7,40766,0,0
6,5,40767,0,0
7,4,40768,0,0
0,4,40769,0,0
1,1,40770,0,0
2,6,40771,0,0
3,5,40772,0,0
4,1,40773,0,0
5,8,40774,0,0
6,5,40775,0,0
7,4,40776,0,0
0,4,40777,0,0
1,1,40778,0,0
2,6,40779,0,0
3,5,40780,0,0
4,8,40781,0,0
5,7,40782,0,0
6,5,40783,0,0
7,4,40784,0,0
0,6,40785,0,0
1,1,40786,0,0
2,6,40787,0,0
3,8,40788,0,0
4,8,40789,0,0
5,1,40790,0,0
6,1,40791,0,0
7,3,40792,0,0
0,5,40793,0,0
1,1,40794,0,0
2,6,40795,0,0
3,8,40796,0,0
4,7,40797,0,0
5,8,40798,0,0
6,1,40799,0,0
7,3,40800,0,0
0,6,40801,0,0
1,1,40802,0,0
2,6,40803,0,0
3,2,40804,0,0
4,7,40805,0,0
5,8,40806,0,0
6,1,40807,0,0
7,3,40808,0,0
0,6,40809,0,0
1,7,40810,0,0
2,6,40811,0,0
3,3,40812,0,0
4,7,40813,0,0
5,2,40814,0,0
6,5,40815,0,0
7,3,40816,0,0
0,6,40817,0,0
1,7,40818,0,0
2,6,40819,0,0
3,3,40820,0,0
4,7,40821,0,0
5,8,40822,0,0
6,4,40823,0,0
7,3,40824,0,0
0,6,40825,0,0
1,7,40826,0,0
2,6,40827,0,0
3,2,40828,0,0
4,4,40829,0,0
5,8,40830,0,0
6,0,40831,0,0
7,3,40832,0,0
0,6,40833,0,0
1,7,40834,0,0
2,6,40835,0,0
3,2,40836,0,0
4,4,40837,0,0
5,8,40838,0,0
6,0,40839,0,0
7,3,40840,0,0
0,6,40841,0,0
1,7,40842,0,0
2,6,40843,0,0
3,1,40844,0,0
4,4,40845,0,0
5,7,40846,0,0
6,4,40847,0,0
7,3,40848,0,0
0,6,40849,0,0
1,7,40850,0,0
2,6,40851,0,0
3,1,40852,0,0
4,4,40853,0,0
5,7,40854,0,0
6,4,40855,0,0
7,3,40856,0,0
0,6,40857,0,0
1,7,40858,0,0
2,6,40859,0,0
3,1,40860,0,0
4,4,40861,0,0
5,3,40862,0,0
6,4,40863,0,0
7,1,40864,0,0
0,6,40865,0,0
1,7,40866,0,0
2,6,40867,0,0
3,1,40868,0,0
4,4,40869,0,0
5,7,40870,0,0
6,4,40871,0,0
7,1,40872,0,0
0,5,40873,0,0
1,7,40874,0,0
2,6,40875,0,0
3,8,40876,0,0
4,7,40877,0,0
5,7,40878,0,0
6,4,40879,0,0
7,7,40880,0,0
0,6,40881,0,0
1,7,40882,0,0
2,7,40883,0,0
3,8,40884,0,0
4,8,40885,0,0
5,7,40886,0,0
6,4,40887,0,0
7,4,40888,0,0
0,5,40889,0,0
1,7,40890,0,0
2,7,40891,0,0
3,5,40892,0,0
4,7,40893,0,0
5,7,40894,0,0
6,4,40895,0,0
7,5,40896,0,0
0,5,40897,0,0
1,7,40898,0,0
2,6,40899,0,0
3,7,40900,0,0
4,7,40901,0,0
5,7,40902,0,0
6,4,40903,0,0
7,5,40904,0,0
0,5,40905,0,0
1,7,40906,0,0
2,7,40907,0,0
3,7,40908,0,0
4,6,40909,0,0
5,5,40910,0,0
6,4,40911,0,0
7,5,40912,0,0
0,6,40913,0,0
1,7,40914,0,0
2,6,40915,0,0
3,5,40916,0,0
4,7,40917,0,0
5,5,40918,0,0
6,4,40919,0,0
7,5,40920,0,0
0,6,40921,0,0
1,7,40922,0,0
2,0,40923,0,0
3,7,40924,0,0
4,1,40925,0,0
5,5,40926,0,0
6,3,40927,0,0
7,5,40928,0,0
0,6,40929,0,0
1,7,40930,0,0
2,7,40931,0,0
3,7,40932,0,0
4,1,40933,0,0
5,5,40934,0,0
6,3,40935,0,0
7,5,40936,0,0
0,5,40937,0,0
1,7,40938,0,0
2,8,40939,0,0
3,6,40940,0,0
4,1,40941,0,0
5,7,40942,0,0
6,3,40943,0,0
7,5,40944,0,0
0,5,40945,0,0
1,7,40946,0,0
2,6,40947,0,0
3,1,40948,0,0
4,1,40949,0,0
5,5,40950,0,0
6,3,40951,0,0
7,5,40952,0,0
0,5,40953,0,0
1,7,40954,0,0
2,6,40955,0,0
3,1,40956,0,0
4,4,40957,0,0
5,5,40958,0,0
6,3,40959,0,0
7,5,40960,0,0
0,5,40961,0,0
1,7,40962,0,0
2,7,40963,0,0
3,1,40964,0,0
4,8,40965,0,0
5,3,40966,0,0
6,5,40967,0,0
7,5,40968,0,0
0,5,40969,0,0
1,7,40970,0,0
2,7,40971,0,0
3,1,40972,0,0
4,8,40973,0,0
5,7,40974,0,0
6,2,40975,0,0
7,5,40976,0,0
0,5,40977,0,0
1,7,40978,0,0
2,7,40979,0,0
3,0,40980,0,0
4,6,40981,0,0
5,7,40982,0,0
6,8,40983,0,0
7,5,40984,0,0
0,5,40985,0,0
1,1,40986,0,0
2,7,40987,0,0
3,6,40988,0,0
4,8,40989,0,0
5,7,40990,0,0
6,2,40991,0,0
7,5,40992,0,0
0,5,40993,0,0
1,1,40994,0,0
2,7,40995,0,0
3,7,40996,0,0
4,8,40997,0,0
5,3,40998,0,0
6,2,40999,0,0
7,5,41000,0,0
0,4,41001,0,0
1,1,41002,0,0
2,8,41003,0,0
3,7,41004,0,0
4,7,41005,0,0
5,7,41006,0,0
6,8,41007,0,0
7,5,41008,0,0
0,5,41009,0,0
1,1,41010,0,0
2,8,41011,0,0
3,7,41012,0,0
4,4,41013,0,0
5,7,41014,0,0
6,2,41015,0,0
7,5,41016,0,0
0,6,41017,0,0
1,1,41018,0,0
2,8,41019,0,0
3,7,41020,0,0
4,4,41021,0,0
5,7,41022,0,0
6,2,41023,0,0
7,5,41024,0,0
0,6,41025,0,0
1,1,41026,0,0
2,8,41027,0,0
3,0,41028,0,0
4,4,41029,0,0
5,7,41030,0,0
6,8,41031,0,0
7,5,41032,0,0
0,6,41033,0,0
1,1,41034,0,0
2,8,41035,0,0
3,0,41036,0,0
4,1,41037,0,0
5,7,41038,0,0
6,8,41039,0,0
7,5,41040,0,0
0,6,41041,0,0
1,1,41042,0,0
2,8,41043,0,0
3,7,41044,0,0
4,1,41045,0,0
5,7,41046,0,0
6,8,41047,0,0
7,5,41048,0,0
0,5,41049,0,0
1,1,41050,0,0
2,8,41051,0,0
3,7,41052,0,0
4,8,41053,0,0
5,4,41054,0,0
6,8,41055,0,0
7,5,41056,0,0
0,5,41057,0,0
1,1,41058,0,0
2,8,41059,0,0
3,7,41060,0,0
4,8,41061,0,0
5,7,41062,0,0
6,8,41063,0,0
7,5,41064,0,0
0,5,41065,0,0
1,1,41066,0,0
2,1,41067,0,0
3,0,41068,0,0
4,8,41069,0,0
5,4,41070,0,0
6,8,41071,0,0
7,5,41072,0,0
0,5,41073,0,0
1,1,41074,0,0
2,1,41075,0,0
3,0,41076,0,0
4,8,41077,0,0
5,4,41078,0,0
6,8,41079,0,0
7,5,41080,0,0
0,8,41081,0,0
1,1,41082,0,0
2,7,41083,0,0
3,0,41084,0,0
4,8,41085,0,0
5,8,41086,0,0
6,8,41087,0,0
7,5,41088,0,0
0,5,41089,0,0
1,1,41090,0,0
2,1,41091,0,0
3,7,41092,0,0
4,8,41093,0,0
5,7,41094,0,0
6,8,41095,0,0
7,5,41096,0,0
0,5,41097,0,0
1,1,41098,0,0
2,1,41099,0,0
3,7,41100,0,0
4,8,41101,0,0
5,7,41102,0,0
6,8,41103,0,0
7,5,41104,0,0
0,8,41105,0,0
1,1,41106,0,0
2,7,41107,0,0
3,8,41108,0,0
4,8,41109,0,0
5,8,41110,0,0
6,8,41111,0,0
7,5,41112,0,0
0,5,41113,0,0
1,1,41114,0,0
2,1,41115,0,0
3,6,41116,0,0
4,6,41117,0,0
5,8,41118,0,0
6,8,41119,0,0
7,5,41120,0,0
0,5,41121,0,0
1,1,41122,0,0
2,1,41123,0,0
3,8,41124,0,0
4,6,41125,0,0
5,8,41126,0,0
6,8,41127,0,0
7,5,41128,0,0
0,8,41129,0,0
1,1,41130,0,0
2,1,41131,0,0
3,1,41132,0,0
4,0,41133,0,0
5,8,41134,0,0
6,8,41135,0,0
7,5,41136,0,0
0,8,41137,0,0
1,7,41138,0,0
2,8,41139,0,0
3,1,41140,0,0
4,0,41141,0,0
5,8,41142,0,0
6,8,41143,0,0
7,5,41144,0,0
0,8,41145,0,0
1,7,41146,0,0
2,7,41147,0,0
3,1,41148,0,0
4,0,41149,0,0
5,7,41150,0,0
6,8,41151,0,0
7,5,41152,0,0
0,5,41153,0,0
1,7,41154,0,0
2,4,41155,0,0
3,1,41156,0,0
4,0,41157,0,0
5,7,41158,0,0
6,8,41159,0,0
7,5,41160,0,0
0,5,41161,0,0
1,7,41162,0,0
2,7,41163,0,0
3,1,41164,0,0
4,0,41165,0,0
5,7,41166,0,0
6,8,41167,0,0
7,5,41168,0,0
0,8,41169,0,0
1,8,41170,0,0
2,7,41171,0,0
3,1,41172,0,0
4,0,41173,0,0
5,8,41174,0,0
6,2,41175,0,0
7,5,41176,0,0
0,5,41177,0,0
1,8,41178,0,0
2,7,41179,0,0
3,8,41180,0,0
4,0,41181,0,0
5,7,41182,0,0
6,1,41183,0,0
7,5,41184,0,0
0,5,41185,0,0
1,8,41186,0,0
2,4,41187,0,0
3,6,41188,0,0
4,4,41189,0,0
5,4,41190,0,0
6,1,41191,0,0
7,5,41192,0,0
0,5,41193,0,0
1,8,41194,0,0
2,4,41195,0,0
3,7,41196,0,0
4,4,41197,0,0
5,7,41198,0,0
6,1,41199,0,0
7,5,41200,0,0
0,5,41201,0,0
1,8,41202,0,0
2,8,41203,0,0
3,7,41204,0,0
4,4,41205,0,0
5,7,41206,0,0
6,1,41207,0,0
7,5,41208,0,0
0,5,41209,0,0
1,8,41210,0,0
2,2,41211,0,0
3,6,41212,0,0
4,4,41213,0,0
5,7,41214,0,0
6,1,41215,0,0
7,5,41216,0,0
0,8,41217,0,0
1,8,41218,0,0
2,1,41219,0,0
3,6,41220,0,0
4,4,41221,0,0
5,7,41222,0,0
6,1,41223,0,0
7,5,41224,0,0
0,6,41225,0,0
1,8,41226,0,0
2,1,41227,0,0
3,8,41228,0,0
4,4,41229,0,0
5,7,41230,0,0
6,1,41231,0,0
7,5,41232,0,0
0,6,41233,0,0
1,8,41234,0,0
2,1,41235,0,0
3,8,41236,0,0
4,1,41237,0,0
5,7,41238,0,0
6,1,41239,0,0
7,1,41240,0,0
0,8,41241,0,0
1,1,41242,0,0
2,1,41243,0,0
3,1,41244,0,0
4,7,41245,0,0
5,7,41246,0,0
6,1,41247,0,0
7,1,41248,0,0
0,5,41249,0,0
1,1,41250,0,0
2,2,41251,0,0
3,3,41252,0,0
4,0,41253,0,0
5,7,41254,0,0
6,1,41255,0,0
7,1,41256,0,0
0,5,41257,0,0
1,1,41258,0,0
2,1,41259,0,0
3,3,41260,0,0
4,8,41261,0,0
5,7,41262,0,0
6,1,41263,0,0
7,1,41264,0,0
0,6,41265,0,0
1,1,41266,0,0
2,8,41267,0,0
3,3,41268,0,0
4,8,41269,0,0
5,7,41270,0,0
6,1,41271,0,0
7,1,41272,0,0
0,6,41273,0,0
1,1,41274,0,0
2,7,41275,0,0
3,3,41276,0,0
4,0,41277,0,0
5,7,41278,0,0
6,1,41279,0,0
7,1,41280,0,0
0,6,41281,0,0
1,6,41282,0,0
2,7,41283,0,0
3,0,41284,0,0
4,8,41285,0,0
5,7,41286,0,0
6,1,41287,0,0
7,1,41288,0,0
0,4,41289,0,0
1,6,41290,0,0
2,8,41291,0,0
3,0,41292,0,0
4,8,41293,0,0
5,7,41294,0,0
6,8,41295,0,0
7,1,41296,0,0
0,5,41297,0,0
1,1,41298,0,0
2,8,41299,0,0
3,0,41300,0,0
4,0,41301,0,0
5,7,41302,0,0
6,2,41303,0,0
7,1,41304,0,0
0,5,41305,0,0
1,6,41306,0,0
2,8,41307,0,0
3,0,41308,0,0
4,0,41309,0,0
5,7,41310,0,0
6,8,41311,0,0
7,1,41312,0,0
0,5,41313,0,0
1,7,41314,0,0
2,8,41315,0,0
3,0,41316,0,0
4,0,41317,0,0
5,5,41318,0,0
6,1,41319,0,0
7,2,41320,0,0
0,5,41321,0,0
1,1,41322,0,0
2,7,41323,0,0
3,0,41324,0,0
4,0,41325,0,0
5,7,41326,0,0
6,1,41327,0,0
7,2,41328,0,0
0,5,41329,0,0
1,4,41330,0,0
2,7,41331,0,0
3,0,41332,0,0
4,8,41333,0,0
5,7,41334,0,0
6,1,41335,0,0
7,1,41336,0,0
0,5,41337,0,0
1,3,41338,0,0
2,7,41339,0,0
3,0,41340,0,0
4,8,41341,0,0
5,7,41342,0,0
6,1,41343,0,0
7,1,41344,0,0
0,5,41345,0,0
1,4,41346,0,0
2,7,41347,0,0
3,0,41348,0,0
4,0,41349,0,0
5,7,41350,0,0
6,1,41351,0,0
7,1,41352,0,0
0,5,41353,0,0
1,4,41354,0,0
2,7,41355,0,0
3,0,41356,0,0
4,0,41357,0,0
5,7,41358,0,0
6,2,41359,0,0
7,1,41360,0,0
0,5,41361,0,0
1,4,41362,0,0
2,6,41363,0,0
3,0,41364,0,0
4,0,41365,0,0
5,2,41366,0,0
6,2,41367,0,0
7,1,41368,0,0
0,4,41369,0,0
1,3,41370,0,0
2,6,41371,0,0
3,0,41372,0,0
4,0,41373,0,0
5,2,41374,0,0
6,1,41375,0,0
7,1,41376,0,0
0,5,41377,0,0
1,3,41378,0,0
2,6,41379,0,0
3,0,41380,0,0
4,4,41381,0,0
5,2,41382,0,0
6,1,41383,0,0
7,1,41384,0,0
0,5,41385,0,0
1,3,41386,0,0
2,7,41387,0,0
3,0,41388,0,0
4,4,41389,0,0
5,2,41390,0,0
6,2,41391,0,0
7,6,41392,0,0
0,5,41393,0,0
1,4,41394,0,0
2,7,41395,0,0
3,0,41396,0,0
4,4,41397,0,0
5,2,41398,0,0
6,8,41399,0,0
7,7,41400,0,0
0,4,41401,0,0
1,4,41402,0,0
2,7,41403,0,0
3,0,41404,0,0
4,0,41405,0,0
5,7,41406,0,0
6,8,41407,0,0
7,7,41408,0,0
0,5,41409,0,0
1,4,41410,0,0
2,7,41411,0,0
3,0,41412,0,0
4,0,41413,0,0
5,2,41414,0,0
6,2,41415,0,0
7,7,41416,0,0
0,5,41417,0,0
1,4,41418,0,0
2,6,41419,0,0
3,0,41420,0,0
4,0,41421,0,0
5,7,41422,0,0
6,2,41423,0,0
7,6,41424,0,0
0,5,41425,0,0
1,3,41426,0,0
2,6,41427,0,0
3,0,41428,0,0
4,4,41429,0,0
5,2,41430,0,0
6,8,41431,0,0
7,6,41432,0,0
0,5,41433,0,0
1,3,41434,0,0
2,6,41435,0,0
3,0,41436,0,0
4,4,41437,0,0
5,2,41438,0,0
6,1,41439,0,0
7,6,41440,0,0
0,4,41441,0,0
1,4,41442,0,0
2,6,41443,0,0
3,0,41444,0,0
4,4,41445,0,0
5,1,41446,0,0
6,1,41447,0,0
7,5,41448,0,0
0,4,41449,0,0
1,6,41450,0,0
2,6,41451,0,0
3,0,41452,0,0
4,4,41453,0,0
5,1,41454,0,0
6,1,41455,0,0
7,5,41456,0,0
0,5,41457,0,0
1,4,41458,0,0
2,6,41459,0,0
3,0,41460,0,0
4,4,41461,0,0
5,1,41462,0,0
6,2,41463,0,0
7,6,41464,0,0
0,5,41465,0,0
1,6,41466,0,0
2,7,41467,0,0
3,0,41468,0,0
4,4,41469,0,0
5,1,41470,0,0
6,1,41471,0,0
7,6,41472,0,0
0,5,41473,0,0
1,1,41474,0,0
2,6,41475,0,0
3,0,41476,0,0
4,4,41477,0,0
5,2,41478,0,0
6,1,41479,0,0
7,6,41480,0,0
0,5,41481,0,0
1,4,41482,0,0
2,7,41483,0,0
3,0,41484,0,0
4,4,41485,0,0
5,2,41486,0,0
6,2,41487,0,0
7,6,41488,0,0
0,5,41489,0,0
1,7,41490,0,0
2,7,41491,0,0
3,0,41492,0,0
4,4,41493,0,0
5,5,41494,0,0
6,8,41495,0,0
7,6,41496,0,0
0,5,41497,0,0
1,7,41498,0,0
2,7,41499,0,0
3,0,41500,0,0
4,4,41501,0,0
5,5,41502,0,0
6,8,41503,0,0
7,6,41504,0,0
0,4,41505,0,0
1,7,41506,0,0
2,7,41507,0,0
3,0,41508,0,0
4,4,41509,0,0
5,5,41510,0,0
6,8,41511,0,0
7,6,41512,0,0
0,6,41513,0,0
1,7,41514,0,0
2,7,41515,0,0
3,0,41516,0,0
4,4,41517,0,0
5,5,41518,0,0
6,2,41519,0,0
7,6,41520,0,0
0,6,41521,0,0
1,7,41522,0,0
2,7,41523,0,0
3,0,41524,0,0
4,4,41525,0,0
5,7,41526,0,0
6,1,41527,0,0
7,6,41528,0,0
0,6,41529,0,0
1,7,41530,0,0
2,1,41531,0,0
3,0,41532,0,0
4,4,41533,0,0
5,5,41534,0,0
6,8,41535,0,0
7,6,41536,0,0
0,6,41537,0,0
1,7,41538,0,0
2,8,41539,0,0
3,0,41540,0,0
4,4,41541,0,0
5,5,41542,0,0
6,1,41543,0,0
7,6,41544,0,0
0,6,41545,0,0
1,7,41546,0,0
2,7,41547,0,0
3,0,41548,0,0
4,0,41549,0,0
5,5,41550,0,0
6,1,41551,0,0
7,6,41552,0,0
0,6,41553,0,0
1,7,41554,0,0
2,7,41555,0,0
3,0,41556,0,0
4,0,41557,0,0
5,8,41558,0,0
6,1,41559,0,0
7,6,41560,0,0
0,6,41561,0,0
1,7,41562,0,0
2,7,41563,0,0
3,0,41564,0,0
4,4,41565,0,0
5,8,41566,0,0
6,1,41567,0,0
7,6,41568,0,0
0,5,41569,0,0
1,7,41570,0,0
2,7,41571,0,0
3,0,41572,0,0
4,4,41573,0,0
5,8,41574,0,0
6,1,41575,0,0
7,6,41576,0,0
0,5,41577,0,0
1,7,41578,0,0
2,7,41579,0,0
3,0,41580,0,0
4,4,41581,0,0
5,8,41582,0,0
6,1,41583,0,0
7,6,41584,0,0
0,6,41585,0,0
1,7,41586,0,0
2,7,41587,0,0
3,0,41588,0,0
4,4,41589,0,0
5,5,41590,0,0
6,1,41591,0,0
7,6,41592,0,0
0,6,41593,0,0
1,7,41594,0,0
2,7,41595,0,0
3,0,41596,0,0
4,4,41597,0,0
5,5,41598,0,0
6,1,41599,0,0
7,6,41600,0,0
0,6,41601,0,0
1,4,41602,0,0
2,7,41603,0,0
3,0,41604,0,0
4,7,41605,0,0
5,5,41606,0,0
6,8,41607,0,0
7,6,41608,0,0
0,5,41609,0,0
1,7,41610,0,0
2,7,41611,0,0
3,0,41612,0,0
4,7,41613,0,0
5,7,41614,0,0
6,8,41615,0,0
7,6,41616,0,0
0,5,41617,0,0
1,7,41618,0,0
2,7,41619,0,0
3,0,41620,0,0
4,7,41621,0,0
5,3,41622,0,0
6,1,41623,0,0
7,6,41624,0,0
0,5,41625,0,0
1,7,41626,0,0
2,7,41627,0,0
3,0,41628,0,0
4,4,41629,0,0
5,7,41630,0,0
6,1,41631,0,0
7,6,41632,0,0
0,5,41633,0,0
1,4,41634,0,0
2,4,41635,0,0
3,7,41636,0,0
4,4,41637,0,0
5,7,41638,0,0
6,1,41639,0,0
7,6,41640,0,0
0,5,41641,0,0
1,4,41642,0,0
2,8,41643,0,0
3,7,41644,0,0
4,7,41645,0,0
5,8,41646,0,0
6,1,41647,0,0
7,6,41648,0,0
0,5,41649,0,0
1,4,41650,0,0
2,8,41651,0,0
3,7,41652,0,0
4,7,41653,0,0
5,7,41654,0,0
6,8,41655,0,0
7,6,41656,0,0
0,5,41657,0,0
1,4,41658,0,0
2,8,41659,0,0
3,7,41660,0,0
4,7,41661,0,0
5,7,41662,0,0
6,8,41663,0,0
7,7,41664,0,0
0,5,41665,0,0
1,4,41666,0,0
2,8,41667,0,0
3,7,41668,0,0
4,7,41669,0,0
5,1,41670,0,0
6,8,41671,0,0
7,7,41672,0,0
0,7,41673,0,0
1,4,41674,0,0
2,8,41675,0,0
3,0,41676,0,0
4,7,41677,0,0
5,1,41678,0,0
6,1,41679,0,0
7,7,41680,0,0
0,7,41681,0,0
1,6,41682,0,0
2,8,41683,0,0
3,0,41684,0,0
4,7,41685,0,0
5,1,41686,0,0
6,1,41687,0,0
7,7,41688,0,0
0,6,41689,0,0
1,6,41690,0,0
2,8,41691,0,0
3,0,41692,0,0
4,7,41693,0,0
5,1,41694,0,0
6,1,41695,0,0
7,7,41696,0,0
0,5,41697,0,0
1,6,41698,0,0
2,8,41699,0,0
3,8,41700,0,0
4,8,41701,0,0
5,1,41702,0,0
6,8,41703,0,0
7,7,41704,0,0
0,6,41705,0,0
1,7,41706,0,0
2,6,41707,0,0
3,7,41708,0,0
4,8,41709,0,0
5,1,41710,0,0
6,8,41711,0,0
7,7,41712,0,0
0,5,41713,0,0
1,7,41714,0,0
2,7,41715,0,0
3,7,41716,0,0
4,7,41717,0,0
5,1,41718,0,0
6,8,41719,0,0
7,7,41720,0,0
0,6,41721,0,0
1,7,41722,0,0
2,8,41723,0,0
3,7,41724,0,0
4,7,41725,0,0
5,1,41726,0,0
6,8,41727,0,0
7,7,41728,0,0
0,5,41729,0,0
1,6,41730,0,0
2,8,41731,0,0
3,7,41732,0,0
4,7,41733,0,0
5,1,41734,0,0
6,8,41735,0,0
7,7,41736,0,0
0,5,41737,0,0
1,6,41738,0,0
2,8,41739,0,0
3,7,41740,0,0
4,7,41741,0,0
5,1,41742,0,0
6,8,41743,0,0
7,7,41744,0,0
0,5,41745,0,0
1,6,41746,0,0
2,8,41747,0,0
3,7,41748,0,0
4,7,41749,0,0
5,1,41750,0,0
6,8,41751,0,0
7,7,41752,0,0
0,5,41753,0,0
1,6,41754,0,0
2,8,41755,0,0
3,7,41756,0,0
4,7,41757,0,0
5,1,41758,0,0
6,8,41759,0,0
7,7,41760,0,0
0,5,41761,0,0
1,6,41762,0,0
2,8,41763,0,0
3,7,41764,0,0
4,7,41765,0,0
5,1,41766,0,0
6,8,41767,0,0
7,7,41768,0,0
0,5,41769,0,0
1,6,41770,0,0
2,8,41771,0,0
3,7,41772,0,0
4,7,41773,0,0
5,1,41774,0,0
6,8,41775,0,0
7,7,41776,0,0
0,5,41777,0,0
1,6,41778,0,0
2,8,41779,0,0
3,0,41780,0,0
4,7,41781,0,0
5,1,41782,0,0
6,8,41783,0,0
7,7,41784,0,0
0,5,41785,0,0
1,6,41786,0,0
2,8,41787,0,0
3,0,41788,0,0
4,7,41789,0,0
5,1,41790,0,0
6,8,41791,0,0
7,7,41792,0,0
0,5,41793,0,0
1,6,41794,0,0
2,8,41795,0,0
3,0,41796,0,0
4,7,41797,0,0
5,1,41798,0,0
6,8,41799,0,0
7,7,41800,0,0
0,5,41801,0,0
1,6,41802,0,0
2,8,41803,0,0
3,0,41804,0,0
4,7,41805,0,0
5,7,41806,0,0
6,8,41807,0,0
7,7,41808,0,0
0,7,41809,0,0
1,6,41810,0,0
2,8,41811,0,0
3,0,41812,0,0
4,7,41813,0,0
5,7,41814,0,0
6,8,41815,0,0
7,7,41816,0,0
0,7,41817,0,0
1,6,41818,0,0
2,8,41819,0,0
3,0,41820,0,0
4,7,41821,0,0
5,7,41822,0,0
6,0,41823,0,0
7,7,41824,0,0
0,7,41825,0,0
1,6,41826,0,0
2,8,41827,0,0
3,0,41828,0,0
4,7,41829,0,0
5,7,41830,0,0
6,8,41831,0,0
7,7,41832,0,0
0,7,41833,0,0
1,7,41834,0,0
2,8,41835,0,0
3,0,41836,0,0
4,0,41837,0,0
5,7,41838,0,0
6,1,41839,0,0
7,7,41840,0,0
0,7,41841,0,0
1,7,41842,0,0
2,8,41843,0,0
3,0,41844,0,0
4,0,41845,0,0
5,7,41846,0,0
6,1,41847,0,0
7,7,41848,0,0
0,7,41849,0,0
1,7,41850,0,0
2,8,41851,0,0
3,0,41852,0,0
4,6,41853,0,0
5,7,41854,0,0
6,1,41855,0,0
7,3,41856,0,0
0,7,41857,0,0
1,8,41858,0,0
2,8,41859,0,0
3,0,41860,0,0
4,6,41861,0,0
5,8,41862,0,0
6,2,41863,0,0
7,1,41864,0,0
0,7,41865,0,0
1,8,41866,0,0
2,8,41867,0,0
3,0,41868,0,0
4,0,41869,0,0
5,8,41870,0,0
6,2,41871,0,0
7,1,41872,0,0
0,5,41873,0,0
1,7,41874,0,0
2,8,41875,0,0
3,0,41876,0,0
4,0,41877,0,0
5,7,41878,0,0
6,8,41879,0,0
7,1,41880,0,0
0,6,41881,0,0
1,7,41882,0,0
2,7,41883,0,0
3,2,41884,0,0
4,0,41885,0,0
5,7,41886,0,0
6,1,41887,0,0
7,1,41888,0,0
0,7,41889,0,0
1,7,41890,0,0
2,8,41891,0,0
3,3,41892,0,0
4,0,41893,0,0
5,7,41894,0,0
6,2,41895,0,0
7,2,41896,0,0
0,7,41897,0,0
1,6,41898,0,0
2,8,41899,0,0
3,3,41900,0,0
4,0,41901,0,0
5,7,41902,0,0
6,3,41903,0,0
7,2,41904,0,0
0,5,41905,0,0
1,5,41906,0,0
2,8,41907,0,0
3,8,41908,0,0
4,0,41909,0,0
5,7,41910,0,0
6,2,41911,0,0
7,1,41912,0,0
0,7,41913,0,0
1,6,41914,0,0
2,8,41915,0,0
3,8,41916,0,0
4,0,41917,0,0
5,7,41918,0,0
6,2,41919,0,0
7,1,41920,0,0
0,7,41921,0,0
1,6,41922,0,0
2,8,41923,0,0
3,8,41924,0,0
4,0,41925,0,0
5,7,41926,0,0
6,1,41927,0,0
7,1,41928,0,0
0,6,41929,0,0
1,7,41930,0,0
2,8,41931,0,0
3,6,41932,0,0
4,0,41933,0,0
5,7,41934,0,0
6,8,41935,0,0
7,1,41936,0,0
0,8,41937,0,0
1,7,41938,0,0
2,8,41939,0,0
3,8,41940,0,0
4,0,41941,0,0
5,7,41942,0,0
6,1,41943,0,0
7,2,41944,0,0
0,6,41945,0,0
1,7,41946,0,0
2,8,41947,0,0
3,6,41948,0,0
4,0,41949,0,0
5,7,41950,0,0
6,8,41951,0,0
7,2,41952,0,0
0,7,41953,0,0
1,7,41954,0,0
2,8,41955,0,0
3,8,41956,0,0
4,0,41957,0,0
5,7,41958,0,0
6,8,41959,0,0
7,2,41960,0,0
0,5,41961,0,0
1,8,41962,0,0
2,6,41963,0,0
3,8,41964,0,0
4,0,41965,0,0
5,7,41966,0,0
6,1,41967,0,0
7,2,41968,0,0
0,8,41969,0,0
1,8,41970,0,0
2,8,41971,0,0
3,8,41972,0,0
4,0,41973,0,0
5,7,41974,0,0
6,1,41975,0,0
7,1,41976,0,0
0,8,41977,0,0
1,8,41978,0,0
2,8,41979,0,0
3,8,41980,0,0
4,0,41981,0,0
5,7,41982,0,0
6,1,41983,0,0
7,1,41984,0,0
0,8,41985,0,0
1,7,41986,0,0
2,8,41987,0,0
3,8,41988,0,0
4,0,41989,0,0
5,7,41990,0,0
6,8,41991,0,0
7,1,41992,0,0
0,8,41993,0,0
1,7,41994,0,0
2,8,41995,0,0
3,8,41996,0,0
4,8,41997,0,0
5,8,41998,0,0
6,8,41999,0,0
7,1,42000,0,0
0,8,42001,0,0
1,7,42002,0,0
2,8,42003,0,0
3,8,42004,0,0
4,8,42005,0,0
5,7,42006,0,0
6,8,42007,0,0
7,1,42008,0,0
0,6,42009,0,0
1,7,42010,0,0
2,8,42011,0,0
3,8,42012,0,0
4,7,42013,0,0
5,7,42014,0,0
6,1,42015,0,0
7,1,42016,0,0
0,6,42017,0,0
1,7,42018,0,0
2,7,42019,0,0
3,1,42020,0,0
4,0,42021,0,0
5,7,42022,0,0
6,1,42023,0,0
7,1,42024,0,0
0,6,42025,0,0
1,6,42026,0,0
2,7,42027,0,0
3,1,42028,0,0
4,7,42029,0,0
5,7,42030,0,0
6,8,42031,0,0
7,1,42032,0,0
0,6,42033,0,0
1,6,42034,0,0
2,6,42035,0,0
3,1,42036,0,0
4,4,42037,0,0
5,7,42038,0,0
6,8,42039,0,0
7,1,42040,0,0
0,5,42041,0,0
1,6,42042,0,0
2,6,42043,0,0
3,1,42044,0,0
4,4,42045,0,0
5,2,42046,0,0
6,1,42047,0,0
7,1,42048,0,0
0,7,42049,0,0
1,6,42050,0,0
2,8,42051,0,0
3,1,42052,0,0
4,4,42053,0,0
5,2,42054,0,0
6,1,42055,0,0
7,1,42056,0,0
0,6,42057,0,0
1,7,42058,0,0
2,8,42059,0,0
3,1,42060,0,0
4,7,42061,0,0
5,2,42062,0,0
6,1,42063,0,0
7,1,42064,0,0
0,6,42065,0,0
1,7,42066,0,0
2,8,42067,0,0
3,1,42068,0,0
4,7,42069,0,0
5,2,42070,0,0
6,1,42071,0,0
7,1,42072,0,0
0,6,42073,0,0
1,7,42074,0,0
2,8,42075,0,0
3,1,42076,0,0
4,4,42077,0,0
5,2,42078,0,0
6,1,42079,0,0
7,1,42080,0,0
0,6,42081,0,0
1,7,42082,0,0
2,8,42083,0,0
3,1,42084,0,0
4,4,42085,0,0
5,2,42086,0,0
6,1,42087,0,0
7,1,42088,0,0
0,6,42089,0,0
1,7,42090,0,0
2,8,42091,0,0
3,2,42092,0,0
4,0,42093,0,0
5,2,42094,0,0
6,1,42095,0,0
7,1,42096,0,0
0,6,42097,0,0
1,7,42098,0,0
2,8,42099,0,0
3,1,42100,0,0
4,0,42101,0,0
5,7,42102,0,0
6,1,42103,0,0
7,1,42104,0,0
0,6,42105,0,0
1,7,42106,0,0
2,8,42107,0,0
3,8,42108,0,0
4,7,42109,0,0
5,1,42110,0,0
6,1,42111,0,0
7,1,42112,0,0
0,6,42113,0,0
1,7,42114,0,0
2,8,42115,0,0
3,7,42116,0,0
4,7,42117,0,0
5,7,42118,0,0
6,1,42119,0,0
7,2,42120,0,0
0,6,42121,0,0
1,7,42122,0,0
2,1,42123,0,0
3,8,42124,0,0
4,7,42125,0,0
5,8,42126,0,0
6,1,42127,0,0
7,2,42128,0,0
0,6,42129,0,0
1,7,42130,0,0
2,7,42131,0,0
3,0,42132,0,0
4,7,42133,0,0
5,7,42134,0,0
6,1,42135,0,0
7,2,42136,0,0
0,6,42137,0,0
1,7,42138,0,0
2,8,42139,0,0
3,1,42140,0,0
4,7,42141,0,0
5,5,42142,0,0
6,1,42143,0,0
7,2,42144,0,0
0,6,42145,0,0
1,8,42146,0,0
2,8,42147,0,0
3,1,42148,0,0
4,0,42149,0,0
5,8,42150,0,0
6,2,42151,0,0
7,2,42152,0,0
0,6,42153,0,0
1,8,42154,0,0
2,8,42155,0,0
3,1,42156,0,0
4,7,42157,0,0
5,5,42158,0,0
6,2,42159,0,0
7,2,42160,0,0
0,5,42161,0,0
1,8,42162,0,0
2,6,42163,0,0
3,1,42164,0,0
4,7,42165,0,0
5,4,42166,0,0
6,2,42167,0,0
7,1,42168,0,0
0,7,42169,0,0
1,6,42170,0,0
2,6,42171,0,0
3,1,42172,0,0
4,7,42173,0,0
5,4,42174,0,0
6,6,42175,0,0
7,1,42176,0,0
0,5,42177,0,0
1,6,42178,0,0
2,8,42179,0,0
3,8,42180,0,0
4,0,42181,0,0
5,4,42182,0,0
6,6,42183,0,0
7,2,42184,0,0
0,5,42185,0,0
1,6,42186,0,0
2,8,42187,0,0
3,1,42188,0,0
4,0,42189,0,0
5,4,42190,0,0
6,4,42191,0,0
7,2,42192,0,0
0,5,42193,0,0
1,7,42194,0,0
2,7,42195,0,0
3,1,42196,0,0
4,0,42197,0,0
5,4,42198,0,0
6,4,42199,0,0
7,1,42200,0,0
0,7,42201,0,0
1,7,42202,0,0
2,7,42203,0,0
3,8,42204,0,0
4,0,42205,0,0
5,4,42206,0,0
6,3,42207,0,0
7,1,42208,0,0
0,7,42209,0,0
1,6,42210,0,0
2,7,42211,0,0
3,6,42212,0,0
4,0,42213,0,0
5,4,42214,0,0
6,2,42215,0,0
7,1,42216,0,0
0,7,42217,0,0
1,6,42218,0,0
2,7,42219,0,0
3,6,42220,0,0
4,0,42221,0,0
5,4,42222,0,0
6,2,42223,0,0
7,1,42224,0,0
0,7,42225,0,0
1,6,42226,0,0
2,7,42227,0,0
3,6,42228,0,0
4,0,42229,0,0
5,1,42230,0,0
6,8,42231,0,0
7,2,42232,0,0
0,7,42233,0,0
1,6,42234,0,0
2,7,42235,0,0
3,6,42236,0,0
4,0,42237,0,0
5,1,42238,0,0
6,2,42239,0,0
7,1,42240,0,0
0,6,42241,0,0
1,6,42242,0,0
2,8,42243,0,0
3,6,42244,0,0
4,0,42245,0,0
5,1,42246,0,0
6,2,42247,0,0
7,1,42248,0,0
0,5,42249,0,0
1,6,42250,0,0
2,7,42251,0,0
3,7,42252,0,0
4,0,42253,0,0
5,1,42254,0,0
6,2,42255,0,0
7,1,42256,0,0
0,5,42257,0,0
1,6,42258,0,0
2,7,42259,0,0
3,7,42260,0,0
4,0,42261,0,0
5,1,42262,0,0
6,2,42263,0,0
7,1,42264,0,0
0,5,42265,0,0
1,7,42266,0,0
2,7,42267,0,0
3,7,42268,0,0
4,0,42269,0,0
5,1,42270,0,0
6,2,42271,0,0
7,1,42272,0,0
0,6,42273,0,0
1,7,42274,0,0
2,8,42275,0,0
3,7,42276,0,0
4,0,42277,0,0
5,1,42278,0,0
6,5,42279,0,0
7,1,42280,0,0
0,5,42281,0,0
1,7,42282,0,0
2,7,42283,0,0
3,7,42284,0,0
4,0,42285,0,0
5,1,42286,0,0
6,8,42287,0,0
7,1,42288,0,0
0,5,42289,0,0
1,7,42290,0,0
2,7,42291,0,0
3,0,42292,0,0
4,0,42293,0,0
5,1,42294,0,0
6,6,42295,0,0
7,1,42296,0,0
0,5,42297,0,0
1,6,42298,0,0
2,7,42299,0,0
3,7,42300,0,0
4,0,42301,0,0
5,1,42302,0,0
6,0,42303,0,0
7,1,42304,0,0
0,6,42305,0,0
1,6,42306,0,0
2,7,42307,0,0
3,7,42308,0,0
4,0,42309,0,0
5,1,42310,0,0
6,8,42311,0,0
7,5,42312,0,0
0,5,42313,0,0
1,6,42314,0,0
2,8,42315,0,0
3,7,42316,0,0
4,0,42317,0,0
5,1,42318,0,0
6,2,42319,0,0
7,5,42320,0,0
0,5,42321,0,0
1,6,42322,0,0
2,7,42323,0,0
3,1,42324,0,0
4,0,42325,0,0
5,1,42326,0,0
6,8,42327,0,0
7,7,42328,0,0
0,5,42329,0,0
1,6,42330,0,0
2,8,42331,0,0
3,0,42332,0,0
4,0,42333,0,0
5,1,42334,0,0
6,8,42335,0,0
7,0,42336,0,0
0,5,42337,0,0
1,6,42338,0,0
2,1,42339,0,0
3,0,42340,0,0
4,0,42341,0,0
5,1,42342,0,0
6,8,42343,0,0
7,0,42344,0,0
0,5,42345,0,0
1,6,42346,0,0
2,1,42347,0,0
3,0,42348,0,0
4,0,42349,0,0
5,1,42350,0,0
6,8,42351,0,0
7,0,42352,0,0
0,5,42353,0,0
1,6,42354,0,0
2,7,42355,0,0
3,0,42356,0,0
4,0,42357,0,0
5,1,42358,0,0
6,8,42359,0,0
7,0,42360,0,0
0,5,42361,0,0
1,6,42362,0,0
2,1,42363,0,0
3,0,42364,0,0
4,0,42365,0,0
5,1,42366,0,0
6,8,42367,0,0
7,0,42368,0,0
0,5,42369,0,0
1,6,42370,0,0
2,1,42371,0,0
3,0,42372,0,0
4,0,42373,0,0
5,1,42374,0,0
6,0,42375,0,0
7,0,42376,0,0
0,5,42377,0,0
1,7,42378,0,0
2,1,42379,0,0
3,0,42380,0,0
4,0,42381,0,0
5,1,42382,0,0
6,5,42383,0,0
7,0,42384,0,0
0,6,42385,0,0
1,7,42386,0,0
2,1,42387,0,0
3,0,42388,0,0
4,0,42389,0,0
5,1,42390,0,0
6,6,42391,0,0
7,0,42392,0,0
0,5,42393,0,0
1,6,42394,0,0
2,7,42395,0,0
3,0,42396,0,0
4,0,42397,0,0
5,1,42398,0,0
6,3,42399,0,0
7,0,42400,0,0
0,5,42401,0,0
1,5,42402,0,0
2,7,42403,0,0
3,0,42404,0,0
4,0,42405,0,0
5,1,42406,0,0
6,3,42407,0,0
7,0,42408,0,0
0,6,42409,0,0
1,3,42410,0,0
2,6,42411,0,0
3,0,42412,0,0
4,0,42413,0,0
5,1,42414,0,0
6,8,42415,0,0
7,0,42416,0,0
0,5,42417,0,0
1,3,42418,0,0
2,8,42419,0,0
3,0,42420,0,0
4,0,42421,0,0
5,1,42422,0,0
6,8,42423,0,0
7,0,42424,0,0
0,6,42425,0,0
1,4,42426,0,0
2,0,42427,0,0
3,0,42428,0,0
4,0,42429,0,0
5,1,42430,0,0
6,3,42431,0,0
7,0,42432,0,0
0,6,42433,0,0
1,3,42434,0,0
2,0,42435,0,0
3,0,42436,0,0
4,0,42437,0,0
5,1,42438,0,0
6,5,42439,0,0
7,7,42440,0,0
0,6,42441,0,0
1,7,42442,0,0
2,0,42443,0,0
3,0,42444,0,0
4,0,42445,0,0
5,1,42446,0,0
6,4,42447,0,0
7,0,42448,0,0
0,5,42449,0,0
1,5,42450,0,0
2,0,42451,0,0
3,0,42452,0,0
4,0,42453,0,0
5,1,42454,0,0
6,6,42455,0,0
7,0,42456,0,0
0,6,42457,0,0
1,7,42458,0,0
2,0,42459,0,0
3,0,42460,0,0
4,8,42461,0,0
5,1,42462,0,0
6,3,42463,0,0
7,0,42464,0,0
0,7,42465,0,0
1,4,42466,0,0
2,0,42467,0,0
3,0,42468,0,0
4,7,42469,0,0
5,1,42470,0,0
6,3,42471,0,0
7,0,42472,0,0
0,7,42473,0,0
1,6,42474,0,0
2,0,42475,0,0
3,0,42476,0,0
4,7,42477,0,0
5,1,42478,0,0
6,0,42479,0,0
7,5,42480,0,0
0,5,42481,0,0
1,4,42482,0,0
2,0,42483,0,0
3,0,42484,0,0
4,7,42485,0,0
5,1,42486,0,0
6,3,42487,0,0
7,4,42488,0,0
0,7,42489,0,0
1,4,42490,0,0
2,0,42491,0,0
3,7,42492,0,0
4,7,42493,0,0
5,1,42494,0,0
6,5,42495,0,0
7,0,42496,0,0
0,7,42497,0,0
1,5,42498,0,0
2,0,42499,0,0
3,7,42500,0,0
4,7,42501,0,0
5,1,42502,0,0
6,3,42503,0,0
7,5,42504,0,0
0,5,42505,0,0
1,4,42506,0,0
2,0,42507,0,0
3,0,42508,0,0
4,7,42509,0,0
5,2,42510,0,0
6,3,42511,0,0
7,0,42512,0,0
0,5,42513,0,0
1,7,42514,0,0
2,8,42515,0,0
3,0,42516,0,0
4,7,42517,0,0
5,4,42518,0,0
6,2,42519,0,0
7,5,42520,0,0
0,7,42521,0,0
1,4,42522,0,0
2,8,42523,0,0
3,0,42524,0,0
4,7,42525,0,0
5,3,42526,0,0
6,2,42527,0,0
7,5,42528,0,0
0,6,42529,0,0
1,5,42530,0,0
2,8,42531,0,0
3,7,42532,0,0
4,7,42533,0,0
5,4,42534,0,0
6,3,42535,0,0
7,5,42536,0,0
0,6,42537,0,0
1,5,42538,0,0
2,8,42539,0,0
3,0,42540,0,0
4,8,42541,0,0
5,8,42542,0,0
6,4,42543,0,0
7,5,42544,0,0
0,6,42545,0,0
1,7,42546,0,0
2,8,42547,0,0
3,1,42548,0,0
4,8,42549,0,0
5,7,42550,0,0
6,4,42551,0,0
7,5,42552,0,0
0,6,42553,0,0
1,5,42554,0,0
2,8,42555,0,0
3,1,42556,0,0
4,8,42557,0,0
5,7,42558,0,0
6,3,42559,0,0
7,7,42560,0,0
0,7,42561,0,0
1,7,42562,0,0
2,8,42563,0,0
3,7,42564,0,0
4,8,42565,0,0
5,7,42566,0,0
6,8,42567,0,0
7,7,42568,0,0
0,5,42569,0,0
1,7,42570,0,0
2,8,42571,0,0
3,1,42572,0,0
4,8,42573,0,0
5,7,42574,0,0
6,5,42575,0,0
7,7,42576,0,0
0,8,42577,0,0
1,6,42578,0,0
2,2,42579,0,0
3,1,42580,0,0
4,4,42581,0,0
5,7,42582,0,0
6,2,42583,0,0
7,0,42584,0,0
0,5,42585,0,0
1,6,42586,0,0
2,0,42587,0,0
3,1,42588,0,0
4,4,42589,0,0
5,1,42590,0,0
6,2,42591,0,0
7,0,42592,0,0
0,5,42593,0,0
1,5,42594,0,0
2,2,42595,0,0
3,1,42596,0,0
4,4,42597,0,0
5,1,42598,0,0
6,2,42599,0,0
7,0,42600,0,0
0,8,42601,0,0
1,7,42602,0,0
2,2,42603,0,0
3,1,42604,0,0
4,4,42605,0,0
5,1,42606,0,0
6,2,42607,0,0
7,0,42608,0,0
0,5,42609,0,0
1,7,42610,0,0
2,2,42611,0,0
3,1,42612,0,0
4,4,42613,0,0
5,2,42614,0,0
6,5,42615,0,0
7,0,42616,0,0
0,7,42617,0,0
1,5,42618,0,0
2,2,42619,0,0
3,7,42620,0,0
4,4,42621,0,0
5,2,42622,0,0
6,2,42623,0,0
7,5,42624,0,0
0,6,42625,0,0
1,4,42626,0,0
2,2,42627,0,0
3,7,42628,0,0
4,4,42629,0,0
5,2,42630,0,0
6,2,42631,0,0
7,0,42632,0,0
0,7,42633,0,0
1,4,42634,0,0
2,2,42635,0,0
3,7,42636,0,0
4,0,42637,0,0
5,7,42638,0,0
6,2,42639,0,0
7,7,42640,0,0
0,7,42641,0,0
1,6,42642,0,0
2,2,42643,0,0
3,1,42644,0,0
4,0,42645,0,0
5,2,42646,0,0
6,8,42647,0,0
7,1,42648,0,0
0,7,42649,0,0
1,4,42650,0,0
2,8,42651,0,0
3,1,42652,0,0
4,0,42653,0,0
5,2,42654,0,0
6,8,42655,0,0
7,0,42656,0,0
0,5,42657,0,0
1,5,42658,0,0
2,8,42659,0,0
3,1,42660,0,0
4,0,42661,0,0
5,2,42662,0,0
6,2,42663,0,0
7,3,42664,0,0
0,5,42665,0,0
1,5,42666,0,0
2,8,42667,0,0
3,1,42668,0,0
4,0,42669,0,0
5,4,42670,0,0
6,2,42671,0,0
7,3,42672,0,0
0,5,42673,0,0
1,7,42674,0,0
2,8,42675,0,0
3,1,42676,0,0
4,4,42677,0,0
5,4,42678,0,0
6,1,42679,0,0
7,5,42680,0,0
0,5,42681,0,0
1,4,42682,0,0
2,8,42683,0,0
3,0,42684,0,0
4,4,42685,0,0
5,4,42686,0,0
6,1,42687,0,0
7,5,42688,0,0
0,5,42689,0,0
1,4,42690,0,0
2,8,42691,0,0
3,0,42692,0,0
4,4,42693,0,0
5,4,42694,0,0
6,2,42695,0,0
7,5,42696,0,0
0,5,42697,0,0
1,7,42698,0,0
2,8,42699,0,0
3,0,42700,0,0
4,4,42701,0,0
5,4,42702,0,0
6,2,42703,0,0
7,5,42704,0,0
0,5,42705,0,0
1,4,42706,0,0
2,8,42707,0,0
3,0,42708,0,0
4,4,42709,0,0
5,8,42710,0,0
6,1,42711,0,0
7,5,42712,0,0
0,5,42713,0,0
1,3,42714,0,0
2,8,42715,0,0
3,0,42716,0,0
4,4,42717,0,0
5,4,42718,0,0
6,1,42719,0,0
7,0,42720,0,0
0,5,42721,0,0
1,3,42722,0,0
2,1,42723,0,0
3,0,42724,0,0
4,4,42725,0,0
5,8,42726,0,0
6,1,42727,0,0
7,0,42728,0,0
0,5,42729,0,0
1,3,42730,0,0
2,1,42731,0,0
3,0,42732,0,0
4,4,42733,0,0
5,8,42734,0,0
6,8,42735,0,0
7,7,42736,0,0
0,5,42737,0,0
1,4,42738,0,0
2,1,42739,0,0
3,0,42740,0,0
4,4,42741,0,0
5,1,42742,0,0
6,8,42743,0,0
7,7,42744,0,0
0,5,42745,0,0
1,5,42746,0,0
2,1,42747,0,0
3,0,42748,0,0
4,4,42749,0,0
5,1,42750,0,0
6,8,42751,0,0
7,0,42752,0,0
0,5,42753,0,0
1,7,42754,0,0
2,1,42755,0,0
3,0,42756,0,0
4,4,42757,0,0
5,2,42758,0,0
6,2,42759,0,0
7,4,42760,0,0
0,5,42761,0,0
1,6,42762,0,0
2,8,42763,0,0
3,0,42764,0,0
4,6,42765,0,0
5,1,42766,0,0
6,8,42767,0,0
7,4,42768,0,0
0,5,42769,0,0
1,6,42770,0,0
2,8,42771,0,0
3,0,42772,0,0
4,1,42773,0,0
5,1,42774,0,0
6,4,42775,0,0
7,0,42776,0,0
0,5,42777,0,0
1,5,42778,0,0
2,8,42779,0,0
3,0,42780,0,0
4,1,42781,0,0
5,1,42782,0,0
6,3,42783,0,0
7,5,42784,0,0
0,5,42785,0,0
1,7,42786,0,0
2,7,42787,0,0
3,1,42788,0,0
4,1,42789,0,0
5,1,42790,0,0
6,8,42791,0,0
7,1,42792,0,0
0,5,42793,0,0
1,1,42794,0,0
2,7,42795,0,0
3,1,42796,0,0
4,1,42797,0,0
5,1,42798,0,0
6,8,42799,0,0
7,1,42800,0,0
0,5,42801,0,0
1,5,42802,0,0
2,7,42803,0,0
3,8,42804,0,0
4,1,42805,0,0
5,1,42806,0,0
6,8,42807,0,0
7,0,42808,0,0
0,5,42809,0,0
1,5,42810,0,0
2,7,42811,0,0
3,1,42812,0,0
4,1,42813,0,0
5,1,42814,0,0
6,1,42815,0,0
7,0,42816,0,0
0,5,42817,0,0
1,6,42818,0,0
2,7,42819,0,0
3,1,42820,0,0
4,2,42821,0,0
5,1,42822,0,0
6,1,42823,0,0
7,0,42824,0,0
0,5,42825,0,0
1,5,42826,0,0
2,7,42827,0,0
3,1,42828,0,0
4,2,42829,0,0
5,1,42830,0,0
6,1,42831,0,0
7,0,42832,0,0
0,5,42833,0,0
1,6,42834,0,0
2,7,42835,0,0
3,1,42836,0,0
4,4,42837,0,0
5,1,42838,0,0
6,1,42839,0,0
7,0,42840,0,0
0,5,42841,0,0
1,6,42842,0,0
2,7,42843,0,0
3,1,42844,0,0
4,1,42845,0,0
5,1,42846,0,0
6,8,42847,0,0
7,0,42848,0,0
0,5,42849,0,0
1,6,42850,0,0
2,6,42851,0,0
3,8,42852,0,0
4,4,42853,0,0
5,1,42854,0,0
6,8,42855,0,0
7,0,42856,0,0
0,5,42857,0,0
1,6,42858,0,0
2,6,42859,0,0
3,8,42860,0,0
4,4,42861,0,0
5,1,42862,0,0
6,1,42863,0,0
7,0,42864,0,0
0,5,42865,0,0
1,7,42866,0,0
2,6,42867,0,0
3,8,42868,0,0
4,4,42869,0,0
5,1,42870,0,0
6,1,42871,0,0
7,0,42872,0,0
0,5,42873,0,0
1,7,42874,0,0
2,6,42875,0,0
3,0,42876,0,0
4,1,42877,0,0
5,1,42878,0,0
6,1,42879,0,0
7,0,42880,0,0
0,5,42881,0,0
1,1,42882,0,0
2,6,42883,0,0
3,1,42884,0,0
4,1,42885,0,0
5,1,42886,0,0
6,1,42887,0,0
7,0,42888,0,0
0,5,42889,0,0
1,1,42890,0,0
2,6,42891,0,0
3,1,42892,0,0
4,4,42893,0,0
5,1,42894,0,0
6,1,42895,0,0
7,0,42896,0,0
0,5,42897,0,0
1,6,42898,0,0
2,7,42899,0,0
3,1,42900,0,0
4,1,42901,0,0
5,1,42902,0,0
6,1,42903,0,0
7,0,42904,0,0
0,5,42905,0,0
1,4,42906,0,0
2,7,42907,0,0
3,1,42908,0,0
4,1,42909,0,0
5,1,42910,0,0
6,0,42911,0,0
7,0,42912,0,0
0,5,42913,0,0
1,4,42914,0,0
2,6,42915,0,0
3,1,42916,0,0
4,1,42917,0,0
5,1,42918,0,0
6,0,42919,0,0
7,0,42920,0,0
0,8,42921,0,0
1,6,42922,0,0
2,6,42923,0,0
3,8,42924,0,0
4,1,42925,0,0
5,1,42926,0,0
6,1,42927,0,0
7,0,42928,0,0
0,5,42929,0,0
1,7,42930,0,0
2,6,42931,0,0
3,8,42932,0,0
4,1,42933,0,0
5,1,42934,0,0
6,1,42935,0,0
7,0,42936,0,0
0,8,42937,0,0
1,7,42938,0,0
2,6,42939,0,0
3,8,42940,0,0
4,7,42941,0,0
5,1,42942,0,0
6,1,42943,0,0
7,1,42944,0,0
0,5,42945,0,0
1,6,42946,0,0
2,7,42947,0,0
3,0,42948,0,0
4,7,42949,0,0
5,1,42950,0,0
6,1,42951,0,0
7,1,42952,0,0
0,5,42953,0,0
1,6,42954,0,0
2,7,42955,0,0
3,0,42956,0,0
4,7,42957,0,0
5,1,42958,0,0
6,8,42959,0,0
7,7,42960,0,0
0,5,42961,0,0
1,7,42962,0,0
2,6,42963,0,0
3,0,42964,0,0
4,7,42965,0,0
5,1,42966,0,0
6,8,42967,0,0
7,1,42968,0,0
0,5,42969,0,0
1,7,42970,0,0
2,6,42971,0,0
3,0,42972,0,0
4,7,42973,0,0
5,1,42974,0,0
6,1,42975,0,0
7,1,42976,0,0
0,5,42977,0,0
1,7,42978,0,0
2,6,42979,0,0
3,0,42980,0,0
4,1,42981,0,0
5,1,42982,0,0
6,1,42983,0,0
7,1,42984,0,0
0,5,42985,0,0
1,7,42986,0,0
2,6,42987,0,0
3,0,42988,0,0
4,1,42989,0,0
5,1,42990,0,0
6,1,42991,0,0
7,1,42992,0,0
0,5,42993,0,0
1,7,42994,0,0
2,6,42995,0,0
3,0,42996,0,0
4,1,42997,0,0
5,1,42998,0,0
6,1,42999,0,0
7,1,43000,0,0
0,5,43001,0,0
1,7,43002,0,0
2,6,43003,0,0
3,0,43004,0,0
4,7,43005,0,0
5,1,43006,0,0
6,1,43007,0,0
7,0,43008,0,0
0,5,43009,0,0
1,4,43010,0,0
2,6,43011,0,0
3,0,43012,0,0
4,8,43013,0,0
5,1,43014,0,0
6,1,43015,0,0
7,1,43016,0,0
0,5,43017,0,0
1,8,43018,0,0
2,6,43019,0,0
3,0,43020,0,0
4,8,43021,0,0
5,1,43022,0,0
6,1,43023,0,0
7,1,43024,0,0
0,5,43025,0,0
1,7,43026,0,0
2,6,43027,0,0
3,0,43028,0,0
4,8,43029,0,0
5,1,43030,0,0
6,8,43031,0,0
7,1,43032,0,0
0,5,43033,0,0
1,7,43034,0,0
2,6,43035,0,0
3,0,43036,0,0
4,7,43037,0,0
5,1,43038,0,0
6,8,43039,0,0
7,1,43040,0,0
0,5,43041,0,0
1,7,43042,0,0
2,7,43043,0,0
3,0,43044,0,0
4,1,43045,0,0
5,1,43046,0,0
6,8,43047,0,0
7,1,43048,0,0
0,5,43049,0,0
1,4,43050,0,0
2,7,43051,0,0
3,0,43052,0,0
4,6,43053,0,0
5,1,43054,0,0
6,1,43055,0,0
7,1,43056,0,0
0,5,43057,0,0
1,4,43058,0,0
2,6,43059,0,0
3,0,43060,0,0
4,1,43061,0,0
5,1,43062,0,0
6,8,43063,0,0
7,1,43064,0,0
0,5,43065,0,0
1,7,43066,0,0
2,6,43067,0,0
3,0,43068,0,0
4,8,43069,0,0
5,1,43070,0,0
6,1,43071,0,0
7,1,43072,0,0
0,5,43073,0,0
1,7,43074,0,0
2,7,43075,0,0
3,0,43076,0,0
4,7,43077,0,0
5,1,43078,0,0
6,1,43079,0,0
7,1,43080,0,0
0,5,43081,0,0
1,7,43082,0,0
2,8,43083,0,0
3,7,43084,0,0
4,7,43085,0,0
5,1,43086,0,0
6,1,43087,0,0
7,1,43088,0,0
0,5,43089,0,0
1,7,43090,0,0
2,1,43091,0,0
3,7,43092,0,0
4,7,43093,0,0
5,1,43094,0,0
6,1,43095,0,0
7,2,43096,0,0
0,5,43097,0,0
1,1,43098,0,0
2,1,43099,0,0
3,1,43100,0,0
4,1,43101,0,0
5,1,43102,0,0
6,1,43103,0,0
7,1,43104,0,0
0,5,43105,0,0
1,7,43106,0,0
2,8,43107,0,0
3,7,43108,0,0
4,1,43109,0,0
5,1,43110,0,0
6,2,43111,0,0
7,1,43112,0,0
0,5,43113,0,0
1,6,43114,0,0
2,8,43115,0,0
3,1,43116,0,0
4,1,43117,0,0
5,1,43118,0,0
6,2,43119,0,0
7,1,43120,0,0
0,5,43121,0,0
1,1,43122,0,0
2,1,43123,0,0
3,1,43124,0,0
4,1,43125,0,0
5,1,43126,0,0
6,1,43127,0,0
7,1,43128,0,0
0,5,43129,0,0
1,7,43130,0,0
2,1,43131,0,0
3,1,43132,0,0
4,1,43133,0,0
5,1,43134,0,0
6,1,43135,0,0
7,1,43136,0,0
0,5,43137,0,0
1,7,43138,0,0
2,1,43139,0,0
3,1,43140,0,0
4,1,43141,0,0
5,1,43142,0,0
6,1,43143,0,0
7,1,43144,0,0
0,8,43145,0,0
1,4,43146,0,0
2,8,43147,0,0
3,8,43148,0,0
4,7,43149,0,0
5,1,43150,0,0
6,1,43151,0,0
7,1,43152,0,0
0,8,43153,0,0
1,4,43154,0,0
2,8,43155,0,0
3,8,43156,0,0
4,1,43157,0,0
5,1,43158,0,0
6,2,43159,0,0
7,3,43160,0,0
0,8,43161,0,0
1,7,43162,0,0
2,8,43163,0,0
3,5,43164,0,0
4,6,43165,0,0
5,1,43166,0,0
6,2,43167,0,0
7,4,43168,0,0
0,8,43169,0,0
1,8,43170,0,0
2,1,43171,0,0
3,5,43172,0,0
4,8,43173,0,0
5,1,43174,0,0
6,2,43175,0,0
7,5,43176,0,0
0,8,43177,0,0
1,8,43178,0,0
2,8,43179,0,0
3,5,43180,0,0
4,8,43181,0,0
5,1,43182,0,0
6,8,43183,0,0
7,5,43184,0,0
0,8,43185,0,0
1,7,43186,0,0
2,7,43187,0,0
3,5,43188,0,0
4,7,43189,0,0
5,1,43190,0,0
6,2,43191,0,0
7,7,43192,0,0
0,8,43193,0,0
1,7,43194,0,0
2,7,43195,0,0
3,8,43196,0,0
4,7,43197,0,0
5,8,43198,0,0
6,2,43199,0,0
7,7,43200,0,0
0,8,43201,0,0
1,7,43202,0,0
2,7,43203,0,0
3,8,43204,0,0
4,7,43205,0,0
5,5,43206,0,0
6,8,43207,0,0
7,7,43208,0,0
0,8,43209,0,0
1,7,43210,0,0
2,7,43211,0,0
3,8,43212,0,0
4,7,43213,0,0
5,7,43214,0,0
6,8,43215,0,0
7,7,43216,0,0
0,8,43217,0,0
1,7,43218,0,0
2,7,43219,0,0
3,7,43220,0,0
4,7,43221,0,0
5,7,43222,0,0
6,8,43223,0,0
7,7,43224,0,0
0,6,43225,0,0
1,7,43226,0,0
2,7,43227,0,0
3,7,43228,0,0
4,6,43229,0,0
5,7,43230,0,0
6,8,43231,0,0
7,7,43232,0,0
0,3,43233,0,0
1,4,43234,0,0
2,6,43235,0,0
3,7,43236,0,0
4,6,43237,0,0
5,5,43238,0,0
6,4,43239,0,0
7,7,43240,0,0
0,6,43241,0,0
1,4,43242,0,0
2,6,43243,0,0
3,7,43244,0,0
4,6,43245,0,0
5,5,43246,0,0
6,4,43247,0,0
7,0,43248,0,0
0,6,43249,0,0
1,4,43250,0,0
2,7,43251,0,0
3,8,43252,0,0
4,7,43253,0,0
5,7,43254,0,0
6,4,43255,0,0
7,7,43256,0,0
0,6,43257,0,0
1,6,43258,0,0
2,7,43259,0,0
3,7,43260,0,0
4,8,43261,0,0
5,7,43262,0,0
6,4,43263,0,0
7,7,43264,0,0
0,6,43265,0,0
1,7,43266,0,0
2,7,43267,0,0
3,8,43268,0,0
4,7,43269,0,0
5,7,43270,0,0
6,0,43271,0,0
7,7,43272,0,0
0,6,43273,0,0
1,7,43274,0,0
2,7,43275,0,0
3,7,43276,0,0
4,7,43277,0,0
5,7,43278,0,0
6,0,43279,0,0
7,7,43280,0,0
0,4,43281,0,0
1,7,43282,0,0
2,7,43283,0,0
3,7,43284,0,0
4,7,43285,0,0
5,7,43286,0,0
6,0,43287,0,0
7,7,43288,0,0
0,4,43289,0,0
1,7,43290,0,0
2,8,43291,0,0
3,7,43292,0,0
4,6,43293,0,0
5,7,43294,0,0
6,0,43295,0,0
7,7,43296,0,0
0,4,43297,0,0
1,7,43298,0,0
2,1,43299,0,0
3,5,43300,0,0
4,6,43301,0,0
5,7,43302,0,0
6,0,43303,0,0
7,7,43304,0,0
0,4,43305,0,0
1,7,43306,0,0
2,8,43307,0,0
3,1,43308,0,0
4,6,43309,0,0
5,7,43310,0,0
6,0,43311,0,0
7,5,43312,0,0
0,3,43313,0,0
1,6,43314,0,0
2,1,43315,0,0
3,1,43316,0,0
4,7,43317,0,0
5,7,43318,0,0
6,0,43319,0,0
7,6,43320,0,0
0,4,43321,0,0
1,6,43322,0,0
2,8,43323,0,0
3,6,43324,0,0
4,4,43325,0,0
5,8,43326,0,0
6,0,43327,0,0
7,5,43328,0,0
0,6,43329,0,0
1,6,43330,0,0
2,8,43331,0,0
3,8,43332,0,0
4,4,43333,0,0
5,7,43334,0,0
6,0,43335,0,0
7,7,43336,0,0
0,5,43337,0,0
1,7,43338,0,0
2,8,43339,0,0
3,7,43340,0,0
4,4,43341,0,0
5,7,43342,0,0
6,0,43343,0,0
7,7,43344,0,0
0,7,43345,0,0
1,4,43346,0,0
2,8,43347,0,0
3,1,43348,0,0
4,7,43349,0,0
5,7,43350,0,0
6,0,43351,0,0
7,7,43352,0,0
0,8,43353,0,0
1,4,43354,0,0
2,8,43355,0,0
3,7,43356,0,0
4,7,43357,0,0
5,7,43358,0,0
6,8,43359,0,0
7,6,43360,0,0
0,8,43361,0,0
1,4,43362,0,0
2,8,43363,0,0
3,7,43364,0,0
4,7,43365,0,0
5,7,43366,0,0
6,8,43367,0,0
7,7,43368,0,0
0,8,43369,0,0
1,4,43370,0,0
2,7,43371,0,0
3,8,43372,0,0
4,6,43373,0,0
5,7,43374,0,0
6,2,43375,0,0
7,7,43376,0,0
0,8,43377,0,0
1,4,43378,0,0
2,7,43379,0,0
3,7,43380,0,0
4,6,43381,0,0
5,7,43382,0,0
6,6,43383,0,0
7,7,43384,0,0
0,8,43385,0,0
1,4,43386,0,0
2,7,43387,0,0
3,8,43388,0,0
4,6,43389,0,0
5,7,43390,0,0
6,5,43391,0,0
7,7,43392,0,0
0,3,43393,0,0
1,7,43394,0,0
2,7,43395,0,0
3,7,43396,0,0
4,6,43397,0,0
5,7,43398,0,0
6,0,43399,0,0
7,7,43400,0,0
0,3,43401,0,0
1,4,43402,0,0
2,8,43403,0,0
3,8,43404,0,0
4,6,43405,0,0
5,7,43406,0,0
6,8,43407,0,0
7,7,43408,0,0
0,2,43409,0,0
1,4,43410,0,0
2,8,43411,0,0
3,5,43412,0,0
4,7,43413,0,0
5,7,43414,0,0
6,0,43415,0,0
7,7,43416,0,0
0,2,43417,0,0
1,7,43418,0,0
2,8,43419,0,0
3,5,43420,0,0
4,7,43421,0,0
5,7,43422,0,0
6,0,43423,0,0
7,7,43424,0,0
0,6,43425,0,0
1,7,43426,0,0
2,7,43427,0,0
3,7,43428,0,0
4,8,43429,0,0
5,8,43430,0,0
6,4,43431,0,0
7,6,43432,0,0
0,6,43433,0,0
1,7,43434,0,0
2,7,43435,0,0
3,7,43436,0,0
4,7,43437,0,0
5,7,43438,0,0
6,4,43439,0,0
7,6,43440,0,0
0,6,43441,0,0
1,7,43442,0,0
2,7,43443,0,0
3,5,43444,0,0
4,7,43445,0,0
5,4,43446,0,0
6,8,43447,0,0
7,7,43448,0,0
0,6,43449,0,0
1,7,43450,0,0
2,7,43451,0,0
3,5,43452,0,0
4,7,43453,0,0
5,4,43454,0,0
6,8,43455,0,0
7,7,43456,0,0
0,3,43457,0,0
1,7,43458,0,0
2,7,43459,0,0
3,1,43460,0,0
4,0,43461,0,0
5,3,43462,0,0
6,8,43463,0,0
7,2,43464,0,0
0,3,43465,0,0
1,4,43466,0,0
2,8,43467,0,0
3,1,43468,0,0
4,6,43469,0,0
5,1,43470,0,0
6,1,43471,0,0
7,5,43472,0,0
0,2,43473,0,0
1,4,43474,0,0
2,8,43475,0,0
3,1,43476,0,0
4,6,43477,0,0
5,1,43478,0,0
6,8,43479,0,0
7,5,43480,0,0
0,2,43481,0,0
1,1,43482,0,0
2,8,43483,0,0
3,1,43484,0,0
4,6,43485,0,0
5,1,43486,0,0
6,1,43487,0,0
7,1,43488,0,0
0,2,43489,0,0
1,1,43490,0,0
2,8,43491,0,0
3,1,43492,0,0
4,8,43493,0,0
5,1,43494,0,0
6,1,43495,0,0
7,1,43496,0,0
0,2,43497,0,0
1,7,43498,0,0
2,8,43499,0,0
3,7,43500,0,0
4,8,43501,0,0
5,1,43502,0,0
6,1,43503,0,0
7,1,43504,0,0
0,3,43505,0,0
1,7,43506,0,0
2,8,43507,0,0
3,1,43508,0,0
4,7,43509,0,0
5,1,43510,0,0
6,1,43511,0,0
7,3,43512,0,0
0,3,43513,0,0
1,7,43514,0,0
2,8,43515,0,0
3,0,43516,0,0
4,1,43517,0,0
5,1,43518,0,0
6,1,43519,0,0
7,3,43520,0,0
0,3,43521,0,0
1,7,43522,0,0
2,8,43523,0,0
3,1,43524,0,0
4,1,43525,0,0
5,1,43526,0,0
6,1,43527,0,0
7,3,43528,0,0
0,0,43529,0,0
1,7,43530,0,0
2,8,43531,0,0
3,0,43532,0,0
4,7,43533,0,0
5,1,43534,0,0
6,1,43535,0,0
7,3,43536,0,0
0,3,43537,0,0
1,7,43538,0,0
2,8,43539,0,0
3,1,43540,0,0
4,7,43541,0,0
5,1,43542,0,0
6,8,43543,0,0
7,3,43544,0,0
0,3,43545,0,0
1,8,43546,0,0
2,8,43547,0,0
3,1,43548,0,0
4,1,43549,0,0
5,1,43550,0,0
6,8,43551,0,0
7,3,43552,0,0
0,3,43553,0,0
1,8,43554,0,0
2,8,43555,0,0
3,1,43556,0,0
4,1,43557,0,0
5,1,43558,0,0
6,0,43559,0,0
7,3,43560,0,0
0,3,43561,0,0
1,8,43562,0,0
2,8,43563,0,0
3,1,43564,0,0
4,8,43565,0,0
5,1,43566,0,0
6,8,43567,0,0
7,4,43568,0,0
0,3,43569,0,0
1,1,43570,0,0
2,8,43571,0,0
3,1,43572,0,0
4,8,43573,0,0
5,1,43574,0,0
6,0,43575,0,0
7,4,43576,0,0
0,3,43577,0,0
1,8,43578,0,0
2,8,43579,0,0
3,1,43580,0,0
4,7,43581,0,0
5,1,43582,0,0
6,1,43583,0,0
7,3,43584,0,0
0,3,43585,0,0
1,8,43586,0,0
2,8,43587,0,0
3,5,43588,0,0
4,1,43589,0,0
5,1,43590,0,0
6,1,43591,0,0
7,3,43592,0,0
0,3,43593,0,0
1,8,43594,0,0
2,8,43595,0,0
3,5,43596,0,0
4,8,43597,0,0
5,1,43598,0,0
6,1,43599,0,0
7,3,43600,0,0
0,3,43601,0,0
1,8,43602,0,0
2,8,43603,0,0
3,7,43604,0,0
4,8,43605,0,0
5,1,43606,0,0
6,1,43607,0,0
7,3,43608,0,0
0,2,43609,0,0
1,8,43610,0,0
2,8,43611,0,0
3,8,43612,0,0
4,8,43613,0,0
5,1,43614,0,0
6,1,43615,0,0
7,3,43616,0,0
0,2,43617,0,0
1,8,43618,0,0
2,8,43619,0,0
3,8,43620,0,0
4,8,43621,0,0
5,1,43622,0,0
6,1,43623,0,0
7,3,43624,0,0
0,2,43625,0,0
1,1,43626,0,0
2,8,43627,0,0
3,1,43628,0,0
4,8,43629,0,0
5,1,43630,0,0
6,8,43631,0,0
7,3,43632,0,0
0,2,43633,0,0
1,8,43634,0,0
2,8,43635,0,0
3,1,43636,0,0
4,8,43637,0,0
5,1,43638,0,0
6,8,43639,0,0
7,3,43640,0,0
0,2,43641,0,0
1,8,43642,0,0
2,8,43643,0,0
3,1,43644,0,0
4,7,43645,0,0
5,1,43646,0,0
6,1,43647,0,0
7,3,43648,0,0
0,2,43649,0,0
1,8,43650,0,0
2,8,43651,0,0
3,1,43652,0,0
4,8,43653,0,0
5,1,43654,0,0
6,1,43655,0,0
7,3,43656,0,0
0,3,43657,0,0
1,8,43658,0,0
2,8,43659,0,0
3,1,43660,0,0
4,8,43661,0,0
5,8,43662,0,0
6,1,43663,0,0
7,3,43664,0,0
0,3,43665,0,0
1,8,43666,0,0
2,8,43667,0,0
3,2,43668,0,0
4,8,43669,0,0
5,8,43670,0,0
6,8,43671,0,0
7,3,43672,0,0
0,2,43673,0,0
1,8,43674,0,0
2,8,43675,0,0
3,2,43676,0,0
4,8,43677,0,0
5,1,43678,0,0
6,4,43679,0,0
7,3,43680,0,0
0,3,43681,0,0
1,8,43682,0,0
2,8,43683,0,0
3,2,43684,0,0
4,7,43685,0,0
5,1,43686,0,0
6,2,43687,0,0
7,3,43688,0,0
0,6,43689,0,0
1,7,43690,0,0
2,8,43691,0,0
3,1,43692,0,0
4,7,43693,0,0
5,1,43694,0,0
6,1,43695,0,0
7,3,43696,0,0
0,5,43697,0,0
1,7,43698,0,0
2,8,43699,0,0
3,1,43700,0,0
4,7,43701,0,0
5,1,43702,0,0
6,1,43703,0,0
7,3,43704,0,0
0,3,43705,0,0
1,7,43706,0,0
2,8,43707,0,0
3,1,43708,0,0
4,7,43709,0,0
5,1,43710,0,0
6,5,43711,0,0
7,3,43712,0,0
0,2,43713,0,0
1,7,43714,0,0
2,8,43715,0,0
3,1,43716,0,0
4,6,43717,0,0
5,8,43718,0,0
6,5,43719,0,0
7,3,43720,0,0
0,2,43721,0,0
1,7,43722,0,0
2,8,43723,0,0
3,1,43724,0,0
4,7,43725,0,0
5,8,43726,0,0
6,5,43727,0,0
7,3,43728,0,0
0,3,43729,0,0
1,8,43730,0,0
2,8,43731,0,0
3,1,43732,0,0
4,8,43733,0,0
5,1,43734,0,0
6,5,43735,0,0
7,3,43736,0,0
0,8,43737,0,0
1,7,43738,0,0
2,8,43739,0,0
3,1,43740,0,0
4,8,43741,0,0
5,1,43742,0,0
6,5,43743,0,0
7,1,43744,0,0
0,8,43745,0,0
1,7,43746,0,0
2,8,43747,0,0
3,1,43748,0,0
4,7,43749,0,0
5,1,43750,0,0
6,6,43751,0,0
7,1,43752,0,0
0,5,43753,0,0
1,7,43754,0,0
2,8,43755,0,0
3,1,43756,0,0
4,7,43757,0,0
5,1,43758,0,0
6,6,43759,0,0
7,1,43760,0,0
0,5,43761,0,0
1,8,43762,0,0
2,8,43763,0,0
3,1,43764,0,0
4,7,43765,0,0
5,1,43766,0,0
6,5,43767,0,0
7,1,43768,0,0
0,5,43769,0,0
1,8,43770,0,0
2,1,43771,0,0
3,1,43772,0,0
4,7,43773,0,0
5,1,43774,0,0
6,1,43775,0,0
7,1,43776,0,0
0,5,43777,0,0
1,8,43778,0,0
2,8,43779,0,0
3,1,43780,0,0
4,6,43781,0,0
5,1,43782,0,0
6,2,43783,0,0
7,1,43784,0,0
0,5,43785,0,0
1,8,43786,0,0
2,8,43787,0,0
3,1,43788,0,0
4,6,43789,0,0
5,1,43790,0,0
6,2,43791,0,0
7,1,43792,0,0
0,3,43793,0,0
1,8,43794,0,0
2,8,43795,0,0
3,1,43796,0,0
4,8,43797,0,0
5,1,43798,0,0
6,2,43799,0,0
7,1,43800,0,0
0,3,43801,0,0
1,1,43802,0,0
2,8,43803,0,0
3,1,43804,0,0
4,7,43805,0,0
5,1,43806,0,0
6,2,43807,0,0
7,1,43808,0,0
0,2,43809,0,0
1,1,43810,0,0
2,8,43811,0,0
3,1,43812,0,0
4,7,43813,0,0
5,1,43814,0,0
6,2,43815,0,0
7,1,43816,0,0
0,3,43817,0,0
1,7,43818,0,0
2,8,43819,0,0
3,1,43820,0,0
4,1,43821,0,0
5,1,43822,0,0
6,5,43823,0,0
7,2,43824,0,0
0,2,43825,0,0
1,1,43826,0,0
2,8,43827,0,0
3,1,43828,0,0
4,1,43829,0,0
5,1,43830,0,0
6,5,43831,0,0
7,2,43832,0,0
0,3,43833,0,0
1,1,43834,0,0
2,8,43835,0,0
3,8,43836,0,0
4,8,43837,0,0
5,1,43838,0,0
6,5,43839,0,0
7,2,43840,0,0
0,3,43841,0,0
1,1,43842,0,0
2,6,43843,0,0
3,5,43844,0,0
4,8,43845,0,0
5,3,43846,0,0
6,5,43847,0,0
7,1,43848,0,0
0,5,43849,0,0
1,1,43850,0,0
2,8,43851,0,0
3,5,43852,0,0
4,8,43853,0,0
5,5,43854,0,0
6,5,43855,0,0
7,6,43856,0,0
0,6,43857,0,0
1,6,43858,0,0
2,8,43859,0,0
3,5,43860,0,0
4,6,43861,0,0
5,4,43862,0,0
6,3,43863,0,0
7,7,43864,0,0
0,3,43865,0,0
1,7,43866,0,0
2,7,43867,0,0
3,5,43868,0,0
4,6,43869,0,0
5,4,43870,0,0
6,3,43871,0,0
7,7,43872,0,0
0,2,43873,0,0
1,6,43874,0,0
2,7,43875,0,0
3,0,43876,0,0
4,6,43877,0,0
5,4,43878,0,0
6,3,43879,0,0
7,5,43880,0,0
0,2,43881,0,0
1,6,43882,0,0
2,7,43883,0,0
3,0,43884,0,0
4,6,43885,0,0
5,4,43886,0,0
6,2,43887,0,0
7,2,43888,0,0
0,2,43889,0,0
1,6,43890,0,0
2,7,43891,0,0
3,7,43892,0,0
4,7,43893,0,0
5,4,43894,0,0
6,2,43895,0,0
7,2,43896,0,0
0,4,43897,0,0
1,6,43898,0,0
2,7,43899,0,0
3,7,43900,0,0
4,7,43901,0,0
5,5,43902,0,0
6,1,43903,0,0
7,6,43904,0,0
0,4,43905,0,0
1,6,43906,0,0
2,7,43907,0,0
3,0,43908,0,0
4,1,43909,0,0
5,3,43910,0,0
6,8,43911,0,0
7,6,43912,0,0
0,2,43913,0,0
1,8,43914,0,0
2,1,43915,0,0
3,0,43916,0,0
4,1,43917,0,0
5,4,43918,0,0
6,4,43919,0,0
7,4,43920,0,0
0,2,43921,0,0
1,8,43922,0,0
2,7,43923,0,0
3,0,43924,0,0
4,1,43925,0,0
5,4,43926,0,0
6,4,43927,0,0
7,4,43928,0,0
0,3,43929,0,0
1,8,43930,0,0
2,1,43931,0,0
3,0,43932,0,0
4,1,43933,0,0
5,4,43934,0,0
6,3,43935,0,0
7,4,43936,0,0
0,4,43937,0,0
1,6,43938,0,0
2,7,43939,0,0
3,5,43940,0,0
4,1,43941,0,0
5,7,43942,0,0
6,2,43943,0,0
7,4,43944,0,0
0,3,43945,0,0
1,6,43946,0,0
2,7,43947,0,0
3,5,43948,0,0
4,1,43949,0,0
5,5,43950,0,0
6,1,43951,0,0
7,4,43952,0,0
0,3,43953,0,0
1,6,43954,0,0
2,7,43955,0,0
3,5,43956,0,0
4,1,43957,0,0
5,8,43958,0,0
6,1,43959,0,0
7,4,43960,0,0
0,4,43961,0,0
1,7,43962,0,0
2,7,43963,0,0
3,0,43964,0,0
4,1,43965,0,0
5,5,43966,0,0
6,1,43967,0,0
7,4,43968,0,0
0,2,43969,0,0
1,5,43970,0,0
2,7,43971,0,0
3,0,43972,0,0
4,4,43973,0,0
5,5,43974,0,0
6,1,43975,0,0
7,4,43976,0,0
0,2,43977,0,0
1,5,43978,0,0
2,8,43979,0,0
3,5,43980,0,0
4,2,43981,0,0
5,4,43982,0,0
6,1,43983,0,0
7,4,43984,0,0
0,2,43985,0,0
1,5,43986,0,0
2,8,43987,0,0
3,7,43988,0,0
4,2,43989,0,0
5,4,43990,0,0
6,1,43991,0,0
7,5,43992,0,0
0,2,43993,0,0
1,7,43994,0,0
2,8,43995,0,0
3,0,43996,0,0
4,1,43997,0,0
5,4,43998,0,0
6,1,43999,0,0
7,4,44000,0,0
0,2,44001,0,0
1,6,44002,0,0
2,5,44003,0,0
3,0,44004,0,0
4,4,44005,0,0
5,8,44006,0,0
6,1,44007,0,0
7,4,44008,0,0
0,2,44009,0,0
1,6,44010,0,0
2,1,44011,0,0
3,1,44012,0,0
4,7,44013,0,0
5,1,44014,0,0
6,1,44015,0,0
7,4,44016,0,0
0,2,44017,0,0
1,6,44018,0,0
2,8,44019,0,0
3,6,44020,0,0
4,8,44021,0,0
5,1,44022,0,0
6,1,44023,0,0
7,4,44024,0,0
0,2,44025,0,0
1,6,44026,0,0
2,1,44027,0,0
3,6,44028,0,0
4,8,44029,0,0
5,1,44030,0,0
6,1,44031,0,0
7,4,44032,0,0
0,2,44033,0,0
1,6,44034,0,0
2,8,44035,0,0
3,6,44036,0,0
4,8,44037,0,0
5,8,44038,0,0
6,2,44039,0,0
7,4,44040,0,0
0,2,44041,0,0
1,6,44042,0,0
2,8,44043,0,0
3,1,44044,0,0
4,8,44045,0,0
5,8,44046,0,0
6,2,44047,0,0
7,4,44048,0,0
0,2,44049,0,0
1,6,44050,0,0
2,8,44051,0,0
3,1,44052,0,0
4,7,44053,0,0
5,1,44054,0,0
6,2,44055,0,0
7,4,44056,0,0
0,2,44057,0,0
1,6,44058,0,0
2,8,44059,0,0
3,1,44060,0,0
4,7,44061,0,0
5,4,44062,0,0
6,2,44063,0,0
7,4,44064,0,0
0,2,44065,0,0
1,1,44066,0,0
2,8,44067,0,0
3,1,44068,0,0
4,7,44069,0,0
5,4,44070,0,0
6,8,44071,0,0
7,4,44072,0,0
0,3,44073,0,0
1,1,44074,0,0
2,8,44075,0,0
3,1,44076,0,0
4,4,44077,0,0
5,4,44078,0,0
6,8,44079,0,0
7,4,44080,0,0
0,2,44081,0,0
1,6,44082,0,0
2,8,44083,0,0
3,1,44084,0,0
4,7,44085,0,0
5,4,44086,0,0
6,8,44087,0,0
7,4,44088,0,0
0,2,44089,0,0
1,6,44090,0,0
2,8,44091,0,0
3,1,44092,0,0
4,1,44093,0,0
5,4,44094,0,0
6,8,44095,0,0
7,4,44096,0,0
0,2,44097,0,0
1,6,44098,0,0
2,8,44099,0,0
3,1,44100,0,0
4,8,44101,0,0
5,1,44102,0,0
6,2,44103,0,0
7,4,44104,0,0
0,2,44105,0,0
1,6,44106,0,0
2,8,44107,0,0
3,5,44108,0,0
4,8,44109,0,0
5,8,44110,0,0
6,2,44111,0,0
7,4,44112,0,0
0,2,44113,0,0
1,6,44114,0,0
2,8,44115,0,0
3,1,44116,0,0
4,8,44117,0,0
5,1,44118,0,0
6,1,44119,0,0
7,4,44120,0,0
0,2,44121,0,0
1,7,44122,0,0
2,8,44123,0,0
3,1,44124,0,0
4,8,44125,0,0
5,8,44126,0,0
6,1,44127,0,0
7,4,44128,0,0
0,4,44129,0,0
1,6,44130,0,0
2,8,44131,0,0
3,1,44132,0,0
4,8,44133,0,0
5,8,44134,0,0
6,1,44135,0,0
7,4,44136,0,0
0,2,44137,0,0
1,7,44138,0,0
2,8,44139,0,0
3,1,44140,0,0
4,8,44141,0,0
5,8,44142,0,0
6,2,44143,0,0
7,4,44144,0,0
0,2,44145,0,0
1,7,44146,0,0
2,8,44147,0,0
3,1,44148,0,0
4,8,44149,0,0
5,5,44150,0,0
6,2,44151,0,0
7,4,44152,0,0
0,2,44153,0,0
1,1,44154,0,0
2,8,44155,0,0
3,1,44156,0,0
4,8,44157,0,0
5,5,44158,0,0
6,2,44159,0,0
7,4,44160,0,0
0,4,44161,0,0
1,1,44162,0,0
2,8,44163,0,0
3,2,44164,0,0
4,8,44165,0,0
5,5,44166,0,0
6,2,44167,0,0
7,4,44168,0,0
0,4,44169,0,0
1,1,44170,0,0
2,8,44171,0,0
3,2,44172,0,0
4,8,44173,0,0
5,7,44174,0,0
6,2,44175,0,0
7,4,44176,0,0
0,3,44177,0,0
1,1,44178,0,0
2,8,44179,0,0
3,2,44180,0,0
4,8,44181,0,0
5,5,44182,0,0
6,8,44183,0,0
7,6,44184,0,0
0,3,44185,0,0
1,6,44186,0,0
2,8,44187,0,0
3,2,44188,0,0
4,8,44189,0,0
5,5,44190,0,0
6,8,44191,0,0
7,4,44192,0,0
0,3,44193,0,0
1,4,44194,0,0
2,8,44195,0,0
3,2,44196,0,0
4,8,44197,0,0
5,5,44198,0,0
6,8,44199,0,0
7,3,44200,0,0
0,2,44201,0,0
1,4,44202,0,0
2,1,44203,0,0
3,2,44204,0,0
4,1,44205,0,0
5,5,44206,0,0
6,8,44207,0,0
7,3,44208,0,0
0,2,44209,0,0
1,6,44210,0,0
2,8,44211,0,0
3,2,44212,0,0
4,1,44213,0,0
5,5,44214,0,0
6,8,44215,0,0
7,4,44216,0,0
0,2,44217,0,0
1,7,44218,0,0
2,1,44219,0,0
3,2,44220,0,0
4,4,44221,0,0
5,5,44222,0,0
6,8,44223,0,0
7,3,44224,0,0
0,2,44225,0,0
1,3,44226,0,0
2,1,44227,0,0
3,1,44228,0,0
4,4,44229,0,0
5,5,44230,0,0
6,8,44231,0,0
7,3,44232,0,0
0,3,44233,0,0
1,3,44234,0,0
2,8,44235,0,0
3,5,44236,0,0
4,4,44237,0,0
5,5,44238,0,0
6,8,44239,0,0
7,3,44240,0,0
0,8,44241,0,0
1,6,44242,0,0
2,8,44243,0,0
3,5,44244,0,0
4,4,44245,0,0
5,5,44246,0,0
6,1,44247,0,0
7,3,44248,0,0
0,8,44249,0,0
1,7,44250,0,0
2,8,44251,0,0
3,6,44252,0,0
4,4,44253,0,0
5,5,44254,0,0
6,8,44255,0,0
7,4,44256,0,0
0,6,44257,0,0
1,7,44258,0,0
2,8,44259,0,0
3,1,44260,0,0
4,7,44261,0,0
5,4,44262,0,0
6,1,44263,0,0
7,4,44264,0,0
0,4,44265,0,0
1,7,44266,0,0
2,8,44267,0,0
3,1,44268,0,0
4,7,44269,0,0
5,8,44270,0,0
6,8,44271,0,0
7,1,44272,0,0
0,8,44273,0,0
1,7,44274,0,0
2,8,44275,0,0
3,1,44276,0,0
4,7,44277,0,0
5,4,44278,0,0
6,8,44279,0,0
7,1,44280,0,0
0,8,44281,0,0
1,7,44282,0,0
2,8,44283,0,0
3,1,44284,0,0
4,6,44285,0,0
5,4,44286,0,0
6,8,44287,0,0
7,2,44288,0,0
0,7,44289,0,0
1,7,44290,0,0
2,8,44291,0,0
3,1,44292,0,0
4,8,44293,0,0
5,1,44294,0,0
6,8,44295,0,0
7,2,44296,0,0
0,8,44297,0,0
1,7,44298,0,0
2,8,44299,0,0
3,1,44300,0,0
4,8,44301,0,0
5,8,44302,0,0
6,1,44303,0,0
7,2,44304,0,0
0,8,44305,0,0
1,1,44306,0,0
2,8,44307,0,0
3,1,44308,0,0
4,8,44309,0,0
5,8,44310,0,0
6,1,44311,0,0
7,1,44312,0,0
0,8,44313,0,0
1,7,44314,0,0
2,8,44315,0,0
3,1,44316,0,0
4,7,44317,0,0
5,8,44318,0,0
6,2,44319,0,0
7,1,44320,0,0
0,5,44321,0,0
1,7,44322,0,0
2,8,44323,0,0
3,1,44324,0,0
4,7,44325,0,0
5,8,44326,0,0
6,8,44327,0,0
7,2,44328,0,0
0,5,44329,0,0
1,7,44330,0,0
2,8,44331,0,0
3,1,44332,0,0
4,7,44333,0,0
5,8,44334,0,0
6,8,44335,0,0
7,2,44336,0,0
0,6,44337,0,0
1,7,44338,0,0
2,8,44339,0,0
3,7,44340,0,0
4,6,44341,0,0
5,5,44342,0,0
6,8,44343,0,0
7,1,44344,0,0
0,7,44345,0,0
1,7,44346,0,0
2,8,44347,0,0
3,6,44348,0,0
4,6,44349,0,0
5,7,44350,0,0
6,8,44351,0,0
7,7,44352,0,0
0,7,44353,0,0
1,1,44354,0,0
2,8,44355,0,0
3,6,44356,0,0
4,7,44357,0,0
5,7,44358,0,0
6,8,44359,0,0
7,7,44360,0,0
0,6,44361,0,0
1,7,44362,0,0
2,8,44363,0,0
3,7,44364,0,0
4,7,44365,0,0
5,7,44366,0,0
6,8,44367,0,0
7,4,44368,0,0
0,5,44369,0,0
1,7,44370,0,0
2,8,44371,0,0
3,6,44372,0,0
4,7,44373,0,0
5,5,44374,0,0
6,1,44375,0,0
7,5,44376,0,0
0,6,44377,0,0
1,4,44378,0,0
2,8,44379,0,0
3,1,44380,0,0
4,7,44381,0,0
5,5,44382,0,0
6,8,44383,0,0
7,5,44384,0,0
0,6,44385,0,0
1,3,44386,0,0
2,8,44387,0,0
3,1,44388,0,0
4,4,44389,0,0
5,3,44390,0,0
6,8,44391,0,0
7,4,44392,0,0
0,6,44393,0,0
1,3,44394,0,0
2,8,44395,0,0
3,1,44396,0,0
4,2,44397,0,0
5,5,44398,0,0
6,0,44399,0,0
7,7,44400,0,0
0,7,44401,0,0
1,3,44402,0,0
2,8,44403,0,0
3,1,44404,0,0
4,4,44405,0,0
5,5,44406,0,0
6,8,44407,0,0
7,7,44408,0,0
0,6,44409,0,0
1,7,44410,0,0
2,8,44411,0,0
3,1,44412,0,0
4,4,44413,0,0
5,4,44414,0,0
6,6,44415,0,0
7,7,44416,0,0
0,5,44417,0,0
1,7,44418,0,0
2,5,44419,0,0
3,1,44420,0,0
4,7,44421,0,0
5,5,44422,0,0
6,1,44423,0,0
7,4,44424,0,0
0,3,44425,0,0
1,7,44426,0,0
2,8,44427,0,0
3,8,44428,0,0
4,8,44429,0,0
5,7,44430,0,0
6,2,44431,0,0
7,7,44432,0,0
0,3,44433,0,0
1,4,44434,0,0
2,8,44435,0,0
3,1,44436,0,0
4,7,44437,0,0
5,5,44438,0,0
6,1,44439,0,0
7,1,44440,0,0
0,3,44441,0,0
1,4,44442,0,0
2,8,44443,0,0
3,8,44444,0,0
4,7,44445,0,0
5,8,44446,0,0
6,1,44447,0,0
7,5,44448,0,0
0,2,44449,0,0
1,7,44450,0,0
2,8,44451,0,0
3,0,44452,0,0
4,0,44453,0,0
5,8,44454,0,0
6,1,44455,0,0
7,5,44456,0,0
0,2,44457,0,0
1,7,44458,0,0
2,8,44459,0,0
3,0,44460,0,0
4,6,44461,0,0
5,8,44462,0,0
6,1,44463,0,0
7,4,44464,0,0
0,2,44465,0,0
1,6,44466,0,0
2,8,44467,0,0
3,0,44468,0,0
4,6,44469,0,0
5,8,44470,0,0
6,1,44471,0,0
7,4,44472,0,0
0,2,44473,0,0
1,4,44474,0,0
2,8,44475,0,0
3,1,44476,0,0
4,6,44477,0,0
5,3,44478,0,0
6,1,44479,0,0
7,4,44480,0,0
0,2,44481,0,0
1,7,44482,0,0
2,1,44483,0,0
3,2,44484,0,0
4,6,44485,0,0
5,3,44486,0,0
6,1,44487,0,0
7,4,44488,0,0
0,2,44489,0,0
1,7,44490,0,0
2,1,44491,0,0
3,2,44492,0,0
4,0,44493,0,0
5,3,44494,0,0
6,5,44495,0,0
7,4,44496,0,0
0,2,44497,0,0
1,7,44498,0,0
2,1,44499,0,0
3,2,44500,0,0
4,0,44501,0,0
5,3,44502,0,0
6,8,44503,0,0
7,4,44504,0,0
0,2,44505,0,0
1,1,44506,0,0
2,1,44507,0,0
3,2,44508,0,0
4,4,44509,0,0
5,3,44510,0,0
6,8,44511,0,0
7,4,44512,0,0
0,2,44513,0,0
1,1,44514,0,0
2,1,44515,0,0
3,1,44516,0,0
4,4,44517,0,0
5,8,44518,0,0
6,8,44519,0,0
7,7,44520,0,0
0,6,44521,0,0
1,7,44522,0,0
2,1,44523,0,0
3,3,44524,0,0
4,4,44525,0,0
5,8,44526,0,0
6,8,44527,0,0
7,5,44528,0,0
0,5,44529,0,0
1,7,44530,0,0
2,1,44531,0,0
3,3,44532,0,0
4,4,44533,0,0
5,3,44534,0,0
6,8,44535,0,0
7,1,44536,0,0
0,5,44537,0,0
1,7,44538,0,0
2,1,44539,0,0
3,3,44540,0,0
4,4,44541,0,0
5,3,44542,0,0
6,1,44543,0,0
7,1,44544,0,0
0,3,44545,0,0
1,7,44546,0,0
2,1,44547,0,0
3,3,44548,0,0
4,4,44549,0,0
5,8,44550,0,0
6,1,44551,0,0
7,1,44552,0,0
0,3,44553,0,0
1,7,44554,0,0
2,1,44555,0,0
3,3,44556,0,0
4,4,44557,0,0
5,5,44558,0,0
6,1,44559,0,0
7,3,44560,0,0
0,5,44561,0,0
1,1,44562,0,0
2,8,44563,0,0
3,3,44564,0,0
4,4,44565,0,0
5,1,44566,0,0
6,1,44567,0,0
7,3,44568,0,0
0,5,44569,0,0
1,7,44570,0,0
2,8,44571,0,0
3,1,44572,0,0
4,4,44573,0,0
5,4,44574,0,0
6,1,44575,0,0
7,3,44576,0,0
0,3,44577,0,0
1,7,44578,0,0
2,8,44579,0,0
3,1,44580,0,0
4,4,44581,0,0
5,4,44582,0,0
6,1,44583,0,0
7,1,44584,0,0
0,3,44585,0,0
1,7,44586,0,0
2,8,44587,0,0
3,1,44588,0,0
4,0,44589,0,0
5,4,44590,0,0
6,1,44591,0,0
7,1,44592,0,0
0,4,44593,0,0
1,7,44594,0,0
2,1,44595,0,0
3,1,44596,0,0
4,0,44597,0,0
5,5,44598,0,0
6,1,44599,0,0
7,2,44600,0,0
0,4,44601,0,0
1,7,44602,0,0
2,1,44603,0,0
3,1,44604,0,0
4,1,44605,0,0
5,5,44606,0,0
6,1,44607,0,0
7,1,44608,0,0
0,3,44609,0,0
1,7,44610,0,0
2,1,44611,0,0
3,1,44612,0,0
4,1,44613,0,0
5,3,44614,0,0
6,1,44615,0,0
7,1,44616,0,0
0,3,44617,0,0
1,7,44618,0,0
2,1,44619,0,0
3,1,44620,0,0
4,1,44621,0,0
5,4,44622,0,0
6,1,44623,0,0
7,1,44624,0,0
0,3,44625,0,0
1,1,44626,0,0
2,1,44627,0,0
3,1,44628,0,0
4,1,44629,0,0
5,8,44630,0,0
6,6,44631,0,0
7,1,44632,0,0
0,3,44633,0,0
1,0,44634,0,0
2,1,44635,0,0
3,1,44636,0,0
4,1,44637,0,0
5,8,44638,0,0
6,6,44639,0,0
7,1,44640,0,0
0,4,44641,0,0
1,0,44642,0,0
2,8,44643,0,0
3,1,44644,0,0
4,1,44645,0,0
5,3,44646,0,0
6,6,44647,0,0
7,1,44648,0,0
0,2,44649,0,0
1,0,44650,0,0
2,8,44651,0,0
3,1,44652,0,0
4,7,44653,0,0
5,3,44654,0,0
6,6,44655,0,0
7,1,44656,0,0
0,2,44657,0,0
1,0,44658,0,0
2,8,44659,0,0
3,1,44660,0,0
4,7,44661,0,0
5,3,44662,0,0
6,6,44663,0,0
7,1,44664,0,0
0,2,44665,0,0
1,0,44666,0,0
2,8,44667,0,0
3,1,44668,0,0
4,7,44669,0,0
5,3,44670,0,0
6,6,44671,0,0
7,1,44672,0,0
0,2,44673,0,0
1,0,44674,0,0
2,8,44675,0,0
3,1,44676,0,0
4,7,44677,0,0
5,3,44678,0,0
6,6,44679,0,0
7,1,44680,0,0
0,2,44681,0,0
1,0,44682,0,0
2,8,44683,0,0
3,1,44684,0,0
4,6,44685,0,0
5,3,44686,0,0
6,6,44687,0,0
7,1,44688,0,0
0,2,44689,0,0
1,0,44690,0,0
2,8,44691,0,0
3,1,44692,0,0
4,1,44693,0,0
5,3,44694,0,0
6,1,44695,0,0
7,1,44696,0,0
0,2,44697,0,0
1,0,44698,0,0
2,8,44699,0,0
3,1,44700,0,0
4,4,44701,0,0
5,3,44702,0,0
6,1,44703,0,0
7,1,44704,0,0
0,2,44705,0,0
1,0,44706,0,0
2,8,44707,0,0
3,1,44708,0,0
4,4,44709,0,0
5,5,44710,0,0
6,2,44711,0,0
7,2,44712,0,0
0,2,44713,0,0
1,0,44714,0,0
2,8,44715,0,0
3,1,44716,0,0
4,4,44717,0,0
5,4,44718,0,0
6,2,44719,0,0
7,1,44720,0,0
0,2,44721,0,0
1,0,44722,0,0
2,8,44723,0,0
3,6,44724,0,0
4,1,44725,0,0
5,1,44726,0,0
6,2,44727,0,0
7,1,44728,0,0
0,2,44729,0,0
1,0,44730,0,0
2,8,44731,0,0
3,6,44732,0,0
4,2,44733,0,0
5,1,44734,0,0
6,1,44735,0,0
7,1,44736,0,0
0,2,44737,0,0
1,0,44738,0,0
2,8,44739,0,0
3,6,44740,0,0
4,1,44741,0,0
5,8,44742,0,0
6,5,44743,0,0
7,1,44744,0,0
0,2,44745,0,0
1,7,44746,0,0
2,8,44747,0,0
3,6,44748,0,0
4,1,44749,0,0
5,4,44750,0,0
6,2,44751,0,0
7,1,44752,0,0
0,2,44753,0,0
1,8,44754,0,0
2,8,44755,0,0
3,1,44756,0,0
4,2,44757,0,0
5,4,44758,0,0
6,8,44759,0,0
7,1,44760,0,0
0,2,44761,0,0
1,8,44762,0,0
2,8,44763,0,0
3,1,44764,0,0
4,1,44765,0,0
5,5,44766,0,0
6,6,44767,0,0
7,1,44768,0,0
0,2,44769,0,0
1,8,44770,0,0
2,8,44771,0,0
3,1,44772,0,0
4,2,44773,0,0
5,5,44774,0,0
6,6,44775,0,0
7,1,44776,0,0
0,2,44777,0,0
1,1,44778,0,0
2,1,44779,0,0
3,1,44780,0,0
4,4,44781,0,0
5,5,44782,0,0
6,6,44783,0,0
7,1,44784,0,0
0,5,44785,0,0
1,6,44786,0,0
2,8,44787,0,0
3,5,44788,0,0
4,4,44789,0,0
5,5,44790,0,0
6,6,44791,0,0
7,3,44792,0,0
0,6,44793,0,0
1,6,44794,0,0
2,8,44795,0,0
3,5,44796,0,0
4,4,44797,0,0
5,5,44798,0,0
6,4,44799,0,0
7,4,44800,0,0
0,2,44801,0,0
1,6,44802,0,0
2,8,44803,0,0
3,5,44804,0,0
4,6,44805,0,0
5,5,44806,0,0
6,5,44807,0,0
7,6,44808,0,0
0,2,44809,0,0
1,6,44810,0,0
2,8,44811,0,0
3,7,44812,0,0
4,6,44813,0,0
5,5,44814,0,0
6,5,44815,0,0
7,4,44816,0,0
0,2,44817,0,0
1,6,44818,0,0
2,8,44819,0,0
3,3,44820,0,0
4,7,44821,0,0
5,5,44822,0,0
6,5,44823,0,0
7,5,44824,0,0
0,2,44825,0,0
1,5,44826,0,0
2,8,44827,0,0
3,3,44828,0,0
4,4,44829,0,0
5,5,44830,0,0
6,5,44831,0,0
7,5,44832,0,0
0,3,44833,0,0
1,6,44834,0,0
2,8,44835,0,0
3,0,44836,0,0
4,4,44837,0,0
5,5,44838,0,0
6,5,44839,0,0
7,4,44840,0,0
0,6,44841,0,0
1,5,44842,0,0
2,8,44843,0,0
3,0,44844,0,0
4,4,44845,0,0
5,4,44846,0,0
6,4,44847,0,0
7,4,44848,0,0
0,3,44849,0,0
1,5,44850,0,0
2,8,44851,0,0
3,3,44852,0,0
4,0,44853,0,0
5,5,44854,0,0
6,4,44855,0,0
7,5,44856,0,0
0,2,44857,0,0
1,5,44858,0,0
2,8,44859,0,0
3,3,44860,0,0
4,0,44861,0,0
5,5,44862,0,0
6,4,44863,0,0
7,5,44864,0,0
0,2,44865,0,0
1,4,44866,0,0
2,8,44867,0,0
3,3,44868,0,0
4,6,44869,0,0
5,3,44870,0,0
6,4,44871,0,0
7,5,44872,0,0
0,2,44873,0,0
1,3,44874,0,0
2,5,44875,0,0
3,3,44876,0,0
4,6,44877,0,0
5,5,44878,0,0
6,4,44879,0,0
7,5,44880,0,0
0,2,44881,0,0
1,3,44882,0,0
2,5,44883,0,0
3,3,44884,0,0
4,6,44885,0,0
5,4,44886,0,0
6,4,44887,0,0
7,5,44888,0,0
0,2,44889,0,0
1,0,44890,0,0
2,8,44891,0,0
3,3,44892,0,0
4,6,44893,0,0
5,3,44894,0,0
6,4,44895,0,0
7,5,44896,0,0
0,2,44897,0,0
1,0,44898,0,0
2,8,44899,0,0
3,6,44900,0,0
4,6,44901,0,0
5,4,44902,0,0
6,5,44903,0,0
7,5,44904,0,0
0,2,44905,0,0
1,0,44906,0,0
2,7,44907,0,0
3,6,44908,0,0
4,0,44909,0,0
5,8,44910,0,0
6,4,44911,0,0
7,5,44912,0,0
0,2,44913,0,0
1,0,44914,0,0
2,7,44915,0,0
3,6,44916,0,0
4,8,44917,0,0
5,5,44918,0,0
6,6,44919,0,0
7,5,44920,0,0
0,2,44921,0,0
1,0,44922,0,0
2,7,44923,0,0
3,6,44924,0,0
4,7,44925,0,0
5,7,44926,0,0
6,3,44927,0,0
7,5,44928,0,0
0,3,44929,0,0
1,3,44930,0,0
2,7,44931,0,0
3,6,44932,0,0
4,6,44933,0,0
5,7,44934,0,0
6,5,44935,0,0
7,5,44936,0,0
0,3,44937,0,0
1,0,44938,0,0
2,5,44939,0,0
3,6,44940,0,0
4,6,44941,0,0
5,7,44942,0,0
6,3,44943,0,0
7,1,44944,0,0
0,2,44945,0,0
1,0,44946,0,0
2,4,44947,0,0
3,6,44948,0,0
4,6,44949,0,0
5,7,44950,0,0
6,4,44951,0,0
7,5,44952,0,0
0,2,44953,0,0
1,0,44954,0,0
2,4,44955,0,0
3,6,44956,0,0
4,1,44957,0,0
5,7,44958,0,0
6,3,44959,0,0
7,5,44960,0,0
0,2,44961,0,0
1,0,44962,0,0
2,1,44963,0,0
3,6,44964,0,0
4,1,44965,0,0
5,4,44966,0,0
6,8,44967,0,0
7,5,44968,0,0
0,2,44969,0,0
1,0,44970,0,0
2,8,44971,0,0
3,3,44972,0,0
4,4,44973,0,0
5,3,44974,0,0
6,8,44975,0,0
7,1,44976,0,0
0,3,44977,0,0
1,0,44978,0,0
2,8,44979,0,0
3,1,44980,0,0
4,4,44981,0,0
5,3,44982,0,0
6,5,44983,0,0
7,1,44984,0,0
0,6,44985,0,0
1,0,44986,0,0
2,8,44987,0,0
3,2,44988,0,0
4,4,44989,0,0
5,5,44990,0,0
6,4,44991,0,0
7,1,44992,0,0
0,4,44993,0,0
1,0,44994,0,0
2,8,44995,0,0
3,1,44996,0,0
4,4,44997,0,0
5,5,44998,0,0
6,4,44999,0,0
7,1,45000,0,0
0,4,45001,0,0
1,3,45002,0,0
2,8,45003,0,0
3,1,45004,0,0
4,4,45005,0,0
5,8,45006,0,0
6,5,45007,0,0
7,1,45008,0,0
0,4,45009,0,0
1,3,45010,0,0
2,4,45011,0,0
3,1,45012,0,0
4,8,45013,0,0
5,8,45014,0,0
6,8,45015,0,0
7,1,45016,0,0
0,4,45017,0,0
1,3,45018,0,0
2,4,45019,0,0
3,1,45020,0,0
4,7,45021,0,0
5,1,45022,0,0
6,8,45023,0,0
7,1,45024,0,0
0,4,45025,0,0
1,3,45026,0,0
2,5,45027,0,0
3,1,45028,0,0
4,7,45029,0,0
5,5,45030,0,0
6,4,45031,0,0
7,1,45032,0,0
0,4,45033,0,0
1,3,45034,0,0
2,4,45035,0,0
3,1,45036,0,0
4,4,45037,0,0
5,4,45038,0,0
6,4,45039,0,0
7,1,45040,0,0
0,4,45041,0,0
1,4,45042,0,0
2,4,45043,0,0
3,7,45044,0,0
4,4,45045,0,0
5,4,45046,0,0
6,6,45047,0,0
7,1,45048,0,0
0,4,45049,0,0
1,4,45050,0,0
2,4,45051,0,0
3,7,45052,0,0
4,4,45053,0,0
5,4,45054,0,0
6,6,45055,0,0
7,4,45056,0,0
0,6,45057,0,0
1,3,45058,0,0
2,4,45059,0,0
3,5,45060,0,0
4,3,45061,0,0
5,4,45062,0,0
6,6,45063,0,0
7,5,45064,0,0
0,4,45065,0,0
1,3,45066,0,0
2,4,45067,0,0
3,5,45068,0,0
4,3,45069,0,0
5,5,45070,0,0
6,6,45071,0,0
7,5,45072,0,0
0,4,45073,0,0
1,3,45074,0,0
2,4,45075,0,0
3,5,45076,0,0
4,4,45077,0,0
5,4,45078,0,0
6,6,45079,0,0
7,1,45080,0,0
0,2,45081,0,0
1,0,45082,0,0
2,4,45083,0,0
3,6,45084,0,0
4,4,45085,0,0
5,4,45086,0,0
6,6,45087,0,0
7,1,45088,0,0
0,4,45089,0,0
1,0,45090,0,0
2,4,45091,0,0
3,6,45092,0,0
4,4,45093,0,0
5,4,45094,0,0
6,6,45095,0,0
7,1,45096,0,0
0,2,45097,0,0
1,0,45098,0,0
2,4,45099,0,0
3,1,45100,0,0
4,4,45101,0,0
5,5,45102,0,0
6,6,45103,0,0
7,1,45104,0,0
0,4,45105,0,0
1,0,45106,0,0
2,4,45107,0,0
3,1,45108,0,0
4,2,45109,0,0
5,5,45110,0,0
6,6,45111,0,0
7,5,45112,0,0
0,4,45113,0,0
1,0,45114,0,0
2,4,45115,0,0
3,1,45116,0,0
4,4,45117,0,0
5,5,45118,0,0
6,4,45119,0,0
7,5,45120,0,0
0,4,45121,0,0
1,3,45122,0,0
2,5,45123,0,0
3,1,45124,0,0
4,4,45125,0,0
5,8,45126,0,0
6,4,45127,0,0
7,5,45128,0,0
0,4,45129,0,0
1,0,45130,0,0
2,5,45131,0,0
3,3,45132,0,0
4,4,45133,0,0
5,5,45134,0,0
6,4,45135,0,0
7,5,45136,0,0
0,4,45137,0,0
1,0,45138,0,0
2,5,45139,0,0
3,3,45140,0,0
4,2,45141,0,0
5,5,45142,0,0
6,5,45143,0,0
7,5,45144,0,0
0,4,45145,0,0
1,0,45146,0,0
2,5,45147,0,0
3,3,45148,0,0
4,4,45149,0,0
5,3,45150,0,0
6,4,45151,0,0
7,5,45152,0,0
0,4,45153,0,0
1,0,45154,0,0
2,4,45155,0,0
3,1,45156,0,0
4,4,45157,0,0
5,4,45158,0,0
6,4,45159,0,0
7,5,45160,0,0
0,2,45161,0,0
1,0,45162,0,0
2,7,45163,0,0
3,5,45164,0,0
4,4,45165,0,0
5,4,45166,0,0
6,4,45167,0,0
7,5,45168,0,0
0,2,45169,0,0
1,0,45170,0,0
2,7,45171,0,0
3,5,45172,0,0
4,4,45173,0,0
5,5,45174,0,0
6,5,45175,0,0
7,5,45176,0,0
0,2,45177,0,0
1,0,45178,0,0
2,8,45179,0,0
3,0,45180,0,0
4,4,45181,0,0
5,4,45182,0,0
6,3,45183,0,0
7,5,45184,0,0
0,2,45185,0,0
1,3,45186,0,0
2,8,45187,0,0
3,0,45188,0,0
4,4,45189,0,0
5,4,45190,0,0
6,8,45191,0,0
7,5,45192,0,0
0,2,45193,0,0
1,0,45194,0,0
2,8,45195,0,0
3,0,45196,0,0
4,4,45197,0,0
5,4,45198,0,0
6,3,45199,0,0
7,4,45200,0,0
0,2,45201,0,0
1,0,45202,0,0
2,8,45203,0,0
3,0,45204,0,0
4,7,45205,0,0
5,4,45206,0,0
6,4,45207,0,0
7,1,45208,0,0
0,2,45209,0,0
1,0,45210,0,0
2,8,45211,0,0
3,1,45212,0,0
4,1,45213,0,0
5,4,45214,0,0
6,4,45215,0,0
7,1,45216,0,0
0,2,45217,0,0
1,3,45218,0,0
2,8,45219,0,0
3,1,45220,0,0
4,8,45221,0,0
5,5,45222,0,0
6,4,45223,0,0
7,2,45224,0,0
0,2,45225,0,0
1,0,45226,0,0
2,8,45227,0,0
3,1,45228,0,0
4,7,45229,0,0
5,5,45230,0,0
6,5,45231,0,0
7,1,45232,0,0
0,2,45233,0,0
1,0,45234,0,0
2,8,45235,0,0
3,1,45236,0,0
4,7,45237,0,0
5,5,45238,0,0
6,4,45239,0,0
7,1,45240,0,0
0,2,45241,0,0
1,0,45242,0,0
2,8,45243,0,0
3,3,45244,0,0
4,1,45245,0,0
5,5,45246,0,0
6,4,45247,0,0
7,1,45248,0,0
0,2,45249,0,0
1,3,45250,0,0
2,8,45251,0,0
3,3,45252,0,0
4,1,45253,0,0
5,7,45254,0,0
6,3,45255,0,0
7,5,45256,0,0
0,2,45257,0,0
1,3,45258,0,0
2,7,45259,0,0
3,3,45260,0,0
4,1,45261,0,0
5,7,45262,0,0
6,8,45263,0,0
7,5,45264,0,0
0,2,45265,0,0
1,1,45266,0,0
2,7,45267,0,0
3,3,45268,0,0
4,1,45269,0,0
5,4,45270,0,0
6,1,45271,0,0
7,4,45272,0,0
0,2,45273,0,0
1,6,45274,0,0
2,8,45275,0,0
3,3,45276,0,0
4,1,45277,0,0
5,4,45278,0,0
6,1,45279,0,0
7,5,45280,0,0
0,2,45281,0,0
1,6,45282,0,0
2,2,45283,0,0
3,1,45284,0,0
4,6,45285,0,0
5,4,45286,0,0
6,1,45287,0,0
7,5,45288,0,0
0,2,45289,0,0
1,5,45290,0,0
2,7,45291,0,0
3,3,45292,0,0
4,7,45293,0,0
5,4,45294,0,0
6,1,45295,0,0
7,5,45296,0,0
0,2,45297,0,0
1,5,45298,0,0
2,7,45299,0,0
3,3,45300,0,0
4,4,45301,0,0
5,4,45302,0,0
6,8,45303,0,0
7,1,45304,0,0
0,2,45305,0,0
1,5,45306,0,0
2,7,45307,0,0
3,3,45308,0,0
4,4,45309,0,0
5,4,45310,0,0
6,8,45311,0,0
7,1,45312,0,0
0,2,45313,0,0
1,5,45314,0,0
2,7,45315,0,0
3,3,45316,0,0
4,4,45317,0,0
5,4,45318,0,0
6,1,45319,0,0
7,1,45320,0,0
0,2,45321,0,0
1,4,45322,0,0
2,8,45323,0,0
3,3,45324,0,0
4,4,45325,0,0
5,1,45326,0,0
6,1,45327,0,0
7,1,45328,0,0
0,2,45329,0,0
1,3,45330,0,0
2,7,45331,0,0
3,3,45332,0,0
4,4,45333,0,0
5,1,45334,0,0
6,1,45335,0,0
7,1,45336,0,0
0,8,45337,0,0
1,4,45338,0,0
2,7,45339,0,0
3,3,45340,0,0
4,4,45341,0,0
5,4,45342,0,0
6,8,45343,0,0
7,1,45344,0,0
0,2,45345,0,0
1,4,45346,0,0
2,7,45347,0,0
3,3,45348,0,0
4,4,45349,0,0
5,8,45350,0,0
6,8,45351,0,0
7,1,45352,0,0
0,2,45353,0,0
1,3,45354,0,0
2,7,45355,0,0
3,3,45356,0,0
4,0,45357,0,0
5,2,45358,0,0
6,1,45359,0,0
7,1,45360,0,0
0,2,45361,0,0
1,6,45362,0,0
2,7,45363,0,0
3,3,45364,0,0
4,1,45365,0,0
5,8,45366,0,0
6,1,45367,0,0
7,1,45368,0,0
0,2,45369,0,0
1,4,45370,0,0
2,7,45371,0,0
3,3,45372,0,0
4,4,45373,0,0
5,3,45374,0,0
6,1,45375,0,0
7,5,45376,0,0
0,2,45377,0,0
1,6,45378,0,0
2,8,45379,0,0
3,3,45380,0,0
4,4,45381,0,0
5,8,45382,0,0
6,1,45383,0,0
7,5,45384,0,0
0,2,45385,0,0
1,7,45386,0,0
2,1,45387,0,0
3,3,45388,0,0
4,4,45389,0,0
5,1,45390,0,0
6,8,45391,0,0
7,1,45392,0,0
0,2,45393,0,0
1,1,45394,0,0
2,1,45395,0,0
3,3,45396,0,0
4,1,45397,0,0
5,1,45398,0,0
6,1,45399,0,0
7,1,45400,0,0
0,2,45401,0,0
1,5,45402,0,0
2,2,45403,0,0
3,3,45404,0,0
4,1,45405,0,0
5,1,45406,0,0
6,1,45407,0,0
7,3,45408,0,0
0,2,45409,0,0
1,8,45410,0,0
2,2,45411,0,0
3,3,45412,0,0
4,7,45413,0,0
5,1,45414,0,0
6,1,45415,0,0
7,7,45416,0,0
0,2,45417,0,0
1,1,45418,0,0
2,2,45419,0,0
3,3,45420,0,0
4,1,45421,0,0
5,8,45422,0,0
6,1,45423,0,0
7,7,45424,0,0
0,2,45425,0,0
1,1,45426,0,0
2,2,45427,0,0
3,1,45428,0,0
4,1,45429,0,0
5,5,45430,0,0
6,2,45431,0,0
7,2,45432,0,0
0,2,45433,0,0
1,1,45434,0,0
2,1,45435,0,0
3,1,45436,0,0
4,1,45437,0,0
5,1,45438,0,0
6,4,45439,0,0
7,1,45440,0,0
0,2,45441,0,0
1,6,45442,0,0
2,1,45443,0,0
3,0,45444,0,0
4,4,45445,0,0
5,1,45446,0,0
6,0,45447,0,0
7,1,45448,0,0
0,2,45449,0,0
1,1,45450,0,0
2,1,45451,0,0
3,1,45452,0,0
4,1,45453,0,0
5,1,45454,0,0
6,1,45455,0,0
7,1,45456,0,0
0,2,45457,0,0
1,7,45458,0,0
2,1,45459,0,0
3,1,45460,0,0
4,1,45461,0,0
5,1,45462,0,0
6,1,45463,0,0
7,3,45464,0,0
0,2,45465,0,0
1,1,45466,0,0
2,8,45467,0,0
3,1,45468,0,0
4,1,45469,0,0
5,1,45470,0,0
6,1,45471,0,0
7,1,45472,0,0
0,2,45473,0,0
1,5,45474,0,0
2,8,45475,0,0
3,3,45476,0,0
4,6,45477,0,0
5,1,45478,0,0
6,1,45479,0,0
7,1,45480,0,0
0,8,45481,0,0
1,6,45482,0,0
2,8,45483,0,0
3,3,45484,0,0
4,1,45485,0,0
5,1,45486,0,0
6,1,45487,0,0
7,1,45488,0,0
0,8,45489,0,0
1,5,45490,0,0
2,8,45491,0,0
3,3,45492,0,0
4,1,45493,0,0
5,1,45494,0,0
6,1,45495,0,0
7,1,45496,0,0
0,2,45497,0,0
1,5,45498,0,0
2,1,45499,0,0
3,3,45500,0,0
4,1,45501,0,0
5,1,45502,0,0
6,1,45503,0,0
7,1,45504,0,0
0,2,45505,0,0
1,7,45506,0,0
2,1,45507,0,0
3,3,45508,0,0
4,4,45509,0,0
5,1,45510,0,0
6,1,45511,0,0
7,1,45512,0,0
0,2,45513,0,0
1,7,45514,0,0
2,1,45515,0,0
3,3,45516,0,0
4,4,45517,0,0
5,1,45518,0,0
6,1,45519,0,0
7,0,45520,0,0
0,2,45521,0,0
1,1,45522,0,0
2,1,45523,0,0
3,3,45524,0,0
4,1,45525,0,0
5,1,45526,0,0
6,1,45527,0,0
7,1,45528,0,0
0,2,45529,0,0
1,1,45530,0,0
2,1,45531,0,0
3,3,45532,0,0
4,1,45533,0,0
5,1,45534,0,0
6,1,45535,0,0
7,3,45536,0,0
0,2,45537,0,0
1,1,45538,0,0
2,1,45539,0,0
3,3,45540,0,0
4,1,45541,0,0
5,1,45542,0,0
6,1,45543,0,0
7,5,45544,0,0
0,2,45545,0,0
1,1,45546,0,0
2,1,45547,0,0
3,3,45548,0,0
4,1,45549,0,0
5,1,45550,0,0
6,1,45551,0,0
7,1,45552,0,0
0,2,45553,0,0
1,1,45554,0,0
2,1,45555,0,0
3,3,45556,0,0
4,1,45557,0,0
5,1,45558,0,0
6,1,45559,0,0
7,1,45560,0,0
0,2,45561,0,0
1,7,45562,0,0
2,8,45563,0,0
3,3,45564,0,0
4,1,45565,0,0
5,1,45566,0,0
6,1,45567,0,0
7,1,45568,0,0
0,2,45569,0,0
1,5,45570,0,0
2,8,45571,0,0
3,3,45572,0,0
4,4,45573,0,0
5,1,45574,0,0
6,0,45575,0,0
7,1,45576,0,0
0,4,45577,0,0
1,6,45578,0,0
2,1,45579,0,0
3,3,45580,0,0
4,4,45581,0,0
5,1,45582,0,0
6,0,45583,0,0
7,1,45584,0,0
0,5,45585,0,0
1,6,45586,0,0
2,1,45587,0,0
3,3,45588,0,0
4,4,45589,0,0
5,2,45590,0,0
6,0,45591,0,0
7,1,45592,0,0
0,5,45593,0,0
1,6,45594,0,0
2,8,45595,0,0
3,3,45596,0,0
4,4,45597,0,0
5,2,45598,0,0
6,1,45599,0,0
7,1,45600,0,0
0,5,45601,0,0
1,6,45602,0,0
2,8,45603,0,0
3,3,45604,0,0
4,4,45605,0,0
5,1,45606,0,0
6,1,45607,0,0
7,1,45608,0,0
0,4,45609,0,0
1,7,45610,0,0
2,8,45611,0,0
3,3,45612,0,0
4,4,45613,0,0
5,1,45614,0,0
6,1,45615,0,0
7,0,45616,0,0
0,6,45617,0,0
1,8,45618,0,0
2,8,45619,0,0
3,3,45620,0,0
4,4,45621,0,0
5,1,45622,0,0
6,1,45623,0,0
7,0,45624,0,0
0,6,45625,0,0
1,8,45626,0,0
2,1,45627,0,0
3,3,45628,0,0
4,4,45629,0,0
5,1,45630,0,0
6,1,45631,0,0
7,2,45632,0,0
0,6,45633,0,0
1,8,45634,0,0
2,8,45635,0,0
3,3,45636,0,0
4,4,45637,0,0
5,1,45638,0,0
6,1,45639,0,0
7,1,45640,0,0
0,6,45641,0,0
1,5,45642,0,0
2,8,45643,0,0
3,3,45644,0,0
4,4,45645,0,0
5,1,45646,0,0
6,1,45647,0,0
7,1,45648,0,0
0,6,45649,0,0
1,5,45650,0,0
2,6,45651,0,0
3,3,45652,0,0
4,4,45653,0,0
5,1,45654,0,0
6,1,45655,0,0
7,3,45656,0,0
0,6,45657,0,0
1,1,45658,0,0
2,4,45659,0,0
3,3,45660,0,0
4,4,45661,0,0
5,1,45662,0,0
6,8,45663,0,0
7,5,45664,0,0
0,6,45665,0,0
1,6,45666,0,0
2,4,45667,0,0
3,2,45668,0,0
4,7,45669,0,0
5,4,45670,0,0
6,4,45671,0,0
7,5,45672,0,0
0,6,45673,0,0
1,8,45674,0,0
2,4,45675,0,0
3,1,45676,0,0
4,7,45677,0,0
5,3,45678,0,0
6,4,45679,0,0
7,5,45680,0,0
0,6,45681,0,0
1,8,45682,0,0
2,4,45683,0,0
3,7,45684,0,0
4,8,45685,0,0
5,3,45686,0,0
6,3,45687,0,0
7,5,45688,0,0
0,6,45689,0,0
1,6,45690,0,0
2,4,45691,0,0
3,7,45692,0,0
4,1,45693,0,0
5,4,45694,0,0
6,4,45695,0,0
7,5,45696,0,0
0,6,45697,0,0
1,4,45698,0,0
2,4,45699,0,0
3,7,45700,0,0
4,4,45701,0,0
5,4,45702,0,0
6,4,45703,0,0
7,5,45704,0,0
0,4,45705,0,0
1,4,45706,0,0
2,4,45707,0,0
3,7,45708,0,0
4,4,45709,0,0
5,4,45710,0,0
6,4,45711,0,0
7,5,45712,0,0
0,4,45713,0,0
1,4,45714,0,0
2,4,45715,0,0
3,5,45716,0,0
4,4,45717,0,0
5,4,45718,0,0
6,4,45719,0,0
7,5,45720,0,0
0,4,45721,0,0
1,4,45722,0,0
2,4,45723,0,0
3,7,45724,0,0
4,4,45725,0,0
5,4,45726,0,0
6,4,45727,0,0
7,5,45728,0,0
0,4,45729,0,0
1,4,45730,0,0
2,7,45731,0,0
3,7,45732,0,0
4,4,45733,0,0
5,4,45734,0,0
6,4,45735,0,0
7,5,45736,0,0
0,4,45737,0,0
1,4,45738,0,0
2,7,45739,0,0
3,7,45740,0,0
4,4,45741,0,0
5,4,45742,0,0
6,3,45743,0,0
7,5,45744,0,0
0,6,45745,0,0
1,4,45746,0,0
2,6,45747,0,0
3,7,45748,0,0
4,4,45749,0,0
5,8,45750,0,0
6,4,45751,0,0
7,5,45752,0,0
0,6,45753,0,0
1,6,45754,0,0
2,7,45755,0,0
3,6,45756,0,0
4,4,45757,0,0
5,3,45758,0,0
6,4,45759,0,0
7,5,45760,0,0
0,4,45761,0,0
1,6,45762,0,0
2,7,45763,0,0
3,6,45764,0,0
4,8,45765,0,0
5,3,45766,0,0
6,4,45767,0,0
7,5,45768,0,0
0,4,45769,0,0
1,6,45770,0,0
2,7,45771,0,0
3,6,45772,0,0
4,8,45773,0,0
5,3,45774,0,0
6,3,45775,0,0
7,5,45776,0,0
0,4,45777,0,0
1,6,45778,0,0
2,6,45779,0,0
3,6,45780,0,0
4,8,45781,0,0
5,3,45782,0,0
6,3,45783,0,0
7,5,45784,0,0
0,2,45785,0,0
1,4,45786,0,0
2,6,45787,0,0
3,1,45788,0,0
4,8,45789,0,0
5,3,45790,0,0
6,3,45791,0,0
7,5,45792,0,0
0,2,45793,0,0
1,7,45794,0,0
2,6,45795,0,0
3,3,45796,0,0
4,8,45797,0,0
5,3,45798,0,0
6,3,45799,0,0
7,5,45800,0,0
0,2,45801,0,0
1,1,45802,0,0
2,7,45803,0,0
3,3,45804,0,0
4,8,45805,0,0
5,3,45806,0,0
6,3,45807,0,0
7,5,45808,0,0
0,2,45809,0,0
1,6,45810,0,0
2,8,45811,0,0
3,3,45812,0,0
4,6,45813,0,0
5,3,45814,0,0
6,3,45815,0,0
7,7,45816,0,0
0,2,45817,0,0
1,3,45818,0,0
2,8,45819,0,0
3,3,45820,0,0
4,6,45821,0,0
5,3,45822,0,0
6,3,45823,0,0
7,3,45824,0,0
0,2,45825,0,0
1,3,45826,0,0
2,8,45827,0,0
3,3,45828,0,0
4,2,45829,0,0
5,3,45830,0,0
6,5,45831,0,0
7,3,45832,0,0
0,2,45833,0,0
1,5,45834,0,0
2,8,45835,0,0
3,3,45836,0,0
4,4,45837,0,0
5,3,45838,0,0
6,3,45839,0,0
7,3,45840,0,0
0,2,45841,0,0
1,3,45842,0,0
2,5,45843,0,0
3,3,45844,0,0
4,4,45845,0,0
5,3,45846,0,0
6,3,45847,0,0
7,3,45848,0,0
0,3,45849,0,0
1,7,45850,0,0
2,4,45851,0,0
3,3,45852,0,0
4,4,45853,0,0
5,3,45854,0,0
6,8,45855,0,0
7,3,45856,0,0
0,2,45857,0,0
1,6,45858,0,0
2,4,45859,0,0
3,3,45860,0,0
4,4,45861,0,0
5,3,45862,0,0
6,0,45863,0,0
7,5,45864,0,0
0,2,45865,0,0
1,7,45866,0,0
2,7,45867,0,0
3,3,45868,0,0
4,4,45869,0,0
5,3,45870,0,0
6,0,45871,0,0
7,5,45872,0,0
0,2,45873,0,0
1,5,45874,0,0
2,8,45875,0,0
3,3,45876,0,0
4,4,45877,0,0
5,8,45878,0,0
6,1,45879,0,0
7,5,45880,0,0
0,2,45881,0,0
1,6,45882,0,0
2,2,45883,0,0
3,3,45884,0,0
4,4,45885,0,0
5,7,45886,0,0
6,1,45887,0,0
7,1,45888,0,0
0,2,45889,0,0
1,6,45890,0,0
2,2,45891,0,0
3,3,45892,0,0
4,4,45893,0,0
5,4,45894,0,0
6,8,45895,0,0
7,1,45896,0,0
0,2,45897,0,0
1,5,45898,0,0
2,8,45899,0,0
3,3,45900,0,0
4,4,45901,0,0
5,4,45902,0,0
6,0,45903,0,0
7,1,45904,0,0
0,6,45905,0,0
1,6,45906,0,0
2,8,45907,0,0
3,2,45908,0,0
4,4,45909,0,0
5,8,45910,0,0
6,0,45911,0,0
7,1,45912,0,0
0,6,45913,0,0
1,6,45914,0,0
2,8,45915,0,0
3,0,45916,0,0
4,4,45917,0,0
5,8,45918,0,0
6,1,45919,0,0
7,3,45920,0,0
0,5,45921,0,0
1,7,45922,0,0
2,7,45923,0,0
3,0,45924,0,0
4,4,45925,0,0
5,2,45926,0,0
6,1,45927,0,0
7,5,45928,0,0
0,5,45929,0,0
1,5,45930,0,0
2,7,45931,0,0
3,0,45932,0,0
4,1,45933,0,0
5,2,45934,0,0
6,8,45935,0,0
7,4,45936,0,0
0,4,45937,0,0
1,5,45938,0,0
2,6,45939,0,0
3,0,45940,0,0
4,1,45941,0,0
5,1,45942,0,0
6,1,45943,0,0
7,4,45944,0,0
0,6,45945,0,0
1,6,45946,0,0
2,7,45947,0,0
3,0,45948,0,0
4,1,45949,0,0
5,7,45950,0,0
6,8,45951,0,0
7,4,45952,0,0
0,2,45953,0,0
1,6,45954,0,0
2,7,45955,0,0
3,0,45956,0,0
4,1,45957,0,0
5,5,45958,0,0
6,8,45959,0,0
7,4,45960,0,0
0,2,45961,0,0
1,6,45962,0,0
2,8,45963,0,0
3,0,45964,0,0
4,1,45965,0,0
5,1,45966,0,0
6,8,45967,0,0
7,4,45968,0,0
0,2,45969,0,0
1,7,45970,0,0
2,8,45971,0,0
3,0,45972,0,0
4,4,45973,0,0
5,2,45974,0,0
6,8,45975,0,0
7,5,45976,0,0
0,2,45977,0,0
1,7,45978,0,0
2,2,45979,0,0
3,0,45980,0,0
4,4,45981,0,0
5,3,45982,0,0
6,8,45983,0,0
7,5,45984,0,0
0,4,45985,0,0
1,7,45986,0,0
2,2,45987,0,0
3,0,45988,0,0
4,4,45989,0,0
5,7,45990,0,0
6,8,45991,0,0
7,5,45992,0,0
0,6,45993,0,0
1,7,45994,0,0
2,8,45995,0,0
3,0,45996,0,0
4,4,45997,0,0
5,3,45998,0,0
6,8,45999,0,0
7,5,46000,0,0
0,2,46001,0,0
1,6,46002,0,0
2,1,46003,0,0
3,3,46004,0,0
4,4,46005,0,0
5,7,46006,0,0
6,5,46007,0,0
7,5,46008,0,0
0,2,46009,0,0
1,3,46010,0,0
2,8,46011,0,0
3,0,46012,0,0
4,4,46013,0,0
5,7,46014,0,0
6,6,46015,0,0
7,5,46016,0,0
0,2,46017,0,0
1,5,46018,0,0
2,6,46019,0,0
3,3,46020,0,0
4,2,46021,0,0
5,7,46022,0,0
6,6,46023,0,0
7,5,46024,0,0
0,6,46025,0,0
1,7,46026,0,0
2,7,46027,0,0
3,3,46028,0,0
4,4,46029,0,0
5,2,46030,0,0
6,6,46031,0,0
7,1,46032,0,0
0,5,46033,0,0
1,8,46034,0,0
2,6,46035,0,0
3,3,46036,0,0
4,4,46037,0,0
5,7,46038,0,0
6,6,46039,0,0
7,5,46040,0,0
0,5,46041,0,0
1,1,46042,0,0
2,5,46043,0,0
3,3,46044,0,0
4,4,46045,0,0
5,8,46046,0,0
6,6,46047,0,0
7,4,46048,0,0
0,5,46049,0,0
1,7,46050,0,0
2,5,46051,0,0
3,0,46052,0,0
4,4,46053,0,0
5,5,46054,0,0
6,6,46055,0,0
7,4,46056,0,0
0,5,46057,0,0
1,6,46058,0,0
2,5,46059,0,0
3,0,46060,0,0
4,4,46061,0,0
5,5,46062,0,0
6,6,46063,0,0
7,4,46064,0,0
0,2,46065,0,0
1,4,46066,0,0
2,4,46067,0,0
3,0,46068,0,0
4,4,46069,0,0
5,5,46070,0,0
6,6,46071,0,0
7,4,46072,0,0
0,4,46073,0,0
1,4,46074,0,0
2,4,46075,0,0
3,0,46076,0,0
4,4,46077,0,0
5,4,46078,0,0
6,4,46079,0,0
7,4,46080,0,0
0,2,46081,0,0
1,4,46082,0,0
2,4,46083,0,0
3,0,46084,0,0
4,4,46085,0,0
5,5,46086,0,0
6,3,46087,0,0
7,4,46088,0,0
0,4,46089,0,0
1,4,46090,0,0
2,6,46091,0,0
3,0,46092,0,0
4,4,46093,0,0
5,5,46094,0,0
6,4,46095,0,0
7,4,46096,0,0
0,3,46097,0,0
1,3,46098,0,0
2,6,46099,0,0
3,0,46100,0,0
4,4,46101,0,0
5,4,46102,0,0
6,3,46103,0,0
7,4,46104,0,0
0,3,46105,0,0
1,5,46106,0,0
2,7,46107,0,0
3,0,46108,0,0
4,8,46109,0,0
5,4,46110,0,0
6,8,46111,0,0
7,5,46112,0,0
0,2,46113,0,0
1,5,46114,0,0
2,7,46115,0,0
3,0,46116,0,0
4,1,46117,0,0
5,4,46118,0,0
6,8,46119,0,0
7,5,46120,0,0
0,5,46121,0,0
1,5,46122,0,0
2,7,46123,0,0
3,0,46124,0,0
4,4,46125,0,0
5,4,46126,0,0
6,2,46127,0,0
7,4,46128,0,0
0,4,46129,0,0
1,5,46130,0,0
2,8,46131,0,0
3,0,46132,0,0
4,1,46133,0,0
5,5,46134,0,0
6,2,46135,0,0
7,1,46136,0,0
0,2,46137,0,0
1,6,46138,0,0
2,8,46139,0,0
3,0,46140,0,0
4,4,46141,0,0
5,5,46142,0,0
6,8,46143,0,0
7,3,46144,0,0
0,6,46145,0,0
1,7,46146,0,0
2,8,46147,0,0
3,7,46148,0,0
4,4,46149,0,0
5,5,46150,0,0
6,8,46151,0,0
7,7,46152,0,0
0,6,46153,0,0
1,7,46154,0,0
2,8,46155,0,0
3,7,46156,0,0
4,8,46157,0,0
5,3,46158,0,0
6,1,46159,0,0
7,3,46160,0,0
0,4,46161,0,0
1,7,46162,0,0
2,8,46163,0,0
3,5,46164,0,0
4,6,46165,0,0
5,1,46166,0,0
6,1,46167,0,0
7,0,46168,0,0
0,6,46169,0,0
1,7,46170,0,0
2,8,46171,0,0
3,0,46172,0,0
4,8,46173,0,0
5,7,46174,0,0
6,1,46175,0,0
7,7,46176,0,0
0,2,46177,0,0
1,6,46178,0,0
2,8,46179,0,0
3,0,46180,0,0
4,8,46181,0,0
5,7,46182,0,0
6,1,46183,0,0
7,7,46184,0,0
0,2,46185,0,0
1,7,46186,0,0
2,2,46187,0,0
3,3,46188,0,0
4,1,46189,0,0
5,7,46190,0,0
6,8,46191,0,0
7,1,46192,0,0
0,2,46193,0,0
1,7,46194,0,0
2,2,46195,0,0
3,3,46196,0,0
4,4,46197,0,0
5,7,46198,0,0
6,8,46199,0,0
7,1,46200,0,0
0,3,46201,0,0
1,7,46202,0,0
2,2,46203,0,0
3,3,46204,0,0
4,4,46205,0,0
5,7,46206,0,0
6,8,46207,0,0
7,1,46208,0,0
0,6,46209,0,0
1,7,46210,0,0
2,2,46211,0,0
3,3,46212,0,0
4,4,46213,0,0
5,7,46214,0,0
6,8,46215,0,0
7,1,46216,0,0
0,6,46217,0,0
1,7,46218,0,0
2,2,46219,0,0
3,3,46220,0,0
4,2,46221,0,0
5,0,46222,0,0
6,8,46223,0,0
7,1,46224,0,0
0,6,46225,0,0
1,7,46226,0,0
2,2,46227,0,0
3,3,46228,0,0
4,2,46229,0,0
5,0,46230,0,0
6,8,46231,0,0
7,1,46232,0,0
0,2,46233,0,0
1,7,46234,0,0
2,2,46235,0,0
3,3,46236,0,0
4,4,46237,0,0
5,2,46238,0,0
6,0,46239,0,0
7,1,46240,0,0
0,2,46241,0,0
1,7,46242,0,0
2,2,46243,0,0
3,3,46244,0,0
4,4,46245,0,0
5,7,46246,0,0
6,8,46247,0,0
7,3,46248,0,0
0,2,46249,0,0
1,7,46250,0,0
2,2,46251,0,0
3,3,46252,0,0
4,4,46253,0,0
5,2,46254,0,0
6,1,46255,0,0
7,3,46256,0,0
0,3,46257,0,0
1,7,46258,0,0
2,2,46259,0,0
3,2,46260,0,0
4,2,46261,0,0
5,2,46262,0,0
6,1,46263,0,0
7,3,46264,0,0
0,2,46265,0,0
1,7,46266,0,0
2,2,46267,0,0
3,2,46268,0,0
4,2,46269,0,0
5,2,46270,0,0
6,2,46271,0,0
7,3,46272,0,0
0,6,46273,0,0
1,7,46274,0,0
2,2,46275,0,0
3,2,46276,0,0
4,2,46277,0,0
5,2,46278,0,0
6,2,46279,0,0
7,3,46280,0,0
0,5,46281,0,0
1,7,46282,0,0
2,1,46283,0,0
3,0,46284,0,0
4,4,46285,0,0
5,4,46286,0,0
6,1,46287,0,0
7,3,46288,0,0
0,2,46289,0,0
1,5,46290,0,0
2,8,46291,0,0
3,2,46292,0,0
4,4,46293,0,0
5,4,46294,0,0
6,1,46295,0,0
7,3,46296,0,0
0,2,46297,0,0
1,5,46298,0,0
2,8,46299,0,0
3,2,46300,0,0
4,4,46301,0,0
5,2,46302,0,0
6,2,46303,0,0
7,5,46304,0,0
0,2,46305,0,0
1,5,46306,0,0
2,1,46307,0,0
3,0,46308,0,0
4,4,46309,0,0
5,2,46310,0,0
6,2,46311,0,0
7,5,46312,0,0
0,2,46313,0,0
1,5,46314,0,0
2,7,46315,0,0
3,0,46316,0,0
4,4,46317,0,0
5,1,46318,0,0
6,4,46319,0,0
7,5,46320,0,0
0,4,46321,0,0
1,5,46322,0,0
2,7,46323,0,0
3,0,46324,0,0
4,4,46325,0,0
5,1,46326,0,0
6,5,46327,0,0
7,5,46328,0,0
0,5,46329,0,0
1,5,46330,0,0
2,6,46331,0,0
3,5,46332,0,0
4,4,46333,0,0
5,1,46334,0,0
6,5,46335,0,0
7,5,46336,0,0
0,2,46337,0,0
1,5,46338,0,0
2,5,46339,0,0
3,5,46340,0,0
4,1,46341,0,0
5,5,46342,0,0
6,5,46343,0,0
7,5,46344,0,0
0,2,46345,0,0
1,5,46346,0,0
2,5,46347,0,0
3,5,46348,0,0
4,4,46349,0,0
5,2,46350,0,0
6,5,46351,0,0
7,5,46352,0,0
0,5,46353,0,0
1,5,46354,0,0
2,5,46355,0,0
3,5,46356,0,0
4,2,46357,0,0
5,5,46358,0,0
6,5,46359,0,0
7,5,46360,0,0
0,2,46361,0,0
1,5,46362,0,0
2,6,46363,0,0
3,5,46364,0,0
4,4,46365,0,0
5,2,46366,0,0
6,5,46367,0,0
7,4,46368,0,0
0,2,46369,0,0
1,5,46370,0,0
2,7,46371,0,0
3,0,46372,0,0
4,2,46373,0,0
5,5,46374,0,0
6,3,46375,0,0
7,5,46376,0,0
0,2,46377,0,0
1,5,46378,0,0
2,7,46379,0,0
3,0,46380,0,0
4,4,46381,0,0
5,4,46382,0,0
6,3,46383,0,0
7,5,46384,0,0
0,2,46385,0,0
1,5,46386,0,0
2,7,46387,0,0
3,0,46388,0,0
4,4,46389,0,0
5,5,46390,0,0
6,6,46391,0,0
7,5,46392,0,0
0,2,46393,0,0
1,5,46394,0,0
2,7,46395,0,0
3,0,46396,0,0
4,4,46397,0,0
5,4,46398,0,0
6,3,46399,0,0
7,5,46400,0,0
0,2,46401,0,0
1,5,46402,0,0
2,7,46403,0,0
3,0,46404,0,0
4,2,46405,0,0
5,4,46406,0,0
6,3,46407,0,0
7,5,46408,0,0
0,3,46409,0,0
1,5,46410,0,0
2,7,46411,0,0
3,3,46412,0,0
4,4,46413,0,0
5,4,46414,0,0
6,1,46415,0,0
7,5,46416,0,0
0,3,46417,0,0
1,5,46418,0,0
2,7,46419,0,0
3,0,46420,0,0
4,4,46421,0,0
5,3,46422,0,0
6,8,46423,0,0
7,5,46424,0,0
0,2,46425,0,0
1,5,46426,0,0
2,8,46427,0,0
3,0,46428,0,0
4,4,46429,0,0
5,3,46430,0,0
6,8,46431,0,0
7,5,46432,0,0
0,2,46433,0,0
1,5,46434,0,0
2,8,46435,0,0
3,0,46436,0,0
4,1,46437,0,0
5,3,46438,0,0
6,8,46439,0,0
7,5,46440,0,0
0,2,46441,0,0
1,5,46442,0,0
2,8,46443,0,0
3,0,46444,0,0
4,1,46445,0,0
5,2,46446,0,0
6,8,46447,0,0
7,5,46448,0,0
0,2,46449,0,0
1,5,46450,0,0
2,8,46451,0,0
3,0,46452,0,0
4,7,46453,0,0
5,8,46454,0,0
6,8,46455,0,0
7,5,46456,0,0
0,2,46457,0,0
1,5,46458,0,0
2,6,46459,0,0
3,0,46460,0,0
4,1,46461,0,0
5,8,46462,0,0
6,3,46463,0,0
7,5,46464,0,0
0,2,46465,0,0
1,4,46466,0,0
2,7,46467,0,0
3,3,46468,0,0
4,4,46469,0,0
5,2,46470,0,0
6,8,46471,0,0
7,5,46472,0,0
0,2,46473,0,0
1,3,46474,0,0
2,6,46475,0,0
3,3,46476,0,0
4,4,46477,0,0
5,2,46478,0,0
6,2,46479,0,0
7,4,46480,0,0
0,2,46481,0,0
1,4,46482,0,0
2,7,46483,0,0
3,3,46484,0,0
4,4,46485,0,0
5,8,46486,0,0
6,2,46487,0,0
7,4,46488,0,0
0,3,46489,0,0
1,4,46490,0,0
2,7,46491,0,0
3,2,46492,0,0
4,4,46493,0,0
5,1,46494,0,0
6,8,46495,0,0
7,4,46496,0,0
0,6,46497,0,0
1,4,46498,0,0
2,7,46499,0,0
3,1,46500,0,0
4,4,46501,0,0
5,8,46502,0,0
6,1,46503,0,0
7,1,46504,0,0
0,2,46505,0,0
1,4,46506,0,0
2,7,46507,0,0
3,1,46508,0,0
4,4,46509,0,0
5,8,46510,0,0
6,1,46511,0,0
7,1,46512,0,0
0,2,46513,0,0
1,4,46514,0,0
2,7,46515,0,0
3,2,46516,0,0
4,4,46517,0,0
5,2,46518,0,0
6,1,46519,0,0
7,1,46520,0,0
0,3,46521,0,0
1,4,46522,0,0
2,1,46523,0,0
3,2,46524,0,0
4,4,46525,0,0
5,1,46526,0,0
6,1,46527,0,0
7,1,46528,0,0
0,2,46529,0,0
1,4,46530,0,0
2,1,46531,0,0
3,0,46532,0,0
4,1,46533,0,0
5,1,46534,0,0
6,1,46535,0,0
7,1,46536,0,0
0,5,46537,0,0
1,4,46538,0,0
2,1,46539,0,0
3,0,46540,0,0
4,8,46541,0,0
5,1,46542,0,0
6,1,46543,0,0
7,1,46544,0,0
0,3,46545,0,0
1,4,46546,0,0
2,1,46547,0,0
3,0,46548,0,0
4,8,46549,0,0
5,7,46550,0,0
6,1,46551,0,0
7,1,46552,0,0
0,3,46553,0,0
1,4,46554,0,0
2,1,46555,0,0
3,0,46556,0,0
4,8,46557,0,0
5,3,46558,0,0
6,1,46559,0,0
7,1,46560,0,0
0,2,46561,0,0
1,4,46562,0,0
2,1,46563,0,0
3,0,46564,0,0
4,8,46565,0,0
5,7,46566,0,0
6,1,46567,0,0
7,1,46568,0,0
0,4,46569,0,0
1,4,46570,0,0
2,1,46571,0,0
3,0,46572,0,0
4,8,46573,0,0
5,7,46574,0,0
6,1,46575,0,0
7,1,46576,0,0
0,4,46577,0,0
1,4,46578,0,0
2,1,46579,0,0
3,0,46580,0,0
4,1,46581,0,0
5,7,46582,0,0
6,1,46583,0,0
7,1,46584,0,0
0,4,46585,0,0
1,6,46586,0,0
2,8,46587,0,0
3,0,46588,0,0
4,1,46589,0,0
5,7,46590,0,0
6,1,46591,0,0
7,1,46592,0,0
0,2,46593,0,0
1,7,46594,0,0
2,8,46595,0,0
3,1,46596,0,0
4,4,46597,0,0
5,7,46598,0,0
6,1,46599,0,0
7,1,46600,0,0
0,6,46601,0,0
1,7,46602,0,0
2,8,46603,0,0
3,1,46604,0,0
4,4,46605,0,0
5,7,46606,0,0
6,1,46607,0,0
7,1,46608,0,0
0,2,46609,0,0
1,1,46610,0,0
2,1,46611,0,0
3,1,46612,0,0
4,4,46613,0,0
5,1,46614,0,0
6,1,46615,0,0
7,1,46616,0,0
0,2,46617,0,0
1,1,46618,0,0
2,1,46619,0,0
3,1,46620,0,0
4,4,46621,0,0
5,1,46622,0,0
6,1,46623,0,0
7,1,46624,0,0
0,4,46625,0,0
1,4,46626,0,0
2,1,46627,0,0
3,2,46628,0,0
4,4,46629,0,0
5,7,46630,0,0
6,1,46631,0,0
7,1,46632,0,0
0,6,46633,0,0
1,4,46634,0,0
2,1,46635,0,0
3,2,46636,0,0
4,4,46637,0,0
5,7,46638,0,0
6,1,46639,0,0
7,1,46640,0,0
0,2,46641,0,0
1,4,46642,0,0
2,1,46643,0,0
3,2,46644,0,0
4,4,46645,0,0
5,8,46646,0,0
6,1,46647,0,0
7,1,46648,0,0
0,2,46649,0,0
1,4,46650,0,0
2,1,46651,0,0
3,2,46652,0,0
4,4,46653,0,0
5,5,46654,0,0
6,1,46655,0,0
7,1,46656,0,0
0,2,46657,0,0
1,4,46658,0,0
2,1,46659,0,0
3,1,46660,0,0
4,4,46661,0,0
5,1,46662,0,0
6,1,46663,0,0
7,1,46664,0,0
0,2,46665,0,0
1,4,46666,0,0
2,1,46667,0,0
3,0,46668,0,0
4,4,46669,0,0
5,1,46670,0,0
6,1,46671,0,0
7,1,46672,0,0
0,2,46673,0,0
1,4,46674,0,0
2,1,46675,0,0
3,1,46676,0,0
4,4,46677,0,0
5,5,46678,0,0
6,1,46679,0,0
7,1,46680,0,0
0,4,46681,0,0
1,4,46682,0,0
2,1,46683,0,0
3,0,46684,0,0
4,4,46685,0,0
5,7,46686,0,0
6,1,46687,0,0
7,1,46688,0,0
0,6,46689,0,0
1,4,46690,0,0
2,1,46691,0,0
3,0,46692,0,0
4,4,46693,0,0
5,7,46694,0,0
6,1,46695,0,0
7,1,46696,0,0
0,2,46697,0,0
1,4,46698,0,0
2,8,46699,0,0
3,1,46700,0,0
4,4,46701,0,0
5,1,46702,0,0
6,1,46703,0,0
7,1,46704,0,0
0,3,46705,0,0
1,4,46706,0,0
2,8,46707,0,0
3,1,46708,0,0
4,4,46709,0,0
5,7,46710,0,0
6,1,46711,0,0
7,1,46712,0,0
0,2,46713,0,0
1,4,46714,0,0
2,8,46715,0,0
3,1,46716,0,0
4,6,46717,0,0
5,7,46718,0,0
6,1,46719,0,0
7,2,46720,0,0
0,6,46721,0,0
1,4,46722,0,0
2,8,46723,0,0
3,1,46724,0,0
4,1,46725,0,0
5,7,46726,0,0
6,1,46727,0,0
7,1,46728,0,0
0,5,46729,0,0
1,4,46730,0,0
2,8,46731,0,0
3,1,46732,0,0
4,0,46733,0,0
5,7,46734,0,0
6,1,46735,0,0
7,1,46736,0,0
0,5,46737,0,0
1,4,46738,0,0
2,6,46739,0,0
3,0,46740,0,0
4,0,46741,0,0
5,7,46742,0,0
6,1,46743,0,0
7,2,46744,0,0
0,6,46745,0,0
1,4,46746,0,0
2,6,46747,0,0
3,0,46748,0,0
4,7,46749,0,0
5,7,46750,0,0
6,1,46751,0,0
7,2,46752,0,0
0,6,46753,0,0
1,4,46754,0,0
2,8,46755,0,0
3,0,46756,0,0
4,8,46757,0,0
5,7,46758,0,0
6,1,46759,0,0
7,1,46760,0,0
0,6,46761,0,0
1,4,46762,0,0
2,8,46763,0,0
3,1,46764,0,0
4,7,46765,0,0
5,7,46766,0,0
6,1,46767,0,0
7,1,46768,0,0
0,6,46769,0,0
1,4,46770,0,0
2,8,46771,0,0
3,1,46772,0,0
4,7,46773,0,0
5,8,46774,0,0
6,2,46775,0,0
7,1,46776,0,0
0,6,46777,0,0
1,4,46778,0,0
2,8,46779,0,0
3,3,46780,0,0
4,8,46781,0,0
5,7,46782,0,0
6,8,46783,0,0
7,1,46784,0,0
0,6,46785,0,0
1,3,46786,0,0
2,8,46787,0,0
3,3,46788,0,0
4,8,46789,0,0
5,7,46790,0,0
6,1,46791,0,0
7,1,46792,0,0
0,6,46793,0,0
1,4,46794,0,0
2,8,46795,0,0
3,3,46796,0,0
4,0,46797,0,0
5,7,46798,0,0
6,8,46799,0,0
7,1,46800,0,0
0,6,46801,0,0
1,4,46802,0,0
2,8,46803,0,0
3,3,46804,0,0
4,6,46805,0,0
5,8,46806,0,0
6,0,46807,0,0
7,1,46808,0,0
0,6,46809,0,0
1,4,46810,0,0
2,8,46811,0,0
3,3,46812,0,0
4,6,46813,0,0
5,1,46814,0,0
6,0,46815,0,0
7,1,46816,0,0
0,6,46817,0,0
1,4,46818,0,0
2,8,46819,0,0
3,3,46820,0,0
4,6,46821,0,0
5,1,46822,0,0
6,8,46823,0,0
7,1,46824,0,0
0,6,46825,0,0
1,4,46826,0,0
2,8,46827,0,0
3,3,46828,0,0
4,6,46829,0,0
5,7,46830,0,0
6,8,46831,0,0
7,1,46832,0,0
0,6,46833,0,0
1,4,46834,0,0
2,8,46835,0,0
3,3,46836,0,0
4,0,46837,0,0
5,1,46838,0,0
6,5,46839,0,0
7,1,46840,0,0
0,6,46841,0,0
1,3,46842,0,0
2,8,46843,0,0
3,3,46844,0,0
4,0,46845,0,0
5,1,46846,0,0
6,0,46847,0,0
7,1,46848,0,0
0,6,46849,0,0
1,3,46850,0,0
2,8,46851,0,0
3,1,46852,0,0
4,2,46853,0,0
5,1,46854,0,0
6,8,46855,0,0
7,1,46856,0,0
0,6,46857,0,0
1,3,46858,0,0
2,8,46859,0,0
3,1,46860,0,0
4,4,46861,0,0
5,1,46862,0,0
6,8,46863,0,0
7,1,46864,0,0
0,6,46865,0,0
1,3,46866,0,0
2,8,46867,0,0
3,1,46868,0,0
4,4,46869,0,0
5,1,46870,0,0
6,1,46871,0,0
7,1,46872,0,0
0,6,46873,0,0
1,3,46874,0,0
2,8,46875,0,0
3,1,46876,0,0
4,4,46877,0,0
5,1,46878,0,0
6,1,46879,0,0
7,1,46880,0,0
0,4,46881,0,0
1,3,46882,0,0
2,8,46883,0,0
3,0,46884,0,0
4,4,46885,0,0
5,1,46886,0,0
6,2,46887,0,0
7,1,46888,0,0
0,2,46889,0,0
1,3,46890,0,0
2,8,46891,0,0
3,0,46892,0,0
4,4,46893,0,0
5,1,46894,0,0
6,8,46895,0,0
7,1,46896,0,0
0,2,46897,0,0
1,3,46898,0,0
2,1,46899,0,0
3,7,46900,0,0
4,4,46901,0,0
5,1,46902,0,0
6,8,46903,0,0
7,1,46904,0,0
0,2,46905,0,0
1,3,46906,0,0
2,8,46907,0,0
3,0,46908,0,0
4,4,46909,0,0
5,1,46910,0,0
6,8,46911,0,0
7,1,46912,0,0
0,4,46913,0,0
1,3,46914,0,0
2,1,46915,0,0
3,0,46916,0,0
4,4,46917,0,0
5,1,46918,0,0
6,2,46919,0,0
7,1,46920,0,0
0,2,46921,0,0
1,4,46922,0,0
2,1,46923,0,0
3,1,46924,0,0
4,4,46925,0,0
5,1,46926,0,0
6,2,46927,0,0
7,1,46928,0,0
0,4,46929,0,0
1,4,46930,0,0
2,1,46931,0,0
3,1,46932,0,0
4,4,46933,0,0
5,4,46934,0,0
6,2,46935,0,0
7,5,46936,0,0
0,4,46937,0,0
1,5,46938,0,0
2,1,46939,0,0
3,8,46940,0,0
4,4,46941,0,0
5,4,46942,0,0
6,2,46943,0,0
7,4,46944,0,0
0,4,46945,0,0
1,4,46946,0,0
2,1,46947,0,0
3,8,46948,0,0
4,4,46949,0,0
5,4,46950,0,0
6,2,46951,0,0
7,4,46952,0,0
0,4,46953,0,0
1,5,46954,0,0
2,1,46955,0,0
3,8,46956,0,0
4,4,46957,0,0
5,4,46958,0,0
6,2,46959,0,0
7,2,46960,0,0
0,6,46961,0,0
1,3,46962,0,0
2,7,46963,0,0
3,0,46964,0,0
4,4,46965,0,0
5,4,46966,0,0
6,2,46967,0,0
7,2,46968,0,0
0,6,46969,0,0
1,3,46970,0,0
2,7,46971,0,0
3,1,46972,0,0
4,4,46973,0,0
5,3,46974,0,0
6,8,46975,0,0
7,5,46976,0,0
0,5,46977,0,0
1,3,46978,0,0
2,7,46979,0,0
3,1,46980,0,0
4,4,46981,0,0
5,7,46982,0,0
6,2,46983,0,0
7,0,46984,0,0
0,5,46985,0,0
1,3,46986,0,0
2,7,46987,0,0
3,8,46988,0,0
4,7,46989,0,0
5,7,46990,0,0
6,2,46991,0,0
7,0,46992,0,0
0,5,46993,0,0
1,3,46994,0,0
2,6,46995,0,0
3,1,46996,0,0
4,7,46997,0,0
5,1,46998,0,0
6,2,46999,0,0
7,0,47000,0,0
0,5,47001,0,0
1,3,47002,0,0
2,6,47003,0,0
3,1,47004,0,0
4,0,47005,0,0
5,1,47006,0,0
6,2,47007,0,0
7,0,47008,0,0
0,7,47009,0,0
1,3,47010,0,0
2,6,47011,0,0
3,1,47012,0,0
4,0,47013,0,0
5,1,47014,0,0
6,2,47015,0,0
7,0,47016,0,0
0,7,47017,0,0
1,3,47018,0,0
2,7,47019,0,0
3,1,47020,0,0
4,0,47021,0,0
5,1,47022,0,0
6,2,47023,0,0
7,0,47024,0,0
0,6,47025,0,0
1,3,47026,0,0
2,5,47027,0,0
3,1,47028,0,0
4,6,47029,0,0
5,1,47030,0,0
6,4,47031,0,0
7,0,47032,0,0
0,5,47033,0,0
1,3,47034,0,0
2,6,47035,0,0
3,1,47036,0,0
4,0,47037,0,0
5,1,47038,0,0
6,4,47039,0,0
7,0,47040,0,0
0,4,47041,0,0
1,3,47042,0,0
2,6,47043,0,0
3,0,47044,0,0
4,0,47045,0,0
5,1,47046,0,0
6,8,47047,0,0
7,0,47048,0,0
0,4,47049,0,0
1,4,47050,0,0
2,5,47051,0,0
3,0,47052,0,0
4,0,47053,0,0
5,1,47054,0,0
6,8,47055,0,0
7,0,47056,0,0
0,5,47057,0,0
1,4,47058,0,0
2,5,47059,0,0
3,0,47060,0,0
4,0,47061,0,0
5,1,47062,0,0
6,8,47063,0,0
7,0,47064,0,0
0,3,47065,0,0
1,4,47066,0,0
2,7,47067,0,0
3,0,47068,0,0
4,0,47069,0,0
5,1,47070,0,0
6,8,47071,0,0
7,0,47072,0,0
0,3,47073,0,0
1,6,47074,0,0
2,6,47075,0,0
3,0,47076,0,0
4,0,47077,0,0
5,1,47078,0,0
6,8,47079,0,0
7,0,47080,0,0
0,3,47081,0,0
1,5,47082,0,0
2,6,47083,0,0
3,0,47084,0,0
4,0,47085,0,0
5,1,47086,0,0
6,8,47087,0,0
7,0,47088,0,0
0,3,47089,0,0
1,5,47090,0,0
2,6,47091,0,0
3,0,47092,0,0
4,0,47093,0,0
5,1,47094,0,0
6,0,47095,0,0
7,4,47096,0,0
0,3,47097,0,0
1,5,47098,0,0
2,6,47099,0,0
3,0,47100,0,0
4,0,47101,0,0
5,1,47102,0,0
6,0,47103,0,0
7,4,47104,0,0
0,5,47105,0,0
1,7,47106,0,0
2,7,47107,0,0
3,0,47108,0,0
4,0,47109,0,0
5,1,47110,0,0
6,0,47111,0,0
7,1,47112,0,0
0,6,47113,0,0
1,7,47114,0,0
2,6,47115,0,0
3,0,47116,0,0
4,0,47117,0,0
5,1,47118,0,0
6,8,47119,0,0
7,1,47120,0,0
0,2,47121,0,0
1,7,47122,0,0
2,4,47123,0,0
3,0,47124,0,0
4,6,47125,0,0
5,1,47126,0,0
6,2,47127,0,0
7,1,47128,0,0
0,6,47129,0,0
1,6,47130,0,0
2,4,47131,0,0
3,1,47132,0,0
4,6,47133,0,0
5,1,47134,0,0
6,2,47135,0,0
7,0,47136,0,0
0,6,47137,0,0
1,3,47138,0,0
2,4,47139,0,0
3,7,47140,0,0
4,6,47141,0,0
5,8,47142,0,0
6,2,47143,0,0
7,0,47144,0,0
0,6,47145,0,0
1,3,47146,0,0
2,4,47147,0,0
3,1,47148,0,0
4,6,47149,0,0
5,8,47150,0,0
6,2,47151,0,0
7,7,47152,0,0
0,6,47153,0,0
1,3,47154,0,0
2,6,47155,0,0
3,1,47156,0,0
4,6,47157,0,0
5,8,47158,0,0
6,8,47159,0,0
7,7,47160,0,0
0,6,47161,0,0
1,3,47162,0,0
2,6,47163,0,0
3,1,47164,0,0
4,6,47165,0,0
5,7,47166,0,0
6,2,47167,0,0
7,7,47168,0,0
0,5,47169,0,0
1,3,47170,0,0
2,4,47171,0,0
3,1,47172,0,0
4,6,47173,0,0
5,8,47174,0,0
6,8,47175,0,0
7,7,47176,0,0
0,6,47177,0,0
1,3,47178,0,0
2,7,47179,0,0
3,1,47180,0,0
4,6,47181,0,0
5,8,47182,0,0
6,2,47183,0,0
7,7,47184,0,0
0,6,47185,0,0
1,3,47186,0,0
2,7,47187,0,0
3,1,47188,0,0
4,0,47189,0,0
5,8,47190,0,0
6,2,47191,0,0
7,3,47192,0,0
0,5,47193,0,0
1,3,47194,0,0
2,7,47195,0,0
3,1,47196,0,0
4,0,47197,0,0
5,5,47198,0,0
6,2,47199,0,0
7,0,47200,0,0
0,6,47201,0,0
1,3,47202,0,0
2,6,47203,0,0
3,1,47204,0,0
4,0,47205,0,0
5,5,47206,0,0
6,2,47207,0,0
7,4,47208,0,0
0,4,47209,0,0
1,5,47210,0,0
2,8,47211,0,0
3,1,47212,0,0
4,0,47213,0,0
5,3,47214,0,0
6,2,47215,0,0
7,3,47216,0,0
0,4,47217,0,0
1,4,47218,0,0
2,1,47219,0,0
3,5,47220,0,0
4,0,47221,0,0
5,5,47222,0,0
6,2,47223,0,0
7,4,47224,0,0
0,4,47225,0,0
1,7,47226,0,0
2,6,47227,0,0
3,7,47228,0,0
4,0,47229,0,0
5,5,47230,0,0
6,2,47231,0,0
7,4,47232,0,0
0,4,47233,0,0
1,6,47234,0,0
2,8,47235,0,0
3,1,47236,0,0
4,4,47237,0,0
5,8,47238,0,0
6,2,47239,0,0
7,1,47240,0,0
0,4,47241,0,0
1,6,47242,0,0
2,8,47243,0,0
3,1,47244,0,0
4,4,47245,0,0
5,7,47246,0,0
6,2,47247,0,0
7,5,47248,0,0
0,4,47249,0,0
1,5,47250,0,0
2,8,47251,0,0
3,1,47252,0,0
4,4,47253,0,0
5,7,47254,0,0
6,2,47255,0,0
7,0,47256,0,0
0,6,47257,0,0
1,5,47258,0,0
2,1,47259,0,0
3,1,47260,0,0
4,4,47261,0,0
5,7,47262,0,0
6,2,47263,0,0
7,5,47264,0,0
0,6,47265,0,0
1,5,47266,0,0
2,7,47267,0,0
3,1,47268,0,0
4,4,47269,0,0
5,2,47270,0,0
6,2,47271,0,0
7,3,47272,0,0
0,6,47273,0,0
1,6,47274,0,0
2,6,47275,0,0
3,1,47276,0,0
4,4,47277,0,0
5,2,47278,0,0
6,2,47279,0,0
7,3,47280,0,0
0,6,47281,0,0
1,4,47282,0,0
2,8,47283,0,0
3,1,47284,0,0
4,4,47285,0,0
5,2,47286,0,0
6,2,47287,0,0
7,3,47288,0,0
0,6,47289,0,0
1,3,47290,0,0
2,8,47291,0,0
3,0,47292,0,0
4,4,47293,0,0
5,2,47294,0,0
6,4,47295,0,0
7,3,47296,0,0
0,6,47297,0,0
1,7,47298,0,0
2,8,47299,0,0
3,0,47300,0,0
4,4,47301,0,0
5,2,47302,0,0
6,4,47303,0,0
7,3,47304,0,0
0,6,47305,0,0
1,4,47306,0,0
2,8,47307,0,0
3,0,47308,0,0
4,4,47309,0,0
5,4,47310,0,0
6,2,47311,0,0
7,4,47312,0,0
0,6,47313,0,0
1,7,47314,0,0
2,8,47315,0,0
3,0,47316,0,0
4,4,47317,0,0
5,4,47318,0,0
6,1,47319,0,0
7,1,47320,0,0
0,6,47321,0,0
1,6,47322,0,0
2,8,47323,0,0
3,1,47324,0,0
4,4,47325,0,0
5,3,47326,0,0
6,2,47327,0,0
7,1,47328,0,0
0,6,47329,0,0
1,6,47330,0,0
2,8,47331,0,0
3,3,47332,0,0
4,2,47333,0,0
5,5,47334,0,0
6,3,47335,0,0
7,2,47336,0,0
0,6,47337,0,0
1,6,47338,0,0
2,8,47339,0,0
3,3,47340,0,0
4,2,47341,0,0
5,5,47342,0,0
6,8,47343,0,0
7,2,47344,0,0
0,4,47345,0,0
1,4,47346,0,0
2,5,47347,0,0
3,3,47348,0,0
4,2,47349,0,0
5,5,47350,0,0
6,0,47351,0,0
7,2,47352,0,0
0,4,47353,0,0
1,4,47354,0,0
2,8,47355,0,0
3,3,47356,0,0
4,2,47357,0,0
5,5,47358,0,0
6,1,47359,0,0
7,0,47360,0,0
0,5,47361,0,0
1,4,47362,0,0
2,1,47363,0,0
3,3,47364,0,0
4,4,47365,0,0
5,5,47366,0,0
6,8,47367,0,0
7,0,47368,0,0
0,6,47369,0,0
1,6,47370,0,0
2,1,47371,0,0
3,1,47372,0,0
4,4,47373,0,0
5,5,47374,0,0
6,8,47375,0,0
7,5,47376,0,0
0,4,47377,0,0
1,7,47378,0,0
2,8,47379,0,0
3,1,47380,0,0
4,4,47381,0,0
5,8,47382,0,0
6,0,47383,0,0
7,5,47384,0,0
0,4,47385,0,0
1,6,47386,0,0
2,8,47387,0,0
3,1,47388,0,0
4,4,47389,0,0
5,8,47390,0,0
6,0,47391,0,0
7,5,47392,0,0
0,2,47393,0,0
1,6,47394,0,0
2,8,47395,0,0
3,1,47396,0,0
4,4,47397,0,0
5,7,47398,0,0
6,0,47399,0,0
7,7,47400,0,0
0,4,47401,0,0
1,1,47402,0,0
2,6,47403,0,0
3,7,47404,0,0
4,7,47405,0,0
5,1,47406,0,0
6,0,47407,0,0
7,0,47408,0,0
0,4,47409,0,0
1,7,47410,0,0
2,8,47411,0,0
3,1,47412,0,0
4,8,47413,0,0
5,2,47414,0,0
6,0,47415,0,0
7,0,47416,0,0
0,6,47417,0,0
1,7,47418,0,0
2,8,47419,0,0
3,1,47420,0,0
4,8,47421,0,0
5,2,47422,0,0
6,0,47423,0,0
7,0,47424,0,0
0,4,47425,0,0
1,6,47426,0,0
2,2,47427,0,0
3,1,47428,0,0
4,8,47429,0,0
5,7,47430,0,0
6,8,47431,0,0
7,0,47432,0,0
0,4,47433,0,0
1,6,47434,0,0
2,2,47435,0,0
3,1,47436,0,0
4,8,47437,0,0
5,7,47438,0,0
6,0,47439,0,0
7,0,47440,0,0
0,4,47441,0,0
1,6,47442,0,0
2,2,47443,0,0
3,1,47444,0,0
4,8,47445,0,0
5,7,47446,0,0
6,0,47447,0,0
7,0,47448,0,0
0,4,47449,0,0
1,5,47450,0,0
2,2,47451,0,0
3,1,47452,0,0
4,4,47453,0,0
5,7,47454,0,0
6,0,47455,0,0
7,0,47456,0,0
0,6,47457,0,0
1,5,47458,0,0
2,6,47459,0,0
3,1,47460,0,0
4,4,47461,0,0
5,7,47462,0,0
6,0,47463,0,0
7,0,47464,0,0
0,5,47465,0,0
1,5,47466,0,0
2,1,47467,0,0
3,1,47468,0,0
4,7,47469,0,0
5,2,47470,0,0
6,0,47471,0,0
7,0,47472,0,0
0,2,47473,0,0
1,5,47474,0,0
2,6,47475,0,0
3,1,47476,0,0
4,8,47477,0,0
5,8,47478,0,0
6,0,47479,0,0
7,4,47480,0,0
0,4,47481,0,0
1,6,47482,0,0
2,6,47483,0,0
3,1,47484,0,0
4,8,47485,0,0
5,2,47486,0,0
6,0,47487,0,0
7,4,47488,0,0
0,2,47489,0,0
1,6,47490,0,0
2,6,47491,0,0
3,1,47492,0,0
4,7,47493,0,0
5,7,47494,0,0
6,0,47495,0,0
7,4,47496,0,0
0,4,47497,0,0
1,5,47498,0,0
2,6,47499,0,0
3,1,47500,0,0
4,0,47501,0,0
5,7,47502,0,0
6,0,47503,0,0
7,4,47504,0,0
0,6,47505,0,0
1,5,47506,0,0
2,6,47507,0,0
3,1,47508,0,0
4,0,47509,0,0
5,2,47510,0,0
6,0,47511,0,0
7,4,47512,0,0
0,6,47513,0,0
1,5,47514,0,0
2,6,47515,0,0
3,8,47516,0,0
4,8,47517,0,0
5,2,47518,0,0
6,0,47519,0,0
7,4,47520,0,0
0,6,47521,0,0
1,5,47522,0,0
2,6,47523,0,0
3,8,47524,0,0
4,0,47525,0,0
5,8,47526,0,0
6,0,47527,0,0
7,4,47528,0,0
0,4,47529,0,0
1,5,47530,0,0
2,6,47531,0,0
3,8,47532,0,0
4,0,47533,0,0
5,8,47534,0,0
6,0,47535,0,0
7,4,47536,0,0
0,4,47537,0,0
1,5,47538,0,0
2,6,47539,0,0
3,8,47540,0,0
4,0,47541,0,0
5,8,47542,0,0
6,0,47543,0,0
7,4,47544,0,0
0,4,47545,0,0
1,5,47546,0,0
2,6,47547,0,0
3,8,47548,0,0
4,0,47549,0,0
5,2,47550,0,0
6,0,47551,0,0
7,4,47552,0,0
0,4,47553,0,0
1,6,47554,0,0
2,6,47555,0,0
3,8,47556,0,0
4,4,47557,0,0
5,2,47558,0,0
6,0,47559,0,0
7,4,47560,0,0
0,2,47561,0,0
1,6,47562,0,0
2,6,47563,0,0
3,8,47564,0,0
4,4,47565,0,0
5,2,47566,0,0
6,0,47567,0,0
7,4,47568,0,0
0,2,47569,0,0
1,6,47570,0,0
2,6,47571,0,0
3,1,47572,0,0
4,4,47573,0,0
5,2,47574,0,0
6,0,47575,0,0
7,4,47576,0,0
0,4,47577,0,0
1,6,47578,0,0
2,6,47579,0,0
3,1,47580,0,0
4,1,47581,0,0
5,8,47582,0,0
6,0,47583,0,0
7,4,47584,0,0
0,2,47585,0,0
1,5,47586,0,0
2,6,47587,0,0
3,1,47588,0,0
4,1,47589,0,0
5,2,47590,0,0
6,0,47591,0,0
7,4,47592,0,0
0,2,47593,0,0
1,7,47594,0,0
2,6,47595,0,0
3,1,47596,0,0
4,1,47597,0,0
5,2,47598,0,0
6,0,47599,0,0
7,4,47600,0,0
0,2,47601,0,0
1,7,47602,0,0
2,6,47603,0,0
3,1,47604,0,0
4,1,47605,0,0
5,2,47606,0,0
6,0,47607,0,0
7,4,47608,0,0
0,2,47609,0,0
1,7,47610,0,0
2,6,47611,0,0
3,1,47612,0,0
4,1,47613,0,0
5,2,47614,0,0
6,0,47615,0,0
7,1,47616,0,0
0,4,47617,0,0
1,7,47618,0,0
2,6,47619,0,0
3,1,47620,0,0
4,1,47621,0,0
5,2,47622,0,0
6,8,47623,0,0
7,0,47624,0,0
0,2,47625,0,0
1,7,47626,0,0
2,6,47627,0,0
3,1,47628,0,0
4,7,47629,0,0
5,8,47630,0,0
6,2,47631,0,0
7,0,47632,0,0
0,3,47633,0,0
1,4,47634,0,0
2,6,47635,0,0
3,1,47636,0,0
4,7,47637,0,0
5,8,47638,0,0
6,2,47639,0,0
7,7,47640,0,0
0,2,47641,0,0
1,3,47642,0,0
2,6,47643,0,0
3,1,47644,0,0
4,7,47645,0,0
5,8,47646,0,0
6,2,47647,0,0
7,7,47648,0,0
0,4,47649,0,0
1,3,47650,0,0
2,6,47651,0,0
3,1,47652,0,0
4,4,47653,0,0
5,8,47654,0,0
6,2,47655,0,0
7,7,47656,0,0
0,2,47657,0,0
1,4,47658,0,0
2,6,47659,0,0
3,1,47660,0,0
4,4,47661,0,0
5,8,47662,0,0
6,2,47663,0,0
7,7,47664,0,0
0,2,47665,0,0
1,4,47666,0,0
2,6,47667,0,0
3,1,47668,0,0
4,4,47669,0,0
5,2,47670,0,0
6,2,47671,0,0
7,7,47672,0,0
0,6,47673,0,0
1,6,47674,0,0
2,6,47675,0,0
3,8,47676,0,0
4,4,47677,0,0
5,2,47678,0,0
6,2,47679,0,0
7,7,47680,0,0
0,6,47681,0,0
1,6,47682,0,0
2,6,47683,0,0
3,8,47684,0,0
4,4,47685,0,0
5,2,47686,0,0
6,2,47687,0,0
7,7,47688,0,0
0,6,47689,0,0
1,7,47690,0,0
2,6,47691,0,0
3,8,47692,0,0
4,4,47693,0,0
5,7,47694,0,0
6,2,47695,0,0
7,3,47696,0,0
0,6,47697,0,0
1,7,47698,0,0
2,6,47699,0,0
3,8,47700,0,0
4,4,47701,0,0
5,7,47702,0,0
6,2,47703,0,0
7,4,47704,0,0
0,6,47705,0,0
1,5,47706,0,0
2,6,47707,0,0
3,1,47708,0,0
4,4,47709,0,0
5,7,47710,0,0
6,2,47711,0,0
7,4,47712,0,0
0,6,47713,0,0
1,5,47714,0,0
2,6,47715,0,0
3,1,47716,0,0
4,4,47717,0,0
5,7,47718,0,0
6,2,47719,0,0
7,4,47720,0,0
0,6,47721,0,0
1,5,47722,0,0
2,6,47723,0,0
3,1,47724,0,0
4,4,47725,0,0
5,1,47726,0,0
6,2,47727,0,0
7,4,47728,0,0
0,6,47729,0,0
1,5,47730,0,0
2,6,47731,0,0
3,3,47732,0,0
4,4,47733,0,0
5,7,47734,0,0
6,2,47735,0,0
7,5,47736,0,0
0,4,47737,0,0
1,5,47738,0,0
2,6,47739,0,0
3,3,47740,0,0
4,4,47741,0,0
5,7,47742,0,0
6,2,47743,0,0
7,1,47744,0,0
0,6,47745,0,0
1,4,47746,0,0
2,7,47747,0,0
3,3,47748,0,0
4,4,47749,0,0
5,7,47750,0,0
6,2,47751,0,0
7,1,47752,0,0
0,2,47753,0,0
1,4,47754,0,0
2,7,47755,0,0
3,3,47756,0,0
4,4,47757,0,0
5,2,47758,0,0
6,2,47759,0,0
7,1,47760,0,0
0,2,47761,0,0
1,4,47762,0,0
2,7,47763,0,0
3,3,47764,0,0
4,4,47765,0,0
5,7,47766,0,0
6,2,47767,0,0
7,1,47768,0,0
0,2,47769,0,0
1,4,47770,0,0
2,7,47771,0,0
3,3,47772,0,0
4,4,47773,0,0
5,7,47774,0,0
6,2,47775,0,0
7,2,47776,0,0
0,6,47777,0,0
1,4,47778,0,0
2,7,47779,0,0
3,3,47780,0,0
4,4,47781,0,0
5,7,47782,0,0
6,2,47783,0,0
7,2,47784,0,0
0,6,47785,0,0
1,6,47786,0,0
2,7,47787,0,0
3,3,47788,0,0
4,4,47789,0,0
5,7,47790,0,0
6,2,47791,0,0
7,2,47792,0,0
0,6,47793,0,0
1,6,47794,0,0
2,4,47795,0,0
3,3,47796,0,0
4,4,47797,0,0
5,1,47798,0,0
6,2,47799,0,0
7,2,47800,0,0
0,2,47801,0,0
1,6,47802,0,0
2,8,47803,0,0
3,3,47804,0,0
4,4,47805,0,0
5,8,47806,0,0
6,2,47807,0,0
7,2,47808,0,0
0,2,47809,0,0
1,7,47810,0,0
2,8,47811,0,0
3,1,47812,0,0
4,4,47813,0,0
5,5,47814,0,0
6,2,47815,0,0
7,2,47816,0,0
0,6,47817,0,0
1,4,47818,0,0
2,8,47819,0,0
3,5,47820,0,0
4,4,47821,0,0
5,5,47822,0,0
6,2,47823,0,0
7,2,47824,0,0
0,6,47825,0,0
1,4,47826,0,0
2,7,47827,0,0
3,7,47828,0,0
4,4,47829,0,0
5,5,47830,0,0
6,8,47831,0,0
7,2,47832,0,0
0,6,47833,0,0
1,6,47834,0,0
2,7,47835,0,0
3,8,47836,0,0
4,4,47837,0,0
5,5,47838,0,0
6,8,47839,0,0
7,2,47840,0,0
0,6,47841,0,0
1,7,47842,0,0
2,7,47843,0,0
3,7,47844,0,0
4,4,47845,0,0
5,5,47846,0,0
6,2,47847,0,0
7,7,47848,0,0
0,6,47849,0,0
1,7,47850,0,0
2,8,47851,0,0
3,7,47852,0,0
4,7,47853,0,0
5,7,47854,0,0
6,8,47855,0,0
7,7,47856,0,0
0,6,47857,0,0
1,7,47858,0,0
2,8,47859,0,0
3,7,47860,0,0
4,7,47861,0,0
5,7,47862,0,0
6,2,47863,0,0
7,7,47864,0,0
0,5,47865,0,0
1,7,47866,0,0
2,8,47867,0,0
3,5,47868,0,0
4,8,47869,0,0
5,8,47870,0,0
6,2,47871,0,0
7,6,47872,0,0
0,5,47873,0,0
1,7,47874,0,0
2,7,47875,0,0
3,1,47876,0,0
4,8,47877,0,0
5,8,47878,0,0
6,6,47879,0,0
7,7,47880,0,0
0,2,47881,0,0
1,7,47882,0,0
2,7,47883,0,0
3,1,47884,0,0
4,7,47885,0,0
5,8,47886,0,0
6,6,47887,0,0
7,1,47888,0,0
0,3,47889,0,0
1,7,47890,0,0
2,4,47891,0,0
3,2,47892,0,0
4,4,47893,0,0
5,8,47894,0,0
6,4,47895,0,0
7,2,47896,0,0
0,3,47897,0,0
1,7,47898,0,0
2,7,47899,0,0
3,3,47900,0,0
4,4,47901,0,0
5,8,47902,0,0
6,3,47903,0,0
7,2,47904,0,0
0,2,47905,0,0
1,7,47906,0,0
2,7,47907,0,0
3,2,47908,0,0
4,4,47909,0,0
5,8,47910,0,0
6,3,47911,0,0
7,2,47912,0,0
0,2,47913,0,0
1,6,47914,0,0
2,8,47915,0,0
3,2,47916,0,0
4,4,47917,0,0
5,2,47918,0,0
6,3,47919,0,0
7,2,47920,0,0
0,2,47921,0,0
1,5,47922,0,0
2,8,47923,0,0
3,2,47924,0,0
4,4,47925,0,0
5,5,47926,0,0
6,5,47927,0,0
7,1,47928,0,0
0,2,47929,0,0
1,1,47930,0,0
2,8,47931,0,0
3,1,47932,0,0
4,4,47933,0,0
5,5,47934,0,0
6,2,47935,0,0
7,7,47936,0,0
0,2,47937,0,0
1,6,47938,0,0
2,8,47939,0,0
3,1,47940,0,0
4,2,47941,0,0
5,5,47942,0,0
6,2,47943,0,0
7,7,47944,0,0
0,2,47945,0,0
1,7,47946,0,0
2,8,47947,0,0
3,1,47948,0,0
4,4,47949,0,0
5,5,47950,0,0
6,2,47951,0,0
7,5,47952,0,0
0,2,47953,0,0
1,7,47954,0,0
2,1,47955,0,0
3,6,47956,0,0
4,4,47957,0,0
5,5,47958,0,0
6,2,47959,0,0
7,7,47960,0,0
0,2,47961,0,0
1,7,47962,0,0
2,1,47963,0,0
3,1,47964,0,0
4,4,47965,0,0
5,5,47966,0,0
6,2,47967,0,0
7,7,47968,0,0
0,3,47969,0,0
1,6,47970,0,0
2,8,47971,0,0
3,1,47972,0,0
4,4,47973,0,0
5,8,47974,0,0
6,2,47975,0,0
7,7,47976,0,0
0,4,47977,0,0
1,6,47978,0,0
2,1,47979,0,0
3,1,47980,0,0
4,4,47981,0,0
5,5,47982,0,0
6,2,47983,0,0
7,3,47984,0,0
0,2,47985,0,0
1,6,47986,0,0
2,8,47987,0,0
3,2,47988,0,0
4,4,47989,0,0
5,5,47990,0,0
6,1,47991,0,0
7,3,47992,0,0
0,3,47993,0,0
1,7,47994,0,0
2,1,47995,0,0
3,0,47996,0,0
4,4,47997,0,0
5,5,47998,0,0
6,1,47999,0,0
7,4,48000,0,0
0,6,48001,0,0
1,7,48002,0,0
2,1,48003,0,0
3,0,48004,0,0
4,4,48005,0,0
5,5,48006,0,0
6,1,48007,0,0
7,4,48008,0,0
0,6,48009,0,0
1,3,48010,0,0
2,1,48011,0,0
3,7,48012,0,0
4,4,48013,0,0
5,5,48014,0,0
6,2,48015,0,0
7,5,48016,0,0
0,3,48017,0,0
1,7,48018,0,0
2,2,48019,0,0
3,7,48020,0,0
4,4,48021,0,0
5,5,48022,0,0
6,2,48023,0,0
7,2,48024,0,0
0,2,48025,0,0
1,7,48026,0,0
2,1,48027,0,0
3,7,48028,0,0
4,4,48029,0,0
5,5,48030,0,0
6,2,48031,0,0
7,2,48032,0,0
0,6,48033,0,0
1,6,48034,0,0
2,8,48035,0,0
3,7,48036,0,0
4,4,48037,0,0
5,5,48038,0,0
6,2,48039,0,0
7,1,48040,0,0
0,6,48041,0,0
1,6,48042,0,0
2,8,48043,0,0
3,7,48044,0,0
4,4,48045,0,0
5,5,48046,0,0
6,3,48047,0,0
7,1,48048,0,0
0,6,48049,0,0
1,6,48050,0,0
2,2,48051,0,0
3,7,48052,0,0
4,0,48053,0,0
5,5,48054,0,0
6,3,48055,0,0
7,1,48056,0,0
0,6,48057,0,0
1,6,48058,0,0
2,8,48059,0,0
3,7,48060,0,0
4,0,48061,0,0
5,5,48062,0,0
6,3,48063,0,0
7,4,48064,0,0
0,6,48065,0,0
1,6,48066,0,0
2,8,48067,0,0
3,7,48068,0,0
4,0,48069,0,0
5,5,48070,0,0
6,2,48071,0,0
7,2,48072,0,0
0,6,48073,0,0
1,6,48074,0,0
2,1,48075,0,0
3,7,48076,0,0
4,0,48077,0,0
5,5,48078,0,0
6,2,48079,0,0
7,4,48080,0,0
0,2,48081,0,0
1,6,48082,0,0
2,2,48083,0,0
3,0,48084,0,0
4,0,48085,0,0
5,8,48086,0,0
6,1,48087,0,0
7,4,48088,0,0
0,2,48089,0,0
1,1,48090,0,0
2,2,48091,0,0
3,0,48092,0,0
4,0,48093,0,0
5,5,48094,0,0
6,2,48095,0,0
7,4,48096,0,0
0,2,48097,0,0
1,4,48098,0,0
2,8,48099,0,0
3,0,48100,0,0
4,0,48101,0,0
5,5,48102,0,0
6,2,48103,0,0
7,4,48104,0,0
0,2,48105,0,0
1,4,48106,0,0
2,1,48107,0,0
3,0,48108,0,0
4,0,48109,0,0
5,5,48110,0,0
6,5,48111,0,0
7,3,48112,0,0
0,3,48113,0,0
1,4,48114,0,0
2,2,48115,0,0
3,0,48116,0,0
4,6,48117,0,0
5,5,48118,0,0
6,2,48119,0,0
7,4,48120,0,0
0,3,48121,0,0
1,3,48122,0,0
2,2,48123,0,0
3,0,48124,0,0
4,0,48125,0,0
5,7,48126,0,0
6,2,48127,0,0
7,3,48128,0,0
0,3,48129,0,0
1,4,48130,0,0
2,2,48131,0,0
3,0,48132,0,0
4,0,48133,0,0
5,7,48134,0,0
6,4,48135,0,0
7,4,48136,0,0
0,3,48137,0,0
1,4,48138,0,0
2,2,48139,0,0
3,0,48140,0,0
4,0,48141,0,0
5,7,48142,0,0
6,2,48143,0,0
7,3,48144,0,0
0,2,48145,0,0
1,4,48146,0,0
2,2,48147,0,0
3,0,48148,0,0
4,0,48149,0,0
5,3,48150,0,0
6,1,48151,0,0
7,3,48152,0,0
0,2,48153,0,0
1,3,48154,0,0
2,2,48155,0,0
3,0,48156,0,0
4,0,48157,0,0
5,3,48158,0,0
6,1,48159,0,0
7,4,48160,0,0
0,2,48161,0,0
1,5,48162,0,0
2,2,48163,0,0
3,0,48164,0,0
4,0,48165,0,0
5,7,48166,0,0
6,1,48167,0,0
7,3,48168,0,0
0,3,48169,0,0
1,7,48170,0,0
2,2,48171,0,0
3,0,48172,0,0
4,0,48173,0,0
5,3,48174,0,0
6,1,48175,0,0
7,4,48176,0,0
0,0,48177,0,0
1,5,48178,0,0
2,2,48179,0,0
3,0,48180,0,0
4,0,48181,0,0
5,7,48182,0,0
6,2,48183,0,0
7,4,48184,0,0
0,0,48185,0,0
1,5,48186,0,0
2,2,48187,0,0
3,0,48188,0,0
4,0,48189,0,0
5,7,48190,0,0
6,2,48191,0,0
7,3,48192,0,0
0,0,48193,0,0
1,5,48194,0,0
2,2,48195,0,0
3,0,48196,0,0
4,0,48197,0,0
5,8,48198,0,0
6,2,48199,0,0
7,3,48200,0,0
0,2,48201,0,0
1,5,48202,0,0
2,2,48203,0,0
3,0,48204,0,0
4,0,48205,0,0
5,7,48206,0,0
6,2,48207,0,0
7,4,48208,0,0
0,3,48209,0,0
1,5,48210,0,0
2,8,48211,0,0
3,0,48212,0,0
4,0,48213,0,0
5,7,48214,0,0
6,2,48215,0,0
7,4,48216,0,0
0,3,48217,0,0
1,5,48218,0,0
2,8,48219,0,0
3,0,48220,0,0
4,0,48221,0,0
5,7,48222,0,0
6,2,48223,0,0
7,4,48224,0,0
0,3,48225,0,0
1,5,48226,0,0
2,8,48227,0,0
3,0,48228,0,0
4,0,48229,0,0
5,1,48230,0,0
6,2,48231,0,0
7,4,48232,0,0
0,6,48233,0,0
1,6,48234,0,0
2,8,48235,0,0
3,0,48236,0,0
4,2,48237,0,0
5,7,48238,0,0
6,2,48239,0,0
7,4,48240,0,0
0,5,48241,0,0
1,6,48242,0,0
2,8,48243,0,0
3,0,48244,0,0
4,2,48245,0,0
5,4,48246,0,0
6,2,48247,0,0
7,4,48248,0,0
0,5,48249,0,0
1,6,48250,0,0
2,8,48251,0,0
3,0,48252,0,0
4,4,48253,0,0
5,4,48254,0,0
6,2,48255,0,0
7,1,48256,0,0
0,5,48257,0,0
1,6,48258,0,0
2,8,48259,0,0
3,0,48260,0,0
4,4,48261,0,0
5,4,48262,0,0
6,2,48263,0,0
7,4,48264,0,0
0,6,48265,0,0
1,6,48266,0,0
2,7,48267,0,0
3,0,48268,0,0
4,4,48269,0,0
5,7,48270,0,0
6,2,48271,0,0
7,3,48272,0,0
0,6,48273,0,0
1,6,48274,0,0
2,6,48275,0,0
3,0,48276,0,0
4,4,48277,0,0
5,7,48278,0,0
6,2,48279,0,0
7,4,48280,0,0
0,6,48281,0,0
1,6,48282,0,0
2,7,48283,0,0
3,0,48284,0,0
4,4,48285,0,0
5,4,48286,0,0
6,1,48287,0,0
7,1,48288,0,0
0,6,48289,0,0
1,7,48290,0,0
2,7,48291,0,0
3,0,48292,0,0
4,4,48293,0,0
5,4,48294,0,0
6,1,48295,0,0
7,1,48296,0,0
0,4,48297,0,0
1,7,48298,0,0
2,8,48299,0,0
3,7,48300,0,0
4,4,48301,0,0
5,7,48302,0,0
6,2,48303,0,0
7,1,48304,0,0
0,4,48305,0,0
1,6,48306,0,0
2,8,48307,0,0
3,7,48308,0,0
4,1,48309,0,0
5,2,48310,0,0
6,2,48311,0,0
7,7,48312,0,0
0,2,48313,0,0
1,4,48314,0,0
2,8,48315,0,0
3,0,48316,0,0
4,1,48317,0,0
5,2,48318,0,0
6,2,48319,0,0
7,6,48320,0,0
0,5,48321,0,0
1,3,48322,0,0
2,8,48323,0,0
3,0,48324,0,0
4,1,48325,0,0
5,2,48326,0,0
6,2,48327,0,0
7,6,48328,0,0
0,5,48329,0,0
1,4,48330,0,0
2,7,48331,0,0
3,7,48332,0,0
4,1,48333,0,0
5,2,48334,0,0
6,2,48335,0,0
7,6,48336,0,0
0,4,48337,0,0
1,4,48338,0,0
2,6,48339,0,0
3,1,48340,0,0
4,1,48341,0,0
5,2,48342,0,0
6,2,48343,0,0
7,5,48344,0,0
0,4,48345,0,0
1,4,48346,0,0
2,1,48347,0,0
3,0,48348,0,0
4,7,48349,0,0
5,2,48350,0,0
6,2,48351,0,0
7,5,48352,0,0
0,4,48353,0,0
1,4,48354,0,0
2,8,48355,0,0
3,0,48356,0,0
4,4,48357,0,0
5,2,48358,0,0
6,2,48359,0,0
7,4,48360,0,0
0,2,48361,0,0
1,4,48362,0,0
2,8,48363,0,0
3,0,48364,0,0
4,4,48365,0,0
5,2,48366,0,0
6,2,48367,0,0
7,5,48368,0,0
0,2,48369,0,0
1,4,48370,0,0
2,8,48371,0,0
3,1,48372,0,0
4,4,48373,0,0
5,2,48374,0,0
6,2,48375,0,0
7,5,48376,0,0
0,2,48377,0,0
1,4,48378,0,0
2,8,48379,0,0
3,1,48380,0,0
4,4,48381,0,0
5,7,48382,0,0
6,2,48383,0,0
7,5,48384,0,0
0,2,48385,0,0
1,5,48386,0,0
2,8,48387,0,0
3,3,48388,0,0
4,4,48389,0,0
5,7,48390,0,0
6,2,48391,0,0
7,5,48392,0,0
0,2,48393,0,0
1,5,48394,0,0
2,7,48395,0,0
3,3,48396,0,0
4,3,48397,0,0
5,7,48398,0,0
6,6,48399,0,0
7,4,48400,0,0
0,2,48401,0,0
1,4,48402,0,0
2,8,48403,0,0
3,3,48404,0,0
4,3,48405,0,0
5,8,48406,0,0
6,2,48407,0,0
7,6,48408,0,0
0,2,48409,0,0
1,5,48410,0,0
2,8,48411,0,0
3,3,48412,0,0
4,3,48413,0,0
5,8,48414,0,0
6,2,48415,0,0
7,6,48416,0,0
0,2,48417,0,0
1,3,48418,0,0
2,8,48419,0,0
3,3,48420,0,0
4,3,48421,0,0
5,3,48422,0,0
6,2,48423,0,0
7,6,48424,0,0
0,2,48425,0,0
1,3,48426,0,0
2,7,48427,0,0
3,3,48428,0,0
4,3,48429,0,0
5,5,48430,0,0
6,6,48431,0,0
7,6,48432,0,0
0,4,48433,0,0
1,3,48434,0,0
2,6,48435,0,0
3,3,48436,0,0
4,4,48437,0,0
5,5,48438,0,0
6,4,48439,0,0
7,4,48440,0,0
0,5,48441,0,0
1,3,48442,0,0
2,6,48443,0,0
3,3,48444,0,0
4,4,48445,0,0
5,5,48446,0,0
6,4,48447,0,0
7,4,48448,0,0
0,5,48449,0,0
1,3,48450,0,0
2,1,48451,0,0
3,3,48452,0,0
4,4,48453,0,0
5,5,48454,0,0
6,5,48455,0,0
7,4,48456,0,0
0,2,48457,0,0
1,3,48458,0,0
2,6,48459,0,0
3,3,48460,0,0
4,4,48461,0,0
5,5,48462,0,0
6,6,48463,0,0
7,4,48464,0,0
0,2,48465,0,0
1,3,48466,0,0
2,7,48467,0,0
3,3,48468,0,0
4,4,48469,0,0
5,5,48470,0,0
6,2,48471,0,0
7,6,48472,0,0
0,4,48473,0,0
1,3,48474,0,0
2,7,48475,0,0
3,3,48476,0,0
4,4,48477,0,0
5,5,48478,0,0
6,6,48479,0,0
7,4,48480,0,0
0,3,48481,0,0
1,3,48482,0,0
2,7,48483,0,0
3,3,48484,0,0
4,3,48485,0,0
5,3,48486,0,0
6,2,48487,0,0
7,3,48488,0,0
0,3,48489,0,0
1,3,48490,0,0
2,8,48491,0,0
3,3,48492,0,0
4,3,48493,0,0
5,4,48494,0,0
6,2,48495,0,0
7,1,48496,0,0
0,2,48497,0,0
1,3,48498,0,0
2,2,48499,0,0
3,3,48500,0,0
4,3,48501,0,0
5,3,48502,0,0
6,4,48503,0,0
7,2,48504,0,0
0,4,48505,0,0
1,3,48506,0,0
2,2,48507,0,0
3,3,48508,0,0
4,3,48509,0,0
5,5,48510,0,0
6,2,48511,0,0
7,1,48512,0,0
0,4,48513,0,0
1,3,48514,0,0
2,2,48515,0,0
3,3,48516,0,0
4,3,48517,0,0
5,5,48518,0,0
6,2,48519,0,0
7,1,48520,0,0
0,4,48521,0,0
1,3,48522,0,0
2,2,48523,0,0
3,3,48524,0,0
4,4,48525,0,0
5,3,48526,0,0
6,2,48527,0,0
7,1,48528,0,0
0,2,48529,0,0
1,3,48530,0,0
2,2,48531,0,0
3,3,48532,0,0
4,3,48533,0,0
5,5,48534,0,0
6,3,48535,0,0
7,1,48536,0,0
0,2,48537,0,0
1,3,48538,0,0
2,2,48539,0,0
3,3,48540,0,0
4,3,48541,0,0
5,5,48542,0,0
6,4,48543,0,0
7,1,48544,0,0
0,2,48545,0,0
1,3,48546,0,0
2,8,48547,0,0
3,3,48548,0,0
4,3,48549,0,0
5,5,48550,0,0
6,2,48551,0,0
7,2,48552,0,0
0,2,48553,0,0
1,3,48554,0,0
2,8,48555,0,0
3,3,48556,0,0
4,4,48557,0,0
5,5,48558,0,0
6,2,48559,0,0
7,2,48560,0,0
0,2,48561,0,0
1,3,48562,0,0
2,8,48563,0,0
3,3,48564,0,0
4,2,48565,0,0
5,5,48566,0,0
6,2,48567,0,0
7,2,48568,0,0
0,2,48569,0,0
1,3,48570,0,0
2,8,48571,0,0
3,0,48572,0,0
4,2,48573,0,0
5,5,48574,0,0
6,8,48575,0,0
7,2,48576,0,0
0,2,48577,0,0
1,3,48578,0,0
2,8,48579,0,0
3,0,48580,0,0
4,2,48581,0,0
5,3,48582,0,0
6,8,48583,0,0
7,2,48584,0,0
0,2,48585,0,0
1,3,48586,0,0
2,8,48587,0,0
3,1,48588,0,0
4,2,48589,0,0
5,3,48590,0,0
6,2,48591,0,0
7,2,48592,0,0
0,4,48593,0,0
1,4,48594,0,0
2,8,48595,0,0
3,8,48596,0,0
4,2,48597,0,0
5,3,48598,0,0
6,2,48599,0,0
7,2,48600,0,0
0,2,48601,0,0
1,7,48602,0,0
2,8,48603,0,0
3,1,48604,0,0
4,3,48605,0,0
5,5,48606,0,0
6,2,48607,0,0
7,3,48608,0,0
0,2,48609,0,0
1,7,48610,0,0
2,1,48611,0,0
3,8,48612,0,0
4,4,48613,0,0
5,5,48614,0,0
6,2,48615,0,0
7,3,48616,0,0
0,2,48617,0,0
1,7,48618,0,0
2,1,48619,0,0
3,0,48620,0,0
4,4,48621,0,0
5,5,48622,0,0
6,2,48623,0,0
7,3,48624,0,0
0,4,48625,0,0
1,7,48626,0,0
2,2,48627,0,0
3,0,48628,0,0
4,4,48629,0,0
5,5,48630,0,0
6,8,48631,0,0
7,3,48632,0,0
0,4,48633,0,0
1,7,48634,0,0
2,2,48635,0,0
3,0,48636,0,0
4,4,48637,0,0
5,5,48638,0,0
6,0,48639,0,0
7,3,48640,0,0
0,4,48641,0,0
1,7,48642,0,0
2,2,48643,0,0
3,0,48644,0,0
4,4,48645,0,0
5,5,48646,0,0
6,0,48647,0,0
7,3,48648,0,0
0,4,48649,0,0
1,7,48650,0,0
2,2,48651,0,0
3,7,48652,0,0
4,4,48653,0,0
5,3,48654,0,0
6,0,48655,0,0
7,1,48656,0,0
0,4,48657,0,0
1,4,48658,0,0
2,2,48659,0,0
3,7,48660,0,0
4,2,48661,0,0
5,5,48662,0,0
6,0,48663,0,0
7,3,48664,0,0
0,4,48665,0,0
1,5,48666,0,0
2,2,48667,0,0
3,7,48668,0,0
4,1,48669,0,0
5,5,48670,0,0
6,0,48671,0,0
7,3,48672,0,0
0,4,48673,0,0
1,3,48674,0,0
2,2,48675,0,0
3,7,48676,0,0
4,7,48677,0,0
5,5,48678,0,0
6,0,48679,0,0
7,3,48680,0,0
0,2,48681,0,0
1,3,48682,0,0
2,2,48683,0,0
3,7,48684,0,0
4,7,48685,0,0
5,5,48686,0,0
6,0,48687,0,0
7,1,48688,0,0
0,2,48689,0,0
1,3,48690,0,0
2,2,48691,0,0
3,0,48692,0,0
4,0,48693,0,0
5,3,48694,0,0
6,0,48695,0,0
7,1,48696,0,0
0,2,48697,0,0
1,3,48698,0,0
2,2,48699,0,0
3,0,48700,0,0
4,7,48701,0,0
5,3,48702,0,0
6,0,48703,0,0
7,1,48704,0,0
0,6,48705,0,0
1,3,48706,0,0
2,1,48707,0,0
3,0,48708,0,0
4,0,48709,0,0
5,3,48710,0,0
6,0,48711,0,0
7,1,48712,0,0
0,2,48713,0,0
1,3,48714,0,0
2,7,48715,0,0
3,0,48716,0,0
4,0,48717,0,0
5,3,48718,0,0
6,0,48719,0,0
7,5,48720,0,0
0,2,48721,0,0
1,3,48722,0,0
2,7,48723,0,0
3,0,48724,0,0
4,0,48725,0,0
5,3,48726,0,0
6,0,48727,0,0
7,5,48728,0,0
0,6,48729,0,0
1,3,48730,0,0
2,7,48731,0,0
3,0,48732,0,0
4,0,48733,0,0
5,3,48734,0,0
6,0,48735,0,0
7,7,48736,0,0
0,6,48737,0,0
1,3,48738,0,0
2,7,48739,0,0
3,0,48740,0,0
4,7,48741,0,0
5,3,48742,0,0
6,4,48743,0,0
7,4,48744,0,0
0,6,48745,0,0
1,3,48746,0,0
2,7,48747,0,0
3,0,48748,0,0
4,0,48749,0,0
5,5,48750,0,0
6,6,48751,0,0
7,3,48752,0,0
0,5,48753,0,0
1,3,48754,0,0
2,7,48755,0,0
3,0,48756,0,0
4,8,48757,0,0
5,5,48758,0,0
6,6,48759,0,0
7,1,48760,0,0
0,3,48761,0,0
1,3,48762,0,0
2,7,48763,0,0
3,0,48764,0,0
4,6,48765,0,0
5,3,48766,0,0
6,4,48767,0,0
7,1,48768,0,0
0,3,48769,0,0
1,3,48770,0,0
2,8,48771,0,0
3,0,48772,0,0
4,6,48773,0,0
5,5,48774,0,0
6,4,48775,0,0
7,6,48776,0,0
0,5,48777,0,0
1,3,48778,0,0
2,8,48779,0,0
3,0,48780,0,0
4,6,48781,0,0
5,3,48782,0,0
6,4,48783,0,0
7,6,48784,0,0
0,5,48785,0,0
1,3,48786,0,0
2,8,48787,0,0
3,0,48788,0,0
4,6,48789,0,0
5,8,48790,0,0
6,4,48791,0,0
7,6,48792,0,0
0,6,48793,0,0
1,3,48794,0,0
2,8,48795,0,0
3,0,48796,0,0
4,6,48797,0,0
5,4,48798,0,0
6,0,48799,0,0
7,6,48800,0,0
0,6,48801,0,0
1,3,48802,0,0
2,8,48803,0,0
3,0,48804,0,0
4,6,48805,0,0
5,3,48806,0,0
6,0,48807,0,0
7,7,48808,0,0
0,6,48809,0,0
1,3,48810,0,0
2,5,48811,0,0
3,7,48812,0,0
4,6,48813,0,0
5,3,48814,0,0
6,0,48815,0,0
7,0,48816,0,0
0,4,48817,0,0
1,3,48818,0,0
2,5,48819,0,0
3,7,48820,0,0
4,6,48821,0,0
5,8,48822,0,0
6,1,48823,0,0
7,3,48824,0,0
0,3,48825,0,0
1,3,48826,0,0
2,1,48827,0,0
3,1,48828,0,0
4,6,48829,0,0
5,4,48830,0,0
6,1,48831,0,0
7,3,48832,0,0
0,3,48833,0,0
1,3,48834,0,0
2,1,48835,0,0
3,1,48836,0,0
4,1,48837,0,0
5,5,48838,0,0
6,1,48839,0,0
7,5,48840,0,0
0,5,48841,0,0
1,3,48842,0,0
2,1,48843,0,0
3,1,48844,0,0
4,4,48845,0,0
5,8,48846,0,0
6,1,48847,0,0
7,5,48848,0,0
0,6,48849,0,0
1,3,48850,0,0
2,2,48851,0,0
3,1,48852,0,0
4,1,48853,0,0
5,8,48854,0,0
6,0,48855,0,0
7,1,48856,0,0
0,6,48857,0,0
1,3,48858,0,0
2,1,48859,0,0
3,1,48860,0,0
4,7,48861,0,0
5,8,48862,0,0
6,0,48863,0,0
7,1,48864,0,0
0,2,48865,0,0
1,3,48866,0,0
2,1,48867,0,0
3,1,48868,0,0
4,7,48869,0,0
5,1,48870,0,0
6,8,48871,0,0
7,1,48872,0,0
0,6,48873,0,0
1,3,48874,0,0
2,2,48875,0,0
3,1,48876,0,0
4,7,48877,0,0
5,7,48878,0,0
6,0,48879,0,0
7,1,48880,0,0
0,5,48881,0,0
1,3,48882,0,0
2,1,48883,0,0
3,1,48884,0,0
4,8,48885,0,0
5,7,48886,0,0
6,0,48887,0,0
7,1,48888,0,0
0,7,48889,0,0
1,3,48890,0,0
2,1,48891,0,0
3,1,48892,0,0
4,8,48893,0,0
5,2,48894,0,0
6,0,48895,0,0
7,1,48896,0,0
0,5,48897,0,0
1,3,48898,0,0
2,1,48899,0,0
3,1,48900,0,0
4,8,48901,0,0
5,8,48902,0,0
6,1,48903,0,0
7,1,48904,0,0
0,5,48905,0,0
1,3,48906,0,0
2,2,48907,0,0
3,1,48908,0,0
4,8,48909,0,0
5,8,48910,0,0
6,1,48911,0,0
7,1,48912,0,0
0,6,48913,0,0
1,3,48914,0,0
2,1,48915,0,0
3,1,48916,0,0
4,8,48917,0,0
5,5,48918,0,0
6,1,48919,0,0
7,1,48920,0,0
0,5,48921,0,0
1,3,48922,0,0
2,1,48923,0,0
3,1,48924,0,0
4,8,48925,0,0
5,8,48926,0,0
6,1,48927,0,0
7,1,48928,0,0
0,6,48929,0,0
1,3,48930,0,0
2,1,48931,0,0
3,3,48932,0,0
4,8,48933,0,0
5,8,48934,0,0
6,1,48935,0,0
7,1,48936,0,0
0,6,48937,0,0
1,3,48938,0,0
2,1,48939,0,0
3,1,48940,0,0
4,8,48941,0,0
5,8,48942,0,0
6,1,48943,0,0
7,1,48944,0,0
0,2,48945,0,0
1,3,48946,0,0
2,1,48947,0,0
3,2,48948,0,0
4,8,48949,0,0
5,8,48950,0,0
6,8,48951,0,0
7,1,48952,0,0
0,5,48953,0,0
1,3,48954,0,0
2,1,48955,0,0
3,3,48956,0,0
4,8,48957,0,0
5,8,48958,0,0
6,1,48959,0,0
7,1,48960,0,0
0,5,48961,0,0
1,3,48962,0,0
2,1,48963,0,0
3,3,48964,0,0
4,7,48965,0,0
5,7,48966,0,0
6,1,48967,0,0
7,1,48968,0,0
0,5,48969,0,0
1,3,48970,0,0
2,1,48971,0,0
3,3,48972,0,0
4,1,48973,0,0
5,7,48974,0,0
6,1,48975,0,0
7,1,48976,0,0
0,5,48977,0,0
1,3,48978,0,0
2,1,48979,0,0
3,2,48980,0,0
4,8,48981,0,0
5,7,48982,0,0
6,1,48983,0,0
7,1,48984,0,0
0,5,48985,0,0
1,3,48986,0,0
2,1,48987,0,0
3,0,48988,0,0
4,8,48989,0,0
5,7,48990,0,0
6,1,48991,0,0
7,1,48992,0,0
0,4,48993,0,0
1,3,48994,0,0
2,1,48995,0,0
3,0,48996,0,0
4,8,48997,0,0
5,8,48998,0,0
6,1,48999,0,0
7,1,49000,0,0
0,6,49001,0,0
1,3,49002,0,0
2,1,49003,0,0
3,0,49004,0,0
4,8,49005,0,0
5,7,49006,0,0
6,0,49007,0,0
7,1,49008,0,0
0,6,49009,0,0
1,3,49010,0,0
2,8,49011,0,0
3,1,49012,0,0
4,7,49013,0,0
5,7,49014,0,0
6,0,49015,0,0
7,1,49016,0,0
0,6,49017,0,0
1,3,49018,0,0
2,8,49019,0,0
3,1,49020,0,0
4,7,49021,0,0
5,8,49022,0,0
6,0,49023,0,0
7,1,49024,0,0
0,5,49025,0,0
1,3,49026,0,0
2,1,49027,0,0
3,1,49028,0,0
4,1,49029,0,0
5,8,49030,0,0
6,0,49031,0,0
7,1,49032,0,0
0,5,49033,0,0
1,3,49034,0,0
2,1,49035,0,0
3,1,49036,0,0
4,1,49037,0,0
5,7,49038,0,0
6,0,49039,0,0
7,1,49040,0,0
0,6,49041,0,0
1,3,49042,0,0
2,1,49043,0,0
3,1,49044,0,0
4,4,49045,0,0
5,8,49046,0,0
6,1,49047,0,0
7,1,49048,0,0
0,6,49049,0,0
1,3,49050,0,0
2,2,49051,0,0
3,1,49052,0,0
4,4,49053,0,0
5,7,49054,0,0
6,4,49055,0,0
7,1,49056,0,0
0,2,49057,0,0
1,3,49058,0,0
2,1,49059,0,0
3,1,49060,0,0
4,4,49061,0,0
5,7,49062,0,0
6,4,49063,0,0
7,1,49064,0,0
0,3,49065,0,0
1,3,49066,0,0
2,2,49067,0,0
3,1,49068,0,0
4,4,49069,0,0
5,5,49070,0,0
6,0,49071,0,0
7,1,49072,0,0
0,6,49073,0,0
1,3,49074,0,0
2,2,49075,0,0
3,1,49076,0,0
4,0,49077,0,0
5,5,49078,0,0
6,0,49079,0,0
7,1,49080,0,0
0,5,49081,0,0
1,3,49082,0,0
2,2,49083,0,0
3,1,49084,0,0
4,0,49085,0,0
5,7,49086,0,0
6,0,49087,0,0
7,1,49088,0,0
0,2,49089,0,0
1,3,49090,0,0
2,2,49091,0,0
3,1,49092,0,0
4,7,49093,0,0
5,8,49094,0,0
6,0,49095,0,0
7,1,49096,0,0
0,2,49097,0,0
1,3,49098,0,0
2,2,49099,0,0
3,1,49100,0,0
4,6,49101,0,0
5,1,49102,0,0
6,0,49103,0,0
7,1,49104,0,0
0,3,49105,0,0
1,3,49106,0,0
2,1,49107,0,0
3,1,49108,0,0
4,6,49109,0,0
5,1,49110,0,0
6,0,49111,0,0
7,1,49112,0,0
0,6,49113,0,0
1,3,49114,0,0
2,1,49115,0,0
3,1,49116,0,0
4,8,49117,0,0
5,8,49118,0,0
6,0,49119,0,0
7,1,49120,0,0
0,6,49121,0,0
1,3,49122,0,0
2,5,49123,0,0
3,1,49124,0,0
4,6,49125,0,0
5,4,49126,0,0
6,4,49127,0,0
7,1,49128,0,0
0,6,49129,0,0
1,3,49130,0,0
2,1,49131,0,0
3,1,49132,0,0
4,6,49133,0,0
5,1,49134,0,0
6,4,49135,0,0
7,1,49136,0,0
0,5,49137,0,0
1,3,49138,0,0
2,1,49139,0,0
3,1,49140,0,0
4,6,49141,0,0
5,8,49142,0,0
6,0,49143,0,0
7,1,49144,0,0
0,6,49145,0,0
1,3,49146,0,0
2,8,49147,0,0
3,1,49148,0,0
4,8,49149,0,0
5,7,49150,0,0
6,0,49151,0,0
7,1,49152,0,0
0,6,49153,0,0
1,3,49154,0,0
2,8,49155,0,0
3,1,49156,0,0
4,6,49157,0,0
5,7,49158,0,0
6,0,49159,0,0
7,1,49160,0,0
0,5,49161,0,0
1,3,49162,0,0
2,8,49163,0,0
3,1,49164,0,0
4,7,49165,0,0
5,7,49166,0,0
6,0,49167,0,0
7,1,49168,0,0
0,3,49169,0,0
1,3,49170,0,0
2,8,49171,0,0
3,1,49172,0,0
4,7,49173,0,0
5,7,49174,0,0
6,8,49175,0,0
7,1,49176,0,0
0,3,49177,0,0
1,3,49178,0,0
2,8,49179,0,0
3,1,49180,0,0
4,6,49181,0,0
5,7,49182,0,0
6,1,49183,0,0
7,1,49184,0,0
0,3,49185,0,0
1,3,49186,0,0
2,1,49187,0,0
3,1,49188,0,0
4,6,49189,0,0
5,1,49190,0,0
6,0,49191,0,0
7,1,49192,0,0
0,3,49193,0,0
1,3,49194,0,0
2,1,49195,0,0
3,0,49196,0,0
4,6,49197,0,0
5,8,49198,0,0
6,0,49199,0,0
7,5,49200,0,0
0,2,49201,0,0
1,3,49202,0,0
2,2,49203,0,0
3,0,49204,0,0
4,8,49205,0,0
5,1,49206,0,0
6,0,49207,0,0
7,7,49208,0,0
0,6,49209,0,0
1,3,49210,0,0
2,2,49211,0,0
3,0,49212,0,0
4,4,49213,0,0
5,1,49214,0,0
6,0,49215,0,0
7,7,49216,0,0
0,6,49217,0,0
1,3,49218,0,0
2,2,49219,0,0
3,0,49220,0,0
4,4,49221,0,0
5,1,49222,0,0
6,8,49223,0,0
7,7,49224,0,0
0,5,49225,0,0
1,3,49226,0,0
2,2,49227,0,0
3,6,49228,0,0
4,4,49229,0,0
5,2,49230,0,0
6,0,49231,0,0
7,5,49232,0,0
0,2,49233,0,0
1,3,49234,0,0
2,2,49235,0,0
3,1,49236,0,0
4,7,49237,0,0
5,2,49238,0,0
6,0,49239,0,0
7,7,49240,0,0
0,2,49241,0,0
1,3,49242,0,0
2,2,49243,0,0
3,1,49244,0,0
4,7,49245,0,0
5,2,49246,0,0
6,0,49247,0,0
7,7,49248,0,0
0,2,49249,0,0
1,3,49250,0,0
2,1,49251,0,0
3,2,49252,0,0
4,8,49253,0,0
5,1,49254,0,0
6,0,49255,0,0
7,5,49256,0,0
0,2,49257,0,0
1,3,49258,0,0
2,8,49259,0,0
3,3,49260,0,0
4,8,49261,0,0
5,1,49262,0,0
6,0,49263,0,0
7,1,49264,0,0
0,6,49265,0,0
1,3,49266,0,0
2,8,49267,0,0
3,3,49268,0,0
4,7,49269,0,0
5,7,49270,0,0
6,0,49271,0,0
7,4,49272,0,0
0,6,49273,0,0
1,3,49274,0,0
2,8,49275,0,0
3,3,49276,0,0
4,7,49277,0,0
5,7,49278,0,0
6,0,49279,0,0
7,3,49280,0,0
0,6,49281,0,0
1,3,49282,0,0
2,8,49283,0,0
3,2,49284,0,0
4,0,49285,0,0
5,7,49286,0,0
6,0,49287,0,0
7,3,49288,0,0
0,4,49289,0,0
1,3,49290,0,0
2,8,49291,0,0
3,1,49292,0,0
4,1,49293,0,0
5,1,49294,0,0
6,0,49295,0,0
7,3,49296,0,0
0,2,49297,0,0
1,3,49298,0,0
2,8,49299,0,0
3,7,49300,0,0
4,7,49301,0,0
5,1,49302,0,0
6,0,49303,0,0
7,3,49304,0,0
0,5,49305,0,0
1,3,49306,0,0
2,8,49307,0,0
3,1,49308,0,0
4,7,49309,0,0
5,1,49310,0,0
6,0,49311,0,0
7,1,49312,0,0
0,2,49313,0,0
1,3,49314,0,0
2,8,49315,0,0
3,1,49316,0,0
4,7,49317,0,0
5,7,49318,0,0
6,8,49319,0,0
7,1,49320,0,0
0,2,49321,0,0
1,3,49322,0,0
2,8,49323,0,0
3,1,49324,0,0
4,2,49325,0,0
5,7,49326,0,0
6,8,49327,0,0
7,7,49328,0,0
0,2,49329,0,0
1,3,49330,0,0
2,8,49331,0,0
3,8,49332,0,0
4,0,49333,0,0
5,7,49334,0,0
6,0,49335,0,0
7,7,49336,0,0
0,2,49337,0,0
1,3,49338,0,0
2,8,49339,0,0
3,5,49340,0,0
4,1,49341,0,0
5,7,49342,0,0
6,0,49343,0,0
7,7,49344,0,0
0,3,49345,0,0
1,3,49346,0,0
2,8,49347,0,0
3,5,49348,0,0
4,4,49349,0,0
5,7,49350,0,0
6,0,49351,0,0
7,7,49352,0,0
0,3,49353,0,0
1,3,49354,0,0
2,8,49355,0,0
3,1,49356,0,0
4,0,49357,0,0
5,7,49358,0,0
6,0,49359,0,0
7,5,49360,0,0
0,3,49361,0,0
1,3,49362,0,0
2,8,49363,0,0
3,1,49364,0,0
4,0,49365,0,0
5,7,49366,0,0
6,0,49367,0,0
7,4,49368,0,0
0,2,49369,0,0
1,3,49370,0,0
2,8,49371,0,0
3,1,49372,0,0
4,4,49373,0,0
5,7,49374,0,0
6,0,49375,0,0
7,2,49376,0,0
0,3,49377,0,0
1,3,49378,0,0
2,8,49379,0,0
3,1,49380,0,0
4,4,49381,0,0
5,7,49382,0,0
6,8,49383,0,0
7,7,49384,0,0
0,2,49385,0,0
1,3,49386,0,0
2,8,49387,0,0
3,1,49388,0,0
4,4,49389,0,0
5,7,49390,0,0
6,0,49391,0,0
7,7,49392,0,0
0,2,49393,0,0
1,3,49394,0,0
2,8,49395,0,0
3,1,49396,0,0
4,1,49397,0,0
5,7,49398,0,0
6,0,49399,0,0
7,7,49400,0,0
0,2,49401,0,0
1,3,49402,0,0
2,8,49403,0,0
3,1,49404,0,0
4,0,49405,0,0
5,7,49406,0,0
6,8,49407,0,0
7,7,49408,0,0
0,3,49409,0,0
1,3,49410,0,0
2,8,49411,0,0
3,8,49412,0,0
4,0,49413,0,0
5,1,49414,0,0
6,8,49415,0,0
7,7,49416,0,0
0,3,49417,0,0
1,3,49418,0,0
2,8,49419,0,0
3,1,49420,0,0
4,0,49421,0,0
5,7,49422,0,0
6,8,49423,0,0
7,7,49424,0,0
0,3,49425,0,0
1,3,49426,0,0
2,8,49427,0,0
3,1,49428,0,0
4,0,49429,0,0
5,7,49430,0,0
6,8,49431,0,0
7,7,49432,0,0
0,3,49433,0,0
1,3,49434,0,0
2,7,49435,0,0
3,1,49436,0,0
4,0,49437,0,0
5,7,49438,0,0
6,8,49439,0,0
7,7,49440,0,0
0,3,49441,0,0
1,3,49442,0,0
2,7,49443,0,0
3,1,49444,0,0
4,0,49445,0,0
5,7,49446,0,0
6,8,49447,0,0
7,7,49448,0,0
0,3,49449,0,0
1,3,49450,0,0
2,8,49451,0,0
3,0,49452,0,0
4,0,49453,0,0
5,1,49454,0,0
6,8,49455,0,0
7,0,49456,0,0
0,3,49457,0,0
1,3,49458,0,0
2,8,49459,0,0
3,0,49460,0,0
4,0,49461,0,0
5,1,49462,0,0
6,8,49463,0,0
7,4,49464,0,0
0,3,49465,0,0
1,3,49466,0,0
2,8,49467,0,0
3,0,49468,0,0
4,0,49469,0,0
5,1,49470,0,0
6,8,49471,0,0
7,3,49472,0,0
0,3,49473,0,0
1,3,49474,0,0
2,8,49475,0,0
3,0,49476,0,0
4,0,49477,0,0
5,1,49478,0,0
6,2,49479,0,0
7,4,49480,0,0
0,3,49481,0,0
1,3,49482,0,0
2,8,49483,0,0
3,0,49484,0,0
4,0,49485,0,0
5,1,49486,0,0
6,1,49487,0,0
7,1,49488,0,0
0,3,49489,0,0
1,3,49490,0,0
2,8,49491,0,0
3,0,49492,0,0
4,0,49493,0,0
5,1,49494,0,0
6,2,49495,0,0
7,0,49496,0,0
0,2,49497,0,0
1,3,49498,0,0
2,7,49499,0,0
3,0,49500,0,0
4,0,49501,0,0
5,1,49502,0,0
6,2,49503,0,0
7,0,49504,0,0
0,4,49505,0,0
1,3,49506,0,0
2,8,49507,0,0
3,0,49508,0,0
4,0,49509,0,0
5,1,49510,0,0
6,2,49511,0,0
7,0,49512,0,0
0,3,49513,0,0
1,3,49514,0,0
2,8,49515,0,0
3,0,49516,0,0
4,0,49517,0,0
5,1,49518,0,0
6,2,49519,0,0
7,0,49520,0,0
0,6,49521,0,0
1,3,49522,0,0
2,8,49523,0,0
3,0,49524,0,0
4,0,49525,0,0
5,1,49526,0,0
6,2,49527,0,0
7,0,49528,0,0
0,6,49529,0,0
1,3,49530,0,0
2,7,49531,0,0
3,0,49532,0,0
4,0,49533,0,0
5,7,49534,0,0
6,2,49535,0,0
7,0,49536,0,0
0,6,49537,0,0
1,3,49538,0,0
2,7,49539,0,0
3,0,49540,0,0
4,6,49541,0,0
5,7,49542,0,0
6,2,49543,0,0
7,0,49544,0,0
0,6,49545,0,0
1,3,49546,0,0
2,8,49547,0,0
3,0,49548,0,0
4,6,49549,0,0
5,7,49550,0,0
6,2,49551,0,0
7,0,49552,0,0
0,6,49553,0,0
1,3,49554,0,0
2,8,49555,0,0
3,0,49556,0,0
4,6,49557,0,0
5,7,49558,0,0
6,2,49559,0,0
7,7,49560,0,0
0,6,49561,0,0
1,3,49562,0,0
2,8,49563,0,0
3,0,49564,0,0
4,6,49565,0,0
5,7,49566,0,0
6,2,49567,0,0
7,5,49568,0,0
0,5,49569,0,0
1,3,49570,0,0
2,8,49571,0,0
3,0,49572,0,0
4,6,49573,0,0
5,1,49574,0,0
6,2,49575,0,0
7,5,49576,0,0
0,5,49577,0,0
1,3,49578,0,0
2,8,49579,0,0
3,7,49580,0,0
4,6,49581,0,0
5,7,49582,0,0
6,2,49583,0,0
7,7,49584,0,0
0,6,49585,0,0
1,3,49586,0,0
2,8,49587,0,0
3,6,49588,0,0
4,6,49589,0,0
5,1,49590,0,0
6,2,49591,0,0
7,7,49592,0,0
0,5,49593,0,0
1,1,49594,0,0
2,8,49595,0,0
3,8,49596,0,0
4,6,49597,0,0
5,1,49598,0,0
6,2,49599,0,0
7,0,49600,0,0
0,6,49601,0,0
1,3,49602,0,0
2,8,49603,0,0
3,7,49604,0,0
4,6,49605,0,0
5,7,49606,0,0
6,2,49607,0,0
7,0,49608,0,0
0,6,49609,0,0
1,4,49610,0,0
2,8,49611,0,0
3,7,49612,0,0
4,6,49613,0,0
5,7,49614,0,0
6,2,49615,0,0
7,0,49616,0,0
0,6,49617,0,0
1,4,49618,0,0
2,8,49619,0,0
3,1,49620,0,0
4,0,49621,0,0
5,7,49622,0,0
6,2,49623,0,0
7,0,49624,0,0
0,6,49625,0,0
1,4,49626,0,0
2,8,49627,0,0
3,1,49628,0,0
4,0,49629,0,0
5,7,49630,0,0
6,2,49631,0,0
7,0,49632,0,0
0,6,49633,0,0
1,4,49634,0,0
2,2,49635,0,0
3,7,49636,0,0
4,4,49637,0,0
5,7,49638,0,0
6,2,49639,0,0
7,7,49640,0,0
0,6,49641,0,0
1,4,49642,0,0
2,2,49643,0,0
3,1,49644,0,0
4,2,49645,0,0
5,7,49646,0,0
6,2,49647,0,0
7,7,49648,0,0
0,5,49649,0,0
1,3,49650,0,0
2,0,49651,0,0
3,1,49652,0,0
4,2,49653,0,0
5,7,49654,0,0
6,2,49655,0,0
7,7,49656,0,0
0,6,49657,0,0
1,3,49658,0,0
2,0,49659,0,0
3,1,49660,0,0
4,2,49661,0,0
5,1,49662,0,0
6,2,49663,0,0
7,7,49664,0,0
0,6,49665,0,0
1,3,49666,0,0
2,2,49667,0,0
3,1,49668,0,0
4,2,49669,0,0
5,1,49670,0,0
6,2,49671,0,0
7,2,49672,0,0
0,6,49673,0,0
1,3,49674,0,0
2,2,49675,0,0
3,1,49676,0,0
4,4,49677,0,0
5,1,49678,0,0
6,2,49679,0,0
7,0,49680,0,0
0,6,49681,0,0
1,3,49682,0,0
2,2,49683,0,0
3,1,49684,0,0
4,4,49685,0,0
5,1,49686,0,0
6,2,49687,0,0
7,2,49688,0,0
0,5,49689,0,0
1,3,49690,0,0
2,8,49691,0,0
3,1,49692,0,0
4,4,49693,0,0
5,2,49694,0,0
6,2,49695,0,0
7,4,49696,0,0
0,6,49697,0,0
1,3,49698,0,0
2,8,49699,0,0
3,3,49700,0,0
4,4,49701,0,0
5,8,49702,0,0
6,2,49703,0,0
7,4,49704,0,0
0,6,49705,0,0
1,3,49706,0,0
2,6,49707,0,0
3,3,49708,0,0
4,4,49709,0,0
5,8,49710,0,0
6,2,49711,0,0
7,2,49712,0,0
0,6,49713,0,0
1,3,49714,0,0
2,8,49715,0,0
3,3,49716,0,0
4,4,49717,0,0
5,5,49718,0,0
6,2,49719,0,0
7,2,49720,0,0
0,5,49721,0,0
1,3,49722,0,0
2,8,49723,0,0
3,3,49724,0,0
4,4,49725,0,0
5,3,49726,0,0
6,2,49727,0,0
7,4,49728,0,0
0,5,49729,0,0
1,3,49730,0,0
2,8,49731,0,0
3,1,49732,0,0
4,4,49733,0,0
5,8,49734,0,0
6,2,49735,0,0
7,4,49736,0,0
0,5,49737,0,0
1,3,49738,0,0
2,8,49739,0,0
3,1,49740,0,0
4,2,49741,0,0
5,8,49742,0,0
6,2,49743,0,0
7,4,49744,0,0
0,6,49745,0,0
1,3,49746,0,0
2,8,49747,0,0
3,8,49748,0,0
4,4,49749,0,0
5,8,49750,0,0
6,2,49751,0,0
7,4,49752,0,0
0,6,49753,0,0
1,3,49754,0,0
2,8,49755,0,0
3,8,49756,0,0
4,2,49757,0,0
5,4,49758,0,0
6,1,49759,0,0
7,7,49760,0,0
0,6,49761,0,0
1,3,49762,0,0
2,8,49763,0,0
3,8,49764,0,0
4,4,49765,0,0
5,8,49766,0,0
6,1,49767,0,0
7,4,49768,0,0
0,4,49769,0,0
1,3,49770,0,0
2,8,49771,0,0
3,8,49772,0,0
4,4,49773,0,0
5,3,49774,0,0
6,2,49775,0,0
7,4,49776,0,0
0,4,49777,0,0
1,3,49778,0,0
2,8,49779,0,0
3,8,49780,0,0
4,4,49781,0,0
5,8,49782,0,0
6,1,49783,0,0
7,5,49784,0,0
0,5,49785,0,0
1,3,49786,0,0
2,8,49787,0,0
3,8,49788,0,0
4,4,49789,0,0
5,1,49790,0,0
6,1,49791,0,0
7,7,49792,0,0
0,5,49793,0,0
1,3,49794,0,0
2,8,49795,0,0
3,8,49796,0,0
4,4,49797,0,0
5,2,49798,0,0
6,2,49799,0,0
7,0,49800,0,0
0,4,49801,0,0
1,3,49802,0,0
2,8,49803,0,0
3,8,49804,0,0
4,4,49805,0,0
5,7,49806,0,0
6,2,49807,0,0
7,0,49808,0,0
0,4,49809,0,0
1,3,49810,0,0
2,8,49811,0,0
3,1,49812,0,0
4,4,49813,0,0
5,2,49814,0,0
6,2,49815,0,0
7,0,49816,0,0
0,4,49817,0,0
1,3,49818,0,0
2,8,49819,0,0
3,1,49820,0,0
4,4,49821,0,0
5,2,49822,0,0
6,2,49823,0,0
7,0,49824,0,0
0,6,49825,0,0
1,3,49826,0,0
2,8,49827,0,0
3,1,49828,0,0
4,4,49829,0,0
5,2,49830,0,0
6,2,49831,0,0
7,0,49832,0,0
0,6,49833,0,0
1,3,49834,0,0
2,8,49835,0,0
3,8,49836,0,0
4,4,49837,0,0
5,1,49838,0,0
6,2,49839,0,0
7,7,49840,0,0
0,4,49841,0,0
1,3,49842,0,0
2,8,49843,0,0
3,8,49844,0,0
4,4,49845,0,0
5,1,49846,0,0
6,5,49847,0,0
7,0,49848,0,0
0,4,49849,0,0
1,3,49850,0,0
2,8,49851,0,0
3,1,49852,0,0
4,4,49853,0,0
5,1,49854,0,0
6,2,49855,0,0
7,0,49856,0,0
0,6,49857,0,0
1,3,49858,0,0
2,8,49859,0,0
3,1,49860,0,0
4,2,49861,0,0
5,7,49862,0,0
6,2,49863,0,0
7,0,49864,0,0
0,5,49865,0,0
1,3,49866,0,0
2,8,49867,0,0
3,8,49868,0,0
4,4,49869,0,0
5,1,49870,0,0
6,2,49871,0,0
7,7,49872,0,0
0,6,49873,0,0
1,3,49874,0,0
2,8,49875,0,0
3,1,49876,0,0
4,4,49877,0,0
5,1,49878,0,0
6,2,49879,0,0
7,7,49880,0,0
0,6,49881,0,0
1,3,49882,0,0
2,8,49883,0,0
3,8,49884,0,0
4,0,49885,0,0
5,1,49886,0,0
6,2,49887,0,0
7,7,49888,0,0
0,5,49889,0,0
1,3,49890,0,0
2,8,49891,0,0
3,8,49892,0,0
4,0,49893,0,0
5,1,49894,0,0
6,2,49895,0,0
7,7,49896,0,0
0,6,49897,0,0
1,3,49898,0,0
2,7,49899,0,0
3,8,49900,0,0
4,0,49901,0,0
5,1,49902,0,0
6,2,49903,0,0
7,7,49904,0,0
0,5,49905,0,0
1,3,49906,0,0
2,6,49907,0,0
3,8,49908,0,0
4,0,49909,0,0
5,7,49910,0,0
6,2,49911,0,0
7,7,49912,0,0
0,5,49913,0,0
1,3,49914,0,0
2,7,49915,0,0
3,8,49916,0,0
4,0,49917,0,0
5,7,49918,0,0
6,2,49919,0,0
7,0,49920,0,0
0,6,49921,0,0
1,3,49922,0,0
2,6,49923,0,0
3,8,49924,0,0
4,0,49925,0,0
5,7,49926,0,0
6,2,49927,0,0
7,0,49928,0,0
0,6,49929,0,0
1,3,49930,0,0
2,6,49931,0,0
3,8,49932,0,0
4,4,49933,0,0
5,2,49934,0,0
6,2,49935,0,0
7,2,49936,0,0
0,6,49937,0,0
1,3,49938,0,0
2,6,49939,0,0
3,1,49940,0,0
4,0,49941,0,0
5,7,49942,0,0
6,2,49943,0,0
7,0,49944,0,0
0,5,49945,0,0
1,3,49946,0,0
2,6,49947,0,0
3,1,49948,0,0
4,4,49949,0,0
5,7,49950,0,0
6,2,49951,0,0
7,7,49952,0,0
0,5,49953,0,0
1,3,49954,0,0
2,6,49955,0,0
3,1,49956,0,0
4,4,49957,0,0
5,8,49958,0,0
6,1,49959,0,0
7,7,49960,0,0
0,5,49961,0,0
1,3,49962,0,0
2,6,49963,0,0
3,1,49964,0,0
4,4,49965,0,0
5,8,49966,0,0
6,2,49967,0,0
7,4,49968,0,0
0,6,49969,0,0
1,3,49970,0,0
2,6,49971,0,0
3,1,49972,0,0
4,4,49973,0,0
5,8,49974,0,0
6,2,49975,0,0
7,4,49976,0,0
0,6,49977,0,0
1,3,49978,0,0
2,6,49979,0,0
3,1,49980,0,0
4,4,49981,0,0
5,8,49982,0,0
6,2,49983,0,0
7,4,49984,0,0
0,6,49985,0,0
1,3,49986,0,0
2,8,49987,0,0
3,1,49988,0,0
4,4,49989,0,0
5,1,49990,0,0
6,2,49991,0,0
7,4,49992,0,0
0,6,49993,0,0
1,3,49994,0,0
2,1,49995,0,0
3,1,49996,0,0
4,4,49997,0,0
5,1,49998,0,0
6,2,49999,0,0
7,2,50000,0,0
0,6,50001,0,0
1,3,50002,0,0
2,8,50003,0,0
3,1,50004,0,0
4,4,50005,0,0
5,1,50006,0,0
6,2,50007,0,0
7,2,50008,0,0
0,6,50009,0,0
1,3,50010,0,0
2,8,50011,0,0
3,1,50012,0,0
4,4,50013,0,0
5,7,50014,0,0
6,2,50015,0,0
7,2,50016,0,0
0,6,50017,0,0
1,3,50018,0,0
2,1,50019,0,0
3,8,50020,0,0
4,4,50021,0,0
5,7,50022,0,0
6,2,50023,0,0
7,3,50024,0,0
0,6,50025,0,0
1,3,50026,0,0
2,6,50027,0,0
3,7,50028,0,0
4,4,50029,0,0
5,7,50030,0,0
6,2,50031,0,0
7,4,50032,0,0
0,6,50033,0,0
1,3,50034,0,0
2,6,50035,0,0
3,1,50036,0,0
4,4,50037,0,0
5,3,50038,0,0
6,2,50039,0,0
7,4,50040,0,0
0,6,50041,0,0
1,3,50042,0,0
2,6,50043,0,0
3,1,50044,0,0
4,4,50045,0,0
5,5,50046,0,0
6,2,50047,0,0
7,4,50048,0,0
0,6,50049,0,0
1,3,50050,0,0
2,6,50051,0,0
3,1,50052,0,0
4,4,50053,0,0
5,3,50054,0,0
6,2,50055,0,0
7,4,50056,0,0
0,2,50057,0,0
1,3,50058,0,0
2,6,50059,0,0
3,1,50060,0,0
4,4,50061,0,0
5,3,50062,0,0
6,2,50063,0,0
7,4,50064,0,0
0,4,50065,0,0
1,3,50066,0,0
2,6,50067,0,0
3,1,50068,0,0
4,4,50069,0,0
5,3,50070,0,0
6,2,50071,0,0
7,4,50072,0,0
0,5,50073,0,0
1,3,50074,0,0
2,6,50075,0,0
3,1,50076,0,0
4,4,50077,0,0
5,3,50078,0,0
6,2,50079,0,0
7,4,50080,0,0
0,8,50081,0,0
1,3,50082,0,0
2,6,50083,0,0
3,1,50084,0,0
4,4,50085,0,0
5,3,50086,0,0
6,2,50087,0,0
7,4,50088,0,0
0,3,50089,0,0
1,3,50090,0,0
2,6,50091,0,0
3,1,50092,0,0
4,4,50093,0,0
5,3,50094,0,0
6,2,50095,0,0
7,4,50096,0,0
0,8,50097,0,0
1,3,50098,0,0
2,6,50099,0,0
3,6,50100,0,0
4,4,50101,0,0
5,5,50102,0,0
6,2,50103,0,0
7,4,50104,0,0
0,8,50105,0,0
1,3,50106,0,0
2,6,50107,0,0
3,6,50108,0,0
4,4,50109,0,0
5,3,50110,0,0
6,8,50111,0,0
7,4,50112,0,0
0,5,50113,0,0
1,3,50114,0,0
2,6,50115,0,0
3,6,50116,0,0
4,4,50117,0,0
5,3,50118,0,0
6,2,50119,0,0
7,1,50120,0,0
0,5,50121,0,0
1,3,50122,0,0
2,7,50123,0,0
3,5,50124,0,0
4,4,50125,0,0
5,3,50126,0,0
6,2,50127,0,0
7,1,50128,0,0
0,5,50129,0,0
1,3,50130,0,0
2,7,50131,0,0
3,5,50132,0,0
4,4,50133,0,0
5,3,50134,0,0
6,2,50135,0,0
7,1,50136,0,0
0,4,50137,0,0
1,3,50138,0,0
2,6,50139,0,0
3,5,50140,0,0
4,4,50141,0,0
5,3,50142,0,0
6,1,50143,0,0
7,1,50144,0,0
0,6,50145,0,0
1,3,50146,0,0
2,7,50147,0,0
3,5,50148,0,0
4,1,50149,0,0
5,3,50150,0,0
6,1,50151,0,0
7,1,50152,0,0
0,5,50153,0,0
1,3,50154,0,0
2,4,50155,0,0
3,6,50156,0,0
4,1,50157,0,0
5,3,50158,0,0
6,1,50159,0,0
7,1,50160,0,0
0,6,50161,0,0
1,3,50162,0,0
2,6,50163,0,0
3,6,50164,0,0
4,4,50165,0,0
5,8,50166,0,0
6,8,50167,0,0
7,1,50168,0,0
0,5,50169,0,0
1,3,50170,0,0
2,6,50171,0,0
3,5,50172,0,0
4,7,50173,0,0
5,3,50174,0,0
6,8,50175,0,0
7,1,50176,0,0
0,6,50177,0,0
1,3,50178,0,0
2,4,50179,0,0
3,5,50180,0,0
4,7,50181,0,0
5,4,50182,0,0
6,8,50183,0,0
7,1,50184,0,0
0,6,50185,0,0
1,3,50186,0,0
2,4,50187,0,0
3,1,50188,0,0
4,7,50189,0,0
5,3,50190,0,0
6,8,50191,0,0
7,1,50192,0,0
0,6,50193,0,0
1,3,50194,0,0
2,6,50195,0,0
3,1,50196,0,0
4,1,50197,0,0
5,3,50198,0,0
6,8,50199,0,0
7,1,50200,0,0
0,4,50201,0,0
1,3,50202,0,0
2,6,50203,0,0
3,1,50204,0,0
4,7,50205,0,0
5,4,50206,0,0
6,2,50207,0,0
7,1,50208,0,0
0,4,50209,0,0
1,3,50210,0,0
2,6,50211,0,0
3,1,50212,0,0
4,1,50213,0,0
5,4,50214,0,0
6,1,50215,0,0
7,3,50216,0,0
0,4,50217,0,0
1,3,50218,0,0
2,6,50219,0,0
3,1,50220,0,0
4,1,50221,0,0
5,3,50222,0,0
6,1,50223,0,0
7,2,50224,0,0
0,4,50225,0,0
1,3,50226,0,0
2,6,50227,0,0
3,1,50228,0,0
4,8,50229,0,0
5,4,50230,0,0
6,2,50231,0,0
7,3,50232,0,0
0,2,50233,0,0
1,3,50234,0,0
2,6,50235,0,0
3,1,50236,0,0
4,1,50237,0,0
5,8,50238,0,0
6,2,50239,0,0
7,4,50240,0,0
0,2,50241,0,0
1,3,50242,0,0
2,8,50243,0,0
3,6,50244,0,0
4,1,50245,0,0
5,8,50246,0,0
6,1,50247,0,0
7,1,50248,0,0
0,2,50249,0,0
1,3,50250,0,0
2,1,50251,0,0
3,3,50252,0,0
4,4,50253,0,0
5,8,50254,0,0
6,1,50255,0,0
7,1,50256,0,0
0,8,50257,0,0
1,3,50258,0,0
2,1,50259,0,0
3,3,50260,0,0
4,4,50261,0,0
5,4,50262,0,0
6,1,50263,0,0
7,1,50264,0,0
0,8,50265,0,0
1,3,50266,0,0
2,8,50267,0,0
3,3,50268,0,0
4,4,50269,0,0
5,4,50270,0,0
6,1,50271,0,0
7,1,50272,0,0
0,8,50273,0,0
1,3,50274,0,0
2,8,50275,0,0
3,3,50276,0,0
4,4,50277,0,0
5,8,50278,0,0
6,1,50279,0,0
7,1,50280,0,0
0,2,50281,0,0
1,3,50282,0,0
2,2,50283,0,0
3,3,50284,0,0
4,4,50285,0,0
5,8,50286,0,0
6,1,50287,0,0
7,1,50288,0,0
0,2,50289,0,0
1,3,50290,0,0
2,1,50291,0,0
3,3,50292,0,0
4,4,50293,0,0
5,8,50294,0,0
6,1,50295,0,0
7,1,50296,0,0
0,6,50297,0,0
1,3,50298,0,0
2,8,50299,0,0
3,3,50300,0,0
4,4,50301,0,0
5,4,50302,0,0
6,1,50303,0,0
7,4,50304,0,0
0,5,50305,0,0
1,3,50306,0,0
2,8,50307,0,0
3,1,50308,0,0
4,4,50309,0,0
5,4,50310,0,0
6,1,50311,0,0
7,4,50312,0,0
0,7,50313,0,0
1,3,50314,0,0
2,8,50315,0,0
3,1,50316,0,0
4,4,50317,0,0
5,4,50318,0,0
6,1,50319,0,0
7,4,50320,0,0
0,7,50321,0,0
1,3,50322,0,0
2,8,50323,0,0
3,1,50324,0,0
4,4,50325,0,0
5,3,50326,0,0
6,1,50327,0,0
7,4,50328,0,0
0,6,50329,0,0
1,3,50330,0,0
2,8,50331,0,0
3,1,50332,0,0
4,7,50333,0,0
5,8,50334,0,0
6,5,50335,0,0
7,4,50336,0,0
0,6,50337,0,0
1,3,50338,0,0
2,8,50339,0,0
3,6,50340,0,0
4,1,50341,0,0
5,8,50342,0,0
6,5,50343,0,0
7,3,50344,0,0
0,6,50345,0,0
1,3,50346,0,0
2,7,50347,0,0
3,6,50348,0,0
4,7,50349,0,0
5,8,50350,0,0
6,5,50351,0,0
7,4,50352,0,0
0,6,50353,0,0
1,3,50354,0,0
2,8,50355,0,0
3,8,50356,0,0
4,7,50357,0,0
5,8,50358,0,0
6,2,50359,0,0
7,4,50360,0,0
0,5,50361,0,0
1,3,50362,0,0
2,2,50363,0,0
3,6,50364,0,0
4,7,50365,0,0
5,8,50366,0,0
6,2,50367,0,0
7,5,50368,0,0
0,5,50369,0,0
1,3,50370,0,0
2,7,50371,0,0
3,5,50372,0,0
4,4,50373,0,0
5,8,50374,0,0
6,2,50375,0,0
7,5,50376,0,0
0,6,50377,0,0
1,3,50378,0,0
2,8,50379,0,0
3,5,50380,0,0
4,2,50381,0,0
5,8,50382,0,0
6,6,50383,0,0
7,5,50384,0,0
0,5,50385,0,0
1,3,50386,0,0
2,8,50387,0,0
3,7,50388,0,0
4,2,50389,0,0
5,8,50390,0,0
6,6,50391,0,0
7,5,50392,0,0
0,3,50393,0,0
1,3,50394,0,0
2,1,50395,0,0
3,7,50396,0,0
4,4,50397,0,0
5,8,50398,0,0
6,2,50399,0,0
7,1,50400,0,0
0,3,50401,0,0
1,3,50402,0,0
2,2,50403,0,0
3,7,50404,0,0
4,7,50405,0,0
5,8,50406,0,0
6,6,50407,0,0
7,1,50408,0,0
0,3,50409,0,0
1,3,50410,0,0
2,2,50411,0,0
3,1,50412,0,0
4,7,50413,0,0
5,8,50414,0,0
6,6,50415,0,0
7,1,50416,0,0
0,2,50417,0,0
1,3,50418,0,0
2,1,50419,0,0
3,1,50420,0,0
4,8,50421,0,0
5,8,50422,0,0
6,6,50423,0,0
7,1,50424,0,0
0,3,50425,0,0
1,3,50426,0,0
2,1,50427,0,0
3,1,50428,0,0
4,8,50429,0,0
5,1,50430,0,0
6,3,50431,0,0
7,1,50432,0,0
0,3,50433,0,0
1,3,50434,0,0
2,1,50435,0,0
3,1,50436,0,0
4,8,50437,0,0
5,5,50438,0,0
6,3,50439,0,0
7,1,50440,0,0
0,3,50441,0,0
1,3,50442,0,0
2,1,50443,0,0
3,8,50444,0,0
4,7,50445,0,0
5,7,50446,0,0
6,5,50447,0,0
7,6,50448,0,0
0,3,50449,0,0
1,3,50450,0,0
2,8,50451,0,0
3,1,50452,0,0
4,7,50453,0,0
5,7,50454,0,0
6,5,50455,0,0
7,6,50456,0,0
0,3,50457,0,0
1,3,50458,0,0
2,8,50459,0,0
3,1,50460,0,0
4,1,50461,0,0
5,7,50462,0,0
6,5,50463,0,0
7,6,50464,0,0
0,3,50465,0,0
1,3,50466,0,0
2,8,50467,0,0
3,8,50468,0,0
4,1,50469,0,0
5,5,50470,0,0
6,6,50471,0,0
7,6,50472,0,0
0,8,50473,0,0
1,3,50474,0,0
2,8,50475,0,0
3,8,50476,0,0
4,1,50477,0,0
5,5,50478,0,0
6,3,50479,0,0
7,7,50480,0,0
0,0,50481,0,0
1,3,50482,0,0
2,8,50483,0,0
3,8,50484,0,0
4,1,50485,0,0
5,5,50486,0,0
6,3,50487,0,0
7,7,50488,0,0
0,8,50489,0,0
1,3,50490,0,0
2,5,50491,0,0
3,1,50492,0,0
4,7,50493,0,0
5,7,50494,0,0
6,6,50495,0,0
7,7,50496,0,0
0,8,50497,0,0
1,3,50498,0,0
2,8,50499,0,0
3,1,50500,0,0
4,6,50501,0,0
5,7,50502,0,0
6,5,50503,0,0
7,7,50504,0,0
0,8,50505,0,0
1,3,50506,0,0
2,8,50507,0,0
3,1,50508,0,0
4,6,50509,0,0
5,7,50510,0,0
6,5,50511,0,0
7,7,50512,0,0
0,5,50513,0,0
1,3,50514,0,0
2,1,50515,0,0
3,1,50516,0,0
4,6,50517,0,0
5,7,50518,0,0
6,6,50519,0,0
7,4,50520,0,0
0,7,50521,0,0
1,3,50522,0,0
2,1,50523,0,0
3,1,50524,0,0
4,6,50525,0,0
5,8,50526,0,0
6,5,50527,0,0
7,7,50528,0,0
0,8,50529,0,0
1,3,50530,0,0
2,8,50531,0,0
3,1,50532,0,0
4,6,50533,0,0
5,8,50534,0,0
6,5,50535,0,0
7,5,50536,0,0
0,8,50537,0,0
1,3,50538,0,0
2,8,50539,0,0
3,1,50540,0,0
4,6,50541,0,0
5,1,50542,0,0
6,5,50543,0,0
7,6,50544,0,0
0,6,50545,0,0
1,3,50546,0,0
2,1,50547,0,0
3,1,50548,0,0
4,6,50549,0,0
5,2,50550,0,0
6,6,50551,0,0
7,6,50552,0,0
0,7,50553,0,0
1,3,50554,0,0
2,5,50555,0,0
3,1,50556,0,0
4,6,50557,0,0
5,4,50558,0,0
6,4,50559,0,0
7,6,50560,0,0
0,7,50561,0,0
1,3,50562,0,0
2,1,50563,0,0
3,8,50564,0,0
4,6,50565,0,0
5,3,50566,0,0
6,4,50567,0,0
7,0,50568,0,0
0,8,50569,0,0
1,3,50570,0,0
2,1,50571,0,0
3,1,50572,0,0
4,6,50573,0,0
5,4,50574,0,0
6,8,50575,0,0
7,0,50576,0,0
0,5,50577,0,0
1,3,50578,0,0
2,5,50579,0,0
3,1,50580,0,0
4,6,50581,0,0
5,4,50582,0,0
6,3,50583,0,0
7,7,50584,0,0
0,7,50585,0,0
1,3,50586,0,0
2,8,50587,0,0
3,8,50588,0,0
4,2,50589,0,0
5,4,50590,0,0
6,3,50591,0,0
7,4,50592,0,0
0,4,50593,0,0
1,7,50594,0,0
2,8,50595,0,0
3,8,50596,0,0
4,4,50597,0,0
5,4,50598,0,0
6,4,50599,0,0
7,4,50600,0,0
0,7,50601,0,0
1,7,50602,0,0
2,8,50603,0,0
3,1,50604,0,0
4,7,50605,0,0
5,4,50606,0,0
6,6,50607,0,0
7,4,50608,0,0
0,7,50609,0,0
1,7,50610,0,0
2,7,50611,0,0
3,6,50612,0,0
4,0,50613,0,0
5,5,50614,0,0
6,4,50615,0,0
7,4,50616,0,0
0,7,50617,0,0
1,7,50618,0,0
2,7,50619,0,0
3,6,50620,0,0
4,8,50621,0,0
5,8,50622,0,0
6,4,50623,0,0
7,4,50624,0,0
0,7,50625,0,0
1,5,50626,0,0
2,7,50627,0,0
3,6,50628,0,0
4,8,50629,0,0
5,8,50630,0,0
6,4,50631,0,0
7,6,50632,0,0
0,7,50633,0,0
1,5,50634,0,0
2,7,50635,0,0
3,6,50636,0,0
4,8,50637,0,0
5,8,50638,0,0
6,4,50639,0,0
7,6,50640,0,0
0,5,50641,0,0
1,5,50642,0,0
2,1,50643,0,0
3,7,50644,0,0
4,8,50645,0,0
5,4,50646,0,0
6,4,50647,0,0
7,6,50648,0,0
0,8,50649,0,0
1,5,50650,0,0
2,8,50651,0,0
3,7,50652,0,0
4,0,50653,0,0
5,4,50654,0,0
6,4,50655,0,0
7,4,50656,0,0
0,8,50657,0,0
1,5,50658,0,0
2,8,50659,0,0
3,1,50660,0,0
4,2,50661,0,0
5,4,50662,0,0
6,3,50663,0,0
7,4,50664,0,0
0,8,50665,0,0
1,3,50666,0,0
2,8,50667,0,0
3,1,50668,0,0
4,2,50669,0,0
5,3,50670,0,0
6,3,50671,0,0
7,2,50672,0,0
0,5,50673,0,0
1,6,50674,0,0
2,8,50675,0,0
3,1,50676,0,0
4,4,50677,0,0
5,5,50678,0,0
6,3,50679,0,0
7,6,50680,0,0
0,8,50681,0,0
1,6,50682,0,0
2,8,50683,0,0
3,1,50684,0,0
4,4,50685,0,0
5,5,50686,0,0
6,2,50687,0,0
7,2,50688,0,0
0,8,50689,0,0
1,6,50690,0,0
2,8,50691,0,0
3,1,50692,0,0
4,4,50693,0,0
5,8,50694,0,0
6,8,50695,0,0
7,5,50696,0,0
0,7,50697,0,0
1,7,50698,0,0
2,8,50699,0,0
3,1,50700,0,0
4,4,50701,0,0
5,2,50702,0,0
6,8,50703,0,0
7,4,50704,0,0
0,7,50705,0,0
1,7,50706,0,0
2,8,50707,0,0
3,1,50708,0,0
4,4,50709,0,0
5,7,50710,0,0
6,2,50711,0,0
7,5,50712,0,0
0,7,50713,0,0
1,7,50714,0,0
2,8,50715,0,0
3,8,50716,0,0
4,0,50717,0,0
5,1,50718,0,0
6,8,50719,0,0
7,5,50720,0,0
0,7,50721,0,0
1,7,50722,0,0
2,8,50723,0,0
3,1,50724,0,0
4,8,50725,0,0
5,1,50726,0,0
6,8,50727,0,0
7,7,50728,0,0
0,7,50729,0,0
1,7,50730,0,0
2,8,50731,0,0
3,1,50732,0,0
4,8,50733,0,0
5,4,50734,0,0
6,2,50735,0,0
7,7,50736,0,0
0,7,50737,0,0
1,7,50738,0,0
2,8,50739,0,0
3,8,50740,0,0
4,7,50741,0,0
5,2,50742,0,0
6,2,50743,0,0
7,7,50744,0,0
0,7,50745,0,0
1,7,50746,0,0
2,7,50747,0,0
3,8,50748,0,0
4,4,50749,0,0
5,2,50750,0,0
6,8,50751,0,0
7,7,50752,0,0
0,7,50753,0,0
1,7,50754,0,0
2,8,50755,0,0
3,1,50756,0,0
4,4,50757,0,0
5,2,50758,0,0
6,8,50759,0,0
7,0,50760,0,0
0,7,50761,0,0
1,7,50762,0,0
2,7,50763,0,0
3,1,50764,0,0
4,4,50765,0,0
5,2,50766,0,0
6,2,50767,0,0
7,0,50768,0,0
0,7,50769,0,0
1,7,50770,0,0
2,7,50771,0,0
3,1,50772,0,0
4,4,50773,0,0
5,8,50774,0,0
6,8,50775,0,0
7,0,50776,0,0
0,7,50777,0,0
1,5,50778,0,0
2,7,50779,0,0
3,1,50780,0,0
4,4,50781,0,0
5,2,50782,0,0
6,8,50783,0,0
7,0,50784,0,0
0,7,50785,0,0
1,4,50786,0,0
2,7,50787,0,0
3,1,50788,0,0
4,4,50789,0,0
5,2,50790,0,0
6,8,50791,0,0
7,0,50792,0,0
0,7,50793,0,0
1,7,50794,0,0
2,7,50795,0,0
3,1,50796,0,0
4,4,50797,0,0
5,2,50798,0,0
6,2,50799,0,0
7,0,50800,0,0
0,7,50801,0,0
1,5,50802,0,0
2,7,50803,0,0
3,1,50804,0,0
4,4,50805,0,0
5,8,50806,0,0
6,8,50807,0,0
7,0,50808,0,0
0,7,50809,0,0
1,7,50810,0,0
2,7,50811,0,0
3,7,50812,0,0
4,7,50813,0,0
5,7,50814,0,0
6,8,50815,0,0
7,7,50816,0,0
0,7,50817,0,0
1,6,50818,0,0
2,7,50819,0,0
3,8,50820,0,0
4,0,50821,0,0
5,7,50822,0,0
6,8,50823,0,0
7,0,50824,0,0
0,7,50825,0,0
1,7,50826,0,0
2,7,50827,0,0
3,0,50828,0,0
4,0,50829,0,0
5,8,50830,0,0
6,8,50831,0,0
7,0,50832,0,0
0,7,50833,0,0
1,7,50834,0,0
2,8,50835,0,0
3,0,50836,0,0
4,0,50837,0,0
5,8,50838,0,0
6,8,50839,0,0
7,0,50840,0,0
0,7,50841,0,0
1,6,50842,0,0
2,8,50843,0,0
3,0,50844,0,0
4,4,50845,0,0
5,8,50846,0,0
6,8,50847,0,0
7,0,50848,0,0
0,7,50849,0,0
1,4,50850,0,0
2,5,50851,0,0
3,0,50852,0,0
4,4,50853,0,0
5,2,50854,0,0
6,8,50855,0,0
7,0,50856,0,0
0,7,50857,0,0
1,5,50858,0,0
2,5,50859,0,0
3,0,50860,0,0
4,0,50861,0,0
5,8,50862,0,0
6,8,50863,0,0
7,0,50864,0,0
0,7,50865,0,0
1,5,50866,0,0
2,5,50867,0,0
3,0,50868,0,0
4,0,50869,0,0
5,2,50870,0,0
6,8,50871,0,0
7,0,50872,0,0
0,7,50873,0,0
1,4,50874,0,0
2,5,50875,0,0
3,0,50876,0,0
4,0,50877,0,0
5,8,50878,0,0
6,2,50879,0,0
7,0,50880,0,0
